ObjectType = Scene
NDims = 3
NObjects = 3
ObjectType = Group 
NDims = 3
ID = 0
Color = 1 0 0 1
TransformMatrix = 1 0 0 0 1 0 0 0 1
Offset = 0 0 0
CenterOfRotation = 0 0 0
ElementSpacing = 1 1 1
EndGroup = 
ObjectType = Tube
ObjectSubType = Vessel
NDims = 3
ID = 1
ParentID = 0
Color = 1 0.3 0.2 1
TransformMatrix = 1 0 0 0 1 0 0 0 1
Offset = 0 0 0
CenterOfRotation = 0 0 0
ElementSpacing = 1 1 1
PointDim = x y z r
Root = True
Artery = True
NPoints = 1001
Points =
30.000000 50.000000 0.000000 5.000000
30.001776 50.000000 0.100000 4.991000
30.007105 50.000000 0.200000 4.982000
30.015984 50.000000 0.300000 4.973000
30.028411 50.000000 0.400000 4.964000
30.044380 50.000000 0.500000 4.955000
30.063887 50.000000 0.600000 4.946000
30.086924 50.000000 0.700000 4.937000
30.113483 50.000000 0.800000 4.928000
30.143554 50.000000 0.900000 4.919000
30.177127 50.000000 1.000000 4.910000
30.214191 50.000000 1.100000 4.901000
30.254731 50.000000 1.200000 4.892000
30.298734 50.000000 1.300000 4.883000
30.346184 50.000000 1.400000 4.874000
30.397063 50.000000 1.500000 4.865000
30.451355 50.000000 1.600000 4.856000
30.509039 50.000000 1.700000 4.847000
30.570095 50.000000 1.800000 4.838000
30.634501 50.000000 1.900000 4.829000
30.702235 50.000000 2.000000 4.820000
30.773273 50.000000 2.100000 4.811000
30.847588 50.000000 2.200000 4.802000
30.925156 50.000000 2.300000 4.793000
31.005947 50.000000 2.400000 4.784000
31.089935 50.000000 2.500000 4.775000
31.177088 50.000000 2.600000 4.766000
31.267375 50.000000 2.700000 4.757000
31.360766 50.000000 2.800000 4.748000
31.457226 50.000000 2.900000 4.739000
31.556721 50.000000 3.000000 4.730000
31.659216 50.000000 3.100000 4.721000
31.764674 50.000000 3.200000 4.712000
31.873058 50.000000 3.300000 4.703000
31.984330 50.000000 3.400000 4.694000
32.098450 50.000000 3.500000 4.685000
32.215377 50.000000 3.600000 4.676000
32.335070 50.000000 3.700000 4.667000
32.457486 50.000000 3.800000 4.658000
32.582582 50.000000 3.900000 4.649000
32.710314 50.000000 4.000000 4.640000
32.840635 50.000000 4.100000 4.631000
32.973500 50.000000 4.200000 4.622000
33.108862 50.000000 4.300000 4.613000
33.246672 50.000000 4.400000 4.604000
33.386881 50.000000 4.500000 4.595000
33.529440 50.000000 4.600000 4.586000
33.674298 50.000000 4.700000 4.577000
33.821404 50.000000 4.800000 4.568000
33.970705 50.000000 4.900000 4.559000
34.122147 50.000000 5.000000 4.550000
34.275679 50.000000 5.100000 4.541000
34.431244 50.000000 5.200000 4.532000
34.588787 50.000000 5.300000 4.523000
34.748254 50.000000 5.400000 4.514000
34.909586 50.000000 5.500000 4.505000
35.072727 50.000000 5.600000 4.496000
35.237618 50.000000 5.700000 4.487000
35.404201 50.000000 5.800000 4.478000
35.572418 50.000000 5.900000 4.469000
35.742207 50.000000 6.000000 4.460000
35.913509 50.000000 6.100000 4.451000
36.086263 50.000000 6.200000 4.442000
36.260408 50.000000 6.300000 4.433000
36.435881 50.000000 6.400000 4.424000
36.612621 50.000000 6.500000 4.415000
36.790564 50.000000 6.600000 4.406000
36.969647 50.000000 6.700000 4.397000
37.149807 50.000000 6.800000 4.388000
37.330980 50.000000 6.900000 4.379000
37.513101 50.000000 7.000000 4.370000
37.696106 50.000000 7.100000 4.361000
37.879929 50.000000 7.200000 4.352000
38.064505 50.000000 7.300000 4.343000
38.249769 50.000000 7.400000 4.334000
38.435655 50.000000 7.500000 4.325000
38.622097 50.000000 7.600000 4.316000
38.809028 50.000000 7.700000 4.307000
38.996383 50.000000 7.800000 4.298000
39.184094 50.000000 7.900000 4.289000
39.372095 50.000000 8.000000 4.280000
39.560319 50.000000 8.100000 4.271000
39.748699 50.000000 8.200000 4.262000
39.937169 50.000000 8.300000 4.253000
40.125660 50.000000 8.400000 4.244000
40.314108 50.000000 8.500000 4.235000
40.502443 50.000000 8.600000 4.226000
40.690600 50.000000 8.700000 4.217000
40.878512 50.000000 8.800000 4.208000
41.066112 50.000000 8.900000 4.199000
41.253332 50.000000 9.000000 4.190000
41.440108 50.000000 9.100000 4.181000
41.626372 50.000000 9.200000 4.172000
41.812058 50.000000 9.300000 4.163000
41.997100 50.000000 9.400000 4.154000
42.181432 50.000000 9.500000 4.145000
42.364990 50.000000 9.600000 4.136000
42.547707 50.000000 9.700000 4.127000
42.729519 50.000000 9.800000 4.118000
42.910362 50.000000 9.900000 4.109000
43.090170 50.000000 10.000000 4.100000
43.268880 50.000000 10.100000 4.091000
43.446429 50.000000 10.200000 4.082000
43.622754 50.000000 10.300000 4.073000
43.797791 50.000000 10.400000 4.064000
43.971479 50.000000 10.500000 4.055000
44.143756 50.000000 10.600000 4.046000
44.314560 50.000000 10.700000 4.037000
44.483832 50.000000 10.800000 4.028000
44.651511 50.000000 10.900000 4.019000
44.817537 50.000000 11.000000 4.010000
44.981851 50.000000 11.100000 4.001000
45.144395 50.000000 11.200000 3.992000
45.305112 50.000000 11.300000 3.983000
45.463943 50.000000 11.400000 3.974000
45.620834 50.000000 11.500000 3.965000
45.775727 50.000000 11.600000 3.956000
45.928568 50.000000 11.700000 3.947000
46.079303 50.000000 11.800000 3.938000
46.227878 50.000000 11.900000 3.929000
46.374240 50.000000 12.000000 3.920000
46.518337 50.000000 12.100000 3.911000
46.660119 50.000000 12.200000 3.902000
46.799534 50.000000 12.300000 3.893000
46.936533 50.000000 12.400000 3.884000
47.071068 50.000000 12.500000 3.875000
47.203090 50.000000 12.600000 3.866000
47.332553 50.000000 12.700000 3.857000
47.459411 50.000000 12.800000 3.848000
47.583619 50.000000 12.900000 3.839000
47.705132 50.000000 13.000000 3.830000
47.823908 50.000000 13.100000 3.821000
47.939904 50.000000 13.200000 3.812000
48.053079 50.000000 13.300000 3.803000
48.163393 50.000000 13.400000 3.794000
48.270806 50.000000 13.500000 3.785000
48.375280 50.000000 13.600000 3.776000
48.476779 50.000000 13.700000 3.767000
48.575267 50.000000 13.800000 3.758000
48.670707 50.000000 13.900000 3.749000
48.763067 50.000000 14.000000 3.740000
48.852313 50.000000 14.100000 3.731000
48.938414 50.000000 14.200000 3.722000
49.021340 50.000000 14.300000 3.713000
49.101060 50.000000 14.400000 3.704000
49.177546 50.000000 14.500000 3.695000
49.250772 50.000000 14.600000 3.686000
49.320711 50.000000 14.700000 3.677000
49.387339 50.000000 14.800000 3.668000
49.450631 50.000000 14.900000 3.659000
49.510565 50.000000 15.000000 3.650000
49.567121 50.000000 15.100000 3.641000
49.620277 50.000000 15.200000 3.632000
49.670015 50.000000 15.300000 3.623000
49.716317 50.000000 15.400000 3.614000
49.759168 50.000000 15.500000 3.605000
49.798551 50.000000 15.600000 3.596000
49.834452 50.000000 15.700000 3.587000
49.866859 50.000000 15.800000 3.578000
49.895761 50.000000 15.900000 3.569000
49.921147 50.000000 16.000000 3.560000
49.943008 50.000000 16.100000 3.551000
49.961336 50.000000 16.200000 3.542000
49.976125 50.000000 16.300000 3.533000
49.987370 50.000000 16.400000 3.524000
49.995066 50.000000 16.500000 3.515000
49.999210 50.000000 16.600000 3.506000
49.999803 50.000000 16.700000 3.497000
49.996842 50.000000 16.800000 3.488000
49.990329 50.000000 16.900000 3.479000
49.980267 50.000000 17.000000 3.470000
49.966659 50.000000 17.100000 3.461000
49.949510 50.000000 17.200000 3.452000
49.928826 50.000000 17.300000 3.443000
49.904614 50.000000 17.400000 3.434000
49.876883 50.000000 17.500000 3.425000
49.845643 50.000000 17.600000 3.416000
49.810905 50.000000 17.700000 3.407000
49.772681 50.000000 17.800000 3.398000
49.730985 50.000000 17.900000 3.389000
49.685832 50.000000 18.000000 3.380000
49.637237 50.000000 18.100000 3.371000
49.585218 50.000000 18.200000 3.362000
49.529793 50.000000 18.300000 3.353000
49.470983 50.000000 18.400000 3.344000
49.408808 50.000000 18.500000 3.335000
49.343289 50.000000 18.600000 3.326000
49.274452 50.000000 18.700000 3.317000
49.202318 50.000000 18.800000 3.308000
49.126916 50.000000 18.900000 3.299000
49.048271 50.000000 19.000000 3.290000
48.966410 50.000000 19.100000 3.281000
48.881364 50.000000 19.200000 3.272000
48.793163 50.000000 19.300000 3.263000
48.701838 50.000000 19.400000 3.254000
48.607420 50.000000 19.500000 3.245000
48.509945 50.000000 19.600000 3.236000
48.409446 50.000000 19.700000 3.227000
48.305959 50.000000 19.800000 3.218000
48.199521 50.000000 19.900000 3.209000
48.090170 50.000000 20.000000 3.200000
47.977944 50.000000 20.100000 3.191000
47.862884 50.000000 20.200000 3.182000
47.745031 50.000000 20.300000 3.173000
47.624425 50.000000 20.400000 3.164000
47.501111 50.000000 20.500000 3.155000
47.375131 50.000000 20.600000 3.146000
47.246531 50.000000 20.700000 3.137000
47.115357 50.000000 20.800000 3.128000
46.981654 50.000000 20.900000 3.119000
46.845471 50.000000 21.000000 3.110000
46.706856 50.000000 21.100000 3.101000
46.565858 50.000000 21.200000 3.092000
46.422527 50.000000 21.300000 3.083000
46.276914 50.000000 21.400000 3.074000
46.129071 50.000000 21.500000 3.065000
45.979050 50.000000 21.600000 3.056000
45.826905 50.000000 21.700000 3.047000
45.672689 50.000000 21.800000 3.038000
45.516459 50.000000 21.900000 3.029000
45.358268 50.000000 22.000000 3.020000
45.198173 50.000000 22.100000 3.011000
45.036232 50.000000 22.200000 3.002000
44.872501 50.000000 22.300000 2.993000
44.707039 50.000000 22.400000 2.984000
44.539905 50.000000 22.500000 2.975000
44.371158 50.000000 22.600000 2.966000
44.200857 50.000000 22.700000 2.957000
44.029064 50.000000 22.800000 2.948000
43.855840 50.000000 22.900000 2.939000
43.681246 50.000000 23.000000 2.930000
43.505343 50.000000 23.100000 2.921000
43.328195 50.000000 23.200000 2.912000
43.149865 50.000000 23.300000 2.903000
42.970416 50.000000 23.400000 2.894000
42.789911 50.000000 23.500000 2.885000
42.608415 50.000000 23.600000 2.876000
42.425992 50.000000 23.700000 2.867000
42.242708 50.000000 23.800000 2.858000
42.058626 50.000000 23.900000 2.849000
41.873813 50.000000 24.000000 2.840000
41.688334 50.000000 24.100000 2.831000
41.502256 50.000000 24.200000 2.822000
41.315644 50.000000 24.300000 2.813000
41.128564 50.000000 24.400000 2.804000
40.941083 50.000000 24.500000 2.795000
40.753268 50.000000 24.600000 2.786000
40.565185 50.000000 24.700000 2.777000
40.376902 50.000000 24.800000 2.768000
40.188484 50.000000 24.900000 2.759000
40.000000 50.000000 25.000000 2.750000
39.811516 50.000000 25.100000 2.741000
39.623098 50.000000 25.200000 2.732000
39.434815 50.000000 25.300000 2.723000
39.246732 50.000000 25.400000 2.714000
39.058917 50.000000 25.500000 2.705000
38.871436 50.000000 25.600000 2.696000
38.684356 50.000000 25.700000 2.687000
38.497744 50.000000 25.800000 2.678000
38.311666 50.000000 25.900000 2.669000
38.126187 50.000000 26.000000 2.660000
37.941374 50.000000 26.100000 2.651000
37.757292 50.000000 26.200000 2.642000
37.574008 50.000000 26.300000 2.633000
37.391585 50.000000 26.400000 2.624000
37.210089 50.000000 26.500000 2.615000
37.029584 50.000000 26.600000 2.606000
36.850135 50.000000 26.700000 2.597000
36.671805 50.000000 26.800000 2.588000
36.494657 50.000000 26.900000 2.579000
36.318754 50.000000 27.000000 2.570000
36.144160 50.000000 27.100000 2.561000
35.970936 50.000000 27.200000 2.552000
35.799143 50.000000 27.300000 2.543000
35.628842 50.000000 27.400000 2.534000
35.460095 50.000000 27.500000 2.525000
35.292961 50.000000 27.600000 2.516000
35.127499 50.000000 27.700000 2.507000
34.963768 50.000000 27.800000 2.498000
34.801827 50.000000 27.900000 2.489000
34.641732 50.000000 28.000000 2.480000
34.483541 50.000000 28.100000 2.471000
34.327311 50.000000 28.200000 2.462000
34.173095 50.000000 28.300000 2.453000
34.020950 50.000000 28.400000 2.444000
33.870929 50.000000 28.500000 2.435000
33.723086 50.000000 28.600000 2.426000
33.577473 50.000000 28.700000 2.417000
33.434142 50.000000 28.800000 2.408000
33.293144 50.000000 28.900000 2.399000
33.154529 50.000000 29.000000 2.390000
33.018346 50.000000 29.100000 2.381000
32.884643 50.000000 29.200000 2.372000
32.753469 50.000000 29.300000 2.363000
32.624869 50.000000 29.400000 2.354000
32.498889 50.000000 29.500000 2.345000
32.375575 50.000000 29.600000 2.336000
32.254969 50.000000 29.700000 2.327000
32.137116 50.000000 29.800000 2.318000
32.022056 50.000000 29.900000 2.309000
31.909830 50.000000 30.000000 2.300000
31.800479 50.000000 30.100000 2.291000
31.694041 50.000000 30.200000 2.282000
31.590554 50.000000 30.300000 2.273000
31.490055 50.000000 30.400000 2.264000
31.392580 50.000000 30.500000 2.255000
31.298162 50.000000 30.600000 2.246000
31.206837 50.000000 30.700000 2.237000
31.118636 50.000000 30.800000 2.228000
31.033590 50.000000 30.900000 2.219000
30.951729 50.000000 31.000000 2.210000
30.873084 50.000000 31.100000 2.201000
30.797682 50.000000 31.200000 2.192000
30.725548 50.000000 31.300000 2.183000
30.656711 50.000000 31.400000 2.174000
30.591192 50.000000 31.500000 2.165000
30.529017 50.000000 31.600000 2.156000
30.470207 50.000000 31.700000 2.147000
30.414782 50.000000 31.800000 2.138000
30.362763 50.000000 31.900000 2.129000
30.314168 50.000000 32.000000 2.120000
30.269015 50.000000 32.100000 2.111000
30.227319 50.000000 32.200000 2.102000
30.189095 50.000000 32.300000 2.093000
30.154357 50.000000 32.400000 2.084000
30.123117 50.000000 32.500000 2.075000
30.095386 50.000000 32.600000 2.066000
30.071174 50.000000 32.700000 2.057000
30.050490 50.000000 32.800000 2.048000
30.033341 50.000000 32.900000 2.039000
30.019733 50.000000 33.000000 2.030000
30.009671 50.000000 33.100000 2.021000
30.003158 50.000000 33.200000 2.012000
30.000197 50.000000 33.300000 2.003000
30.000790 50.000000 33.400000 1.994000
30.004934 50.000000 33.500000 1.985000
30.012630 50.000000 33.600000 1.976000
30.023875 50.000000 33.700000 1.967000
30.038664 50.000000 33.800000 1.958000
30.056992 50.000000 33.900000 1.949000
30.078853 50.000000 34.000000 1.940000
30.104239 50.000000 34.100000 1.931000
30.133141 50.000000 34.200000 1.922000
30.165548 50.000000 34.300000 1.913000
30.201449 50.000000 34.400000 1.904000
30.240832 50.000000 34.500000 1.895000
30.283683 50.000000 34.600000 1.886000
30.329985 50.000000 34.700000 1.877000
30.379723 50.000000 34.800000 1.868000
30.432879 50.000000 34.900000 1.859000
30.489435 50.000000 35.000000 1.850000
30.549369 50.000000 35.100000 1.841000
30.612661 50.000000 35.200000 1.832000
30.679289 50.000000 35.300000 1.823000
30.749228 50.000000 35.400000 1.814000
30.822454 50.000000 35.500000 1.805000
30.898940 50.000000 35.600000 1.796000
30.978660 50.000000 35.700000 1.787000
31.061586 50.000000 35.800000 1.778000
31.147687 50.000000 35.900000 1.769000
31.236933 50.000000 36.000000 1.760000
31.329293 50.000000 36.100000 1.751000
31.424733 50.000000 36.200000 1.742000
31.523221 50.000000 36.300000 1.733000
31.624720 50.000000 36.400000 1.724000
31.729194 50.000000 36.500000 1.715000
31.836607 50.000000 36.600000 1.706000
31.946921 50.000000 36.700000 1.697000
32.060096 50.000000 36.800000 1.688000
32.176092 50.000000 36.900000 1.679000
32.294868 50.000000 37.000000 1.670000
32.416381 50.000000 37.100000 1.661000
32.540589 50.000000 37.200000 1.652000
32.667447 50.000000 37.300000 1.643000
32.796910 50.000000 37.400000 1.634000
32.928932 50.000000 37.500000 1.625000
33.063467 50.000000 37.600000 1.616000
33.200466 50.000000 37.700000 1.607000
33.339881 50.000000 37.800000 1.598000
33.481663 50.000000 37.900000 1.589000
33.625760 50.000000 38.000000 1.580000
33.772122 50.000000 38.100000 1.571000
33.920697 50.000000 38.200000 1.562000
34.071432 50.000000 38.300000 1.553000
34.224273 50.000000 38.400000 1.544000
34.379166 50.000000 38.500000 1.535000
34.536057 50.000000 38.600000 1.526000
34.694888 50.000000 38.700000 1.517000
34.855605 50.000000 38.800000 1.508000
35.018149 50.000000 38.900000 1.499000
35.182463 50.000000 39.000000 1.490000
35.348489 50.000000 39.100000 1.481000
35.516168 50.000000 39.200000 1.472000
35.685440 50.000000 39.300000 1.463000
35.856244 50.000000 39.400000 1.454000
36.028521 50.000000 39.500000 1.445000
36.202209 50.000000 39.600000 1.436000
36.377246 50.000000 39.700000 1.427000
36.553571 50.000000 39.800000 1.418000
36.731120 50.000000 39.900000 1.409000
36.909830 50.000000 40.000000 1.400000
37.089638 50.000000 40.100000 1.391000
37.270481 50.000000 40.200000 1.382000
37.452293 50.000000 40.300000 1.373000
37.635010 50.000000 40.400000 1.364000
37.818568 50.000000 40.500000 1.355000
38.002900 50.000000 40.600000 1.346000
38.187942 50.000000 40.700000 1.337000
38.373628 50.000000 40.800000 1.328000
38.559892 50.000000 40.900000 1.319000
38.746668 50.000000 41.000000 1.310000
38.933888 50.000000 41.100000 1.301000
39.121488 50.000000 41.200000 1.292000
39.309400 50.000000 41.300000 1.283000
39.497557 50.000000 41.400000 1.274000
39.685892 50.000000 41.500000 1.265000
39.874340 50.000000 41.600000 1.256000
40.062831 50.000000 41.700000 1.247000
40.251301 50.000000 41.800000 1.238000
40.439681 50.000000 41.900000 1.229000
40.627905 50.000000 42.000000 1.220000
40.815906 50.000000 42.100000 1.211000
41.003617 50.000000 42.200000 1.202000
41.190972 50.000000 42.300000 1.193000
41.377903 50.000000 42.400000 1.184000
41.564345 50.000000 42.500000 1.175000
41.750231 50.000000 42.600000 1.166000
41.935495 50.000000 42.700000 1.157000
42.120071 50.000000 42.800000 1.148000
42.303894 50.000000 42.900000 1.139000
42.486899 50.000000 43.000000 1.130000
42.669020 50.000000 43.100000 1.121000
42.850193 50.000000 43.200000 1.112000
43.030353 50.000000 43.300000 1.103000
43.209436 50.000000 43.400000 1.094000
43.387379 50.000000 43.500000 1.085000
43.564119 50.000000 43.600000 1.076000
43.739592 50.000000 43.700000 1.067000
43.913737 50.000000 43.800000 1.058000
44.086491 50.000000 43.900000 1.049000
44.257793 50.000000 44.000000 1.040000
44.427582 50.000000 44.100000 1.031000
44.595799 50.000000 44.200000 1.022000
44.762382 50.000000 44.300000 1.013000
44.927273 50.000000 44.400000 1.004000
45.090414 50.000000 44.500000 0.995000
45.251746 50.000000 44.600000 0.986000
45.411213 50.000000 44.700000 0.977000
45.568756 50.000000 44.800000 0.968000
45.724321 50.000000 44.900000 0.959000
45.877853 50.000000 45.000000 0.950000
46.029295 50.000000 45.100000 0.941000
46.178596 50.000000 45.200000 0.932000
46.325702 50.000000 45.300000 0.923000
46.470560 50.000000 45.400000 0.914000
46.613119 50.000000 45.500000 0.905000
46.753328 50.000000 45.600000 0.896000
46.891138 50.000000 45.700000 0.887000
47.026500 50.000000 45.800000 0.878000
47.159365 50.000000 45.900000 0.869000
47.289686 50.000000 46.000000 0.860000
47.417418 50.000000 46.100000 0.851000
47.542514 50.000000 46.200000 0.842000
47.664930 50.000000 46.300000 0.833000
47.784623 50.000000 46.400000 0.824000
47.901550 50.000000 46.500000 0.815000
48.015670 50.000000 46.600000 0.806000
48.126942 50.000000 46.700000 0.797000
48.235326 50.000000 46.800000 0.788000
48.340784 50.000000 46.900000 0.779000
48.443279 50.000000 47.000000 0.770000
48.542774 50.000000 47.100000 0.761000
48.639234 50.000000 47.200000 0.752000
48.732625 50.000000 47.300000 0.743000
48.822912 50.000000 47.400000 0.734000
48.910065 50.000000 47.500000 0.725000
48.994053 50.000000 47.600000 0.716000
49.074844 50.000000 47.700000 0.707000
49.152412 50.000000 47.800000 0.698000
49.226727 50.000000 47.900000 0.689000
49.297765 50.000000 48.000000 0.680000
49.365499 50.000000 48.100000 0.671000
49.429905 50.000000 48.200000 0.662000
49.490961 50.000000 48.300000 0.653000
49.548645 50.000000 48.400000 0.644000
49.602937 50.000000 48.500000 0.635000
49.653816 50.000000 48.600000 0.626000
49.701266 50.000000 48.700000 0.617000
49.745269 50.000000 48.800000 0.608000
49.785809 50.000000 48.900000 0.599000
49.822873 50.000000 49.000000 0.590000
49.856446 50.000000 49.100000 0.581000
49.886517 50.000000 49.200000 0.572000
49.913076 50.000000 49.300000 0.563000
49.936113 50.000000 49.400000 0.554000
49.955620 50.000000 49.500000 0.545000
49.971589 50.000000 49.600000 0.536000
49.984016 50.000000 49.700000 0.527000
49.992895 50.000000 49.800000 0.518000
49.998224 50.000000 49.900000 0.509000
50.000000 50.500000 50.000000 0.500000
49.998224 50.550000 50.100000 0.509000
49.992895 50.600000 50.200000 0.518000
49.984016 50.650000 50.300000 0.527000
49.971589 50.700000 50.400000 0.536000
49.955620 50.750000 50.500000 0.545000
49.936113 50.800000 50.600000 0.554000
49.913076 50.850000 50.700000 0.563000
49.886517 50.900000 50.800000 0.572000
49.856446 50.950000 50.900000 0.581000
49.822873 51.000000 51.000000 0.590000
49.785809 51.050000 51.100000 0.599000
49.745269 51.100000 51.200000 0.608000
49.701266 51.150000 51.300000 0.617000
49.653816 51.200000 51.400000 0.626000
49.602937 51.250000 51.500000 0.635000
49.548645 51.300000 51.600000 0.644000
49.490961 51.350000 51.700000 0.653000
49.429905 51.400000 51.800000 0.662000
49.365499 51.450000 51.900000 0.671000
49.297765 51.500000 52.000000 0.680000
49.226727 51.550000 52.100000 0.689000
49.152412 51.600000 52.200000 0.698000
49.074844 51.650000 52.300000 0.707000
48.994053 51.700000 52.400000 0.716000
48.910065 51.750000 52.500000 0.725000
48.822912 51.800000 52.600000 0.734000
48.732625 51.850000 52.700000 0.743000
48.639234 51.900000 52.800000 0.752000
48.542774 51.950000 52.900000 0.761000
48.443279 52.000000 53.000000 0.770000
48.340784 52.050000 53.100000 0.779000
48.235326 52.100000 53.200000 0.788000
48.126942 52.150000 53.300000 0.797000
48.015670 52.200000 53.400000 0.806000
47.901550 52.250000 53.500000 0.815000
47.784623 52.300000 53.600000 0.824000
47.664930 52.350000 53.700000 0.833000
47.542514 52.400000 53.800000 0.842000
47.417418 52.450000 53.900000 0.851000
47.289686 52.500000 54.000000 0.860000
47.159365 52.550000 54.100000 0.869000
47.026500 52.600000 54.200000 0.878000
46.891138 52.650000 54.300000 0.887000
46.753328 52.700000 54.400000 0.896000
46.613119 52.750000 54.500000 0.905000
46.470560 52.800000 54.600000 0.914000
46.325702 52.850000 54.700000 0.923000
46.178596 52.900000 54.800000 0.932000
46.029295 52.950000 54.900000 0.941000
45.877853 53.000000 55.000000 0.950000
45.724321 53.050000 55.100000 0.959000
45.568756 53.100000 55.200000 0.968000
45.411213 53.150000 55.300000 0.977000
45.251746 53.200000 55.400000 0.986000
45.090414 53.250000 55.500000 0.995000
44.927273 53.300000 55.600000 1.004000
44.762382 53.350000 55.700000 1.013000
44.595799 53.400000 55.800000 1.022000
44.427582 53.450000 55.900000 1.031000
44.257793 53.500000 56.000000 1.040000
44.086491 53.550000 56.100000 1.049000
43.913737 53.600000 56.200000 1.058000
43.739592 53.650000 56.300000 1.067000
43.564119 53.700000 56.400000 1.076000
43.387379 53.750000 56.500000 1.085000
43.209436 53.800000 56.600000 1.094000
43.030353 53.850000 56.700000 1.103000
42.850193 53.900000 56.800000 1.112000
42.669020 53.950000 56.900000 1.121000
42.486899 54.000000 57.000000 1.130000
42.303894 54.050000 57.100000 1.139000
42.120071 54.100000 57.200000 1.148000
41.935495 54.150000 57.300000 1.157000
41.750231 54.200000 57.400000 1.166000
41.564345 54.250000 57.500000 1.175000
41.377903 54.300000 57.600000 1.184000
41.190972 54.350000 57.700000 1.193000
41.003617 54.400000 57.800000 1.202000
40.815906 54.450000 57.900000 1.211000
40.627905 54.500000 58.000000 1.220000
40.439681 54.550000 58.100000 1.229000
40.251301 54.600000 58.200000 1.238000
40.062831 54.650000 58.300000 1.247000
39.874340 54.700000 58.400000 1.256000
39.685892 54.750000 58.500000 1.265000
39.497557 54.800000 58.600000 1.274000
39.309400 54.850000 58.700000 1.283000
39.121488 54.900000 58.800000 1.292000
38.933888 54.950000 58.900000 1.301000
38.746668 55.000000 59.000000 1.310000
38.559892 55.050000 59.100000 1.319000
38.373628 55.100000 59.200000 1.328000
38.187942 55.150000 59.300000 1.337000
38.002900 55.200000 59.400000 1.346000
37.818568 55.250000 59.500000 1.355000
37.635010 55.300000 59.600000 1.364000
37.452293 55.350000 59.700000 1.373000
37.270481 55.400000 59.800000 1.382000
37.089638 55.450000 59.900000 1.391000
36.909830 55.500000 60.000000 1.400000
36.731120 55.550000 60.100000 1.409000
36.553571 55.600000 60.200000 1.418000
36.377246 55.650000 60.300000 1.427000
36.202209 55.700000 60.400000 1.436000
36.028521 55.750000 60.500000 1.445000
35.856244 55.800000 60.600000 1.454000
35.685440 55.850000 60.700000 1.463000
35.516168 55.900000 60.800000 1.472000
35.348489 55.950000 60.900000 1.481000
35.182463 56.000000 61.000000 1.490000
35.018149 56.050000 61.100000 1.499000
34.855605 56.100000 61.200000 1.508000
34.694888 56.150000 61.300000 1.517000
34.536057 56.200000 61.400000 1.526000
34.379166 56.250000 61.500000 1.535000
34.224273 56.300000 61.600000 1.544000
34.071432 56.350000 61.700000 1.553000
33.920697 56.400000 61.800000 1.562000
33.772122 56.450000 61.900000 1.571000
33.625760 56.500000 62.000000 1.580000
33.481663 56.550000 62.100000 1.589000
33.339881 56.600000 62.200000 1.598000
33.200466 56.650000 62.300000 1.607000
33.063467 56.700000 62.400000 1.616000
32.928932 56.750000 62.500000 1.625000
32.796910 56.800000 62.600000 1.634000
32.667447 56.850000 62.700000 1.643000
32.540589 56.900000 62.800000 1.652000
32.416381 56.950000 62.900000 1.661000
32.294868 57.000000 63.000000 1.670000
32.176092 57.050000 63.100000 1.679000
32.060096 57.100000 63.200000 1.688000
31.946921 57.150000 63.300000 1.697000
31.836607 57.200000 63.400000 1.706000
31.729194 57.250000 63.500000 1.715000
31.624720 57.300000 63.600000 1.724000
31.523221 57.350000 63.700000 1.733000
31.424733 57.400000 63.800000 1.742000
31.329293 57.450000 63.900000 1.751000
31.236933 57.500000 64.000000 1.760000
31.147687 57.550000 64.100000 1.769000
31.061586 57.600000 64.200000 1.778000
30.978660 57.650000 64.300000 1.787000
30.898940 57.700000 64.400000 1.796000
30.822454 57.750000 64.500000 1.805000
30.749228 57.800000 64.600000 1.814000
30.679289 57.850000 64.700000 1.823000
30.612661 57.900000 64.800000 1.832000
30.549369 57.950000 64.900000 1.841000
30.489435 58.000000 65.000000 1.850000
30.432879 58.050000 65.100000 1.859000
30.379723 58.100000 65.200000 1.868000
30.329985 58.150000 65.300000 1.877000
30.283683 58.200000 65.400000 1.886000
30.240832 58.250000 65.500000 1.895000
30.201449 58.300000 65.600000 1.904000
30.165548 58.350000 65.700000 1.913000
30.133141 58.400000 65.800000 1.922000
30.104239 58.450000 65.900000 1.931000
30.078853 58.500000 66.000000 1.940000
30.056992 58.550000 66.100000 1.949000
30.038664 58.600000 66.200000 1.958000
30.023875 58.650000 66.300000 1.967000
30.012630 58.700000 66.400000 1.976000
30.004934 58.750000 66.500000 1.985000
30.000790 58.800000 66.600000 1.994000
30.000197 58.850000 66.700000 2.003000
30.003158 58.900000 66.800000 2.012000
30.009671 58.950000 66.900000 2.021000
30.019733 59.000000 67.000000 2.030000
30.033341 59.050000 67.100000 2.039000
30.050490 59.100000 67.200000 2.048000
30.071174 59.150000 67.300000 2.057000
30.095386 59.200000 67.400000 2.066000
30.123117 59.250000 67.500000 2.075000
30.154357 59.300000 67.600000 2.084000
30.189095 59.350000 67.700000 2.093000
30.227319 59.400000 67.800000 2.102000
30.269015 59.450000 67.900000 2.111000
30.314168 59.500000 68.000000 2.120000
30.362763 59.550000 68.100000 2.129000
30.414782 59.600000 68.200000 2.138000
30.470207 59.650000 68.300000 2.147000
30.529017 59.700000 68.400000 2.156000
30.591192 59.750000 68.500000 2.165000
30.656711 59.800000 68.600000 2.174000
30.725548 59.850000 68.700000 2.183000
30.797682 59.900000 68.800000 2.192000
30.873084 59.950000 68.900000 2.201000
30.951729 60.000000 69.000000 2.210000
31.033590 60.050000 69.100000 2.219000
31.118636 60.100000 69.200000 2.228000
31.206837 60.150000 69.300000 2.237000
31.298162 60.200000 69.400000 2.246000
31.392580 60.250000 69.500000 2.255000
31.490055 60.300000 69.600000 2.264000
31.590554 60.350000 69.700000 2.273000
31.694041 60.400000 69.800000 2.282000
31.800479 60.450000 69.900000 2.291000
31.909830 60.500000 70.000000 2.300000
32.022056 60.550000 70.100000 2.309000
32.137116 60.600000 70.200000 2.318000
32.254969 60.650000 70.300000 2.327000
32.375575 60.700000 70.400000 2.336000
32.498889 60.750000 70.500000 2.345000
32.624869 60.800000 70.600000 2.354000
32.753469 60.850000 70.700000 2.363000
32.884643 60.900000 70.800000 2.372000
33.018346 60.950000 70.900000 2.381000
33.154529 61.000000 71.000000 2.390000
33.293144 61.050000 71.100000 2.399000
33.434142 61.100000 71.200000 2.408000
33.577473 61.150000 71.300000 2.417000
33.723086 61.200000 71.400000 2.426000
33.870929 61.250000 71.500000 2.435000
34.020950 61.300000 71.600000 2.444000
34.173095 61.350000 71.700000 2.453000
34.327311 61.400000 71.800000 2.462000
34.483541 61.450000 71.900000 2.471000
34.641732 61.500000 72.000000 2.480000
34.801827 61.550000 72.100000 2.489000
34.963768 61.600000 72.200000 2.498000
35.127499 61.650000 72.300000 2.507000
35.292961 61.700000 72.400000 2.516000
35.460095 61.750000 72.500000 2.525000
35.628842 61.800000 72.600000 2.534000
35.799143 61.850000 72.700000 2.543000
35.970936 61.900000 72.800000 2.552000
36.144160 61.950000 72.900000 2.561000
36.318754 62.000000 73.000000 2.570000
36.494657 62.050000 73.100000 2.579000
36.671805 62.100000 73.200000 2.588000
36.850135 62.150000 73.300000 2.597000
37.029584 62.200000 73.400000 2.606000
37.210089 62.250000 73.500000 2.615000
37.391585 62.300000 73.600000 2.624000
37.574008 62.350000 73.700000 2.633000
37.757292 62.400000 73.800000 2.642000
37.941374 62.450000 73.900000 2.651000
38.126187 62.500000 74.000000 2.660000
38.311666 62.550000 74.100000 2.669000
38.497744 62.600000 74.200000 2.678000
38.684356 62.650000 74.300000 2.687000
38.871436 62.700000 74.400000 2.696000
39.058917 62.750000 74.500000 2.705000
39.246732 62.800000 74.600000 2.714000
39.434815 62.850000 74.700000 2.723000
39.623098 62.900000 74.800000 2.732000
39.811516 62.950000 74.900000 2.741000
40.000000 63.000000 75.000000 2.750000
40.188484 63.050000 75.100000 2.759000
40.376902 63.100000 75.200000 2.768000
40.565185 63.150000 75.300000 2.777000
40.753268 63.200000 75.400000 2.786000
40.941083 63.250000 75.500000 2.795000
41.128564 63.300000 75.600000 2.804000
41.315644 63.350000 75.700000 2.813000
41.502256 63.400000 75.800000 2.822000
41.688334 63.450000 75.900000 2.831000
41.873813 63.500000 76.000000 2.840000
42.058626 63.550000 76.100000 2.849000
42.242708 63.600000 76.200000 2.858000
42.425992 63.650000 76.300000 2.867000
42.608415 63.700000 76.400000 2.876000
42.789911 63.750000 76.500000 2.885000
42.970416 63.800000 76.600000 2.894000
43.149865 63.850000 76.700000 2.903000
43.328195 63.900000 76.800000 2.912000
43.505343 63.950000 76.900000 2.921000
43.681246 64.000000 77.000000 2.930000
43.855840 64.050000 77.100000 2.939000
44.029064 64.100000 77.200000 2.948000
44.200857 64.150000 77.300000 2.957000
44.371158 64.200000 77.400000 2.966000
44.539905 64.250000 77.500000 2.975000
44.707039 64.300000 77.600000 2.984000
44.872501 64.350000 77.700000 2.993000
45.036232 64.400000 77.800000 3.002000
45.198173 64.450000 77.900000 3.011000
45.358268 64.500000 78.000000 3.020000
45.516459 64.550000 78.100000 3.029000
45.672689 64.600000 78.200000 3.038000
45.826905 64.650000 78.300000 3.047000
45.979050 64.700000 78.400000 3.056000
46.129071 64.750000 78.500000 3.065000
46.276914 64.800000 78.600000 3.074000
46.422527 64.850000 78.700000 3.083000
46.565858 64.900000 78.800000 3.092000
46.706856 64.950000 78.900000 3.101000
46.845471 65.000000 79.000000 3.110000
46.981654 65.050000 79.100000 3.119000
47.115357 65.100000 79.200000 3.128000
47.246531 65.150000 79.300000 3.137000
47.375131 65.200000 79.400000 3.146000
47.501111 65.250000 79.500000 3.155000
47.624425 65.300000 79.600000 3.164000
47.745031 65.350000 79.700000 3.173000
47.862884 65.400000 79.800000 3.182000
47.977944 65.450000 79.900000 3.191000
48.090170 65.500000 80.000000 3.200000
48.199521 65.550000 80.100000 3.209000
48.305959 65.600000 80.200000 3.218000
48.409446 65.650000 80.300000 3.227000
48.509945 65.700000 80.400000 3.236000
48.607420 65.750000 80.500000 3.245000
48.701838 65.800000 80.600000 3.254000
48.793163 65.850000 80.700000 3.263000
48.881364 65.900000 80.800000 3.272000
48.966410 65.950000 80.900000 3.281000
49.048271 66.000000 81.000000 3.290000
49.126916 66.050000 81.100000 3.299000
49.202318 66.100000 81.200000 3.308000
49.274452 66.150000 81.300000 3.317000
49.343289 66.200000 81.400000 3.326000
49.408808 66.250000 81.500000 3.335000
49.470983 66.300000 81.600000 3.344000
49.529793 66.350000 81.700000 3.353000
49.585218 66.400000 81.800000 3.362000
49.637237 66.450000 81.900000 3.371000
49.685832 66.500000 82.000000 3.380000
49.730985 66.550000 82.100000 3.389000
49.772681 66.600000 82.200000 3.398000
49.810905 66.650000 82.300000 3.407000
49.845643 66.700000 82.400000 3.416000
49.876883 66.750000 82.500000 3.425000
49.904614 66.800000 82.600000 3.434000
49.928826 66.850000 82.700000 3.443000
49.949510 66.900000 82.800000 3.452000
49.966659 66.950000 82.900000 3.461000
49.980267 67.000000 83.000000 3.470000
49.990329 67.050000 83.100000 3.479000
49.996842 67.100000 83.200000 3.488000
49.999803 67.150000 83.300000 3.497000
49.999210 67.200000 83.400000 3.506000
49.995066 67.250000 83.500000 3.515000
49.987370 67.300000 83.600000 3.524000
49.976125 67.350000 83.700000 3.533000
49.961336 67.400000 83.800000 3.542000
49.943008 67.450000 83.900000 3.551000
49.921147 67.500000 84.000000 3.560000
49.895761 67.550000 84.100000 3.569000
49.866859 67.600000 84.200000 3.578000
49.834452 67.650000 84.300000 3.587000
49.798551 67.700000 84.400000 3.596000
49.759168 67.750000 84.500000 3.605000
49.716317 67.800000 84.600000 3.614000
49.670015 67.850000 84.700000 3.623000
49.620277 67.900000 84.800000 3.632000
49.567121 67.950000 84.900000 3.641000
49.510565 68.000000 85.000000 3.650000
49.450631 68.050000 85.100000 3.659000
49.387339 68.100000 85.200000 3.668000
49.320711 68.150000 85.300000 3.677000
49.250772 68.200000 85.400000 3.686000
49.177546 68.250000 85.500000 3.695000
49.101060 68.300000 85.600000 3.704000
49.021340 68.350000 85.700000 3.713000
48.938414 68.400000 85.800000 3.722000
48.852313 68.450000 85.900000 3.731000
48.763067 68.500000 86.000000 3.740000
48.670707 68.550000 86.100000 3.749000
48.575267 68.600000 86.200000 3.758000
48.476779 68.650000 86.300000 3.767000
48.375280 68.700000 86.400000 3.776000
48.270806 68.750000 86.500000 3.785000
48.163393 68.800000 86.600000 3.794000
48.053079 68.850000 86.700000 3.803000
47.939904 68.900000 86.800000 3.812000
47.823908 68.950000 86.900000 3.821000
47.705132 69.000000 87.000000 3.830000
47.583619 69.050000 87.100000 3.839000
47.459411 69.100000 87.200000 3.848000
47.332553 69.150000 87.300000 3.857000
47.203090 69.200000 87.400000 3.866000
47.071068 69.250000 87.500000 3.875000
46.936533 69.300000 87.600000 3.884000
46.799534 69.350000 87.700000 3.893000
46.660119 69.400000 87.800000 3.902000
46.518337 69.450000 87.900000 3.911000
46.374240 69.500000 88.000000 3.920000
46.227878 69.550000 88.100000 3.929000
46.079303 69.600000 88.200000 3.938000
45.928568 69.650000 88.300000 3.947000
45.775727 69.700000 88.400000 3.956000
45.620834 69.750000 88.500000 3.965000
45.463943 69.800000 88.600000 3.974000
45.305112 69.850000 88.700000 3.983000
45.144395 69.900000 88.800000 3.992000
44.981851 69.950000 88.900000 4.001000
44.817537 70.000000 89.000000 4.010000
44.651511 70.050000 89.100000 4.019000
44.483832 70.100000 89.200000 4.028000
44.314560 70.150000 89.300000 4.037000
44.143756 70.200000 89.400000 4.046000
43.971479 70.250000 89.500000 4.055000
43.797791 70.300000 89.600000 4.064000
43.622754 70.350000 89.700000 4.073000
43.446429 70.400000 89.800000 4.082000
43.268880 70.450000 89.900000 4.091000
43.090170 70.500000 90.000000 4.100000
42.910362 70.550000 90.100000 4.109000
42.729519 70.600000 90.200000 4.118000
42.547707 70.650000 90.300000 4.127000
42.364990 70.700000 90.400000 4.136000
42.181432 70.750000 90.500000 4.145000
41.997100 70.800000 90.600000 4.154000
41.812058 70.850000 90.700000 4.163000
41.626372 70.900000 90.800000 4.172000
41.440108 70.950000 90.900000 4.181000
41.253332 71.000000 91.000000 4.190000
41.066112 71.050000 91.100000 4.199000
40.878512 71.100000 91.200000 4.208000
40.690600 71.150000 91.300000 4.217000
40.502443 71.200000 91.400000 4.226000
40.314108 71.250000 91.500000 4.235000
40.125660 71.300000 91.600000 4.244000
39.937169 71.350000 91.700000 4.253000
39.748699 71.400000 91.800000 4.262000
39.560319 71.450000 91.900000 4.271000
39.372095 71.500000 92.000000 4.280000
39.184094 71.550000 92.100000 4.289000
38.996383 71.600000 92.200000 4.298000
38.809028 71.650000 92.300000 4.307000
38.622097 71.700000 92.400000 4.316000
38.435655 71.750000 92.500000 4.325000
38.249769 71.800000 92.600000 4.334000
38.064505 71.850000 92.700000 4.343000
37.879929 71.900000 92.800000 4.352000
37.696106 71.950000 92.900000 4.361000
37.513101 72.000000 93.000000 4.370000
37.330980 72.050000 93.100000 4.379000
37.149807 72.100000 93.200000 4.388000
36.969647 72.150000 93.300000 4.397000
36.790564 72.200000 93.400000 4.406000
36.612621 72.250000 93.500000 4.415000
36.435881 72.300000 93.600000 4.424000
36.260408 72.350000 93.700000 4.433000
36.086263 72.400000 93.800000 4.442000
35.913509 72.450000 93.900000 4.451000
35.742207 72.500000 94.000000 4.460000
35.572418 72.550000 94.100000 4.469000
35.404201 72.600000 94.200000 4.478000
35.237618 72.650000 94.300000 4.487000
35.072727 72.700000 94.400000 4.496000
34.909586 72.750000 94.500000 4.505000
34.748254 72.800000 94.600000 4.514000
34.588787 72.850000 94.700000 4.523000
34.431244 72.900000 94.800000 4.532000
34.275679 72.950000 94.900000 4.541000
34.122147 73.000000 95.000000 4.550000
33.970705 73.050000 95.100000 4.559000
33.821404 73.100000 95.200000 4.568000
33.674298 73.150000 95.300000 4.577000
33.529440 73.200000 95.400000 4.586000
33.386881 73.250000 95.500000 4.595000
33.246672 73.300000 95.600000 4.604000
33.108862 73.350000 95.700000 4.613000
32.973500 73.400000 95.800000 4.622000
32.840635 73.450000 95.900000 4.631000
32.710314 73.500000 96.000000 4.640000
32.582582 73.550000 96.100000 4.649000
32.457486 73.600000 96.200000 4.658000
32.335070 73.650000 96.300000 4.667000
32.215377 73.700000 96.400000 4.676000
32.098450 73.750000 96.500000 4.685000
31.984330 73.800000 96.600000 4.694000
31.873058 73.850000 96.700000 4.703000
31.764674 73.900000 96.800000 4.712000
31.659216 73.950000 96.900000 4.721000
31.556721 74.000000 97.000000 4.730000
31.457226 74.050000 97.100000 4.739000
31.360766 74.100000 97.200000 4.748000
31.267375 74.150000 97.300000 4.757000
31.177088 74.200000 97.400000 4.766000
31.089935 74.250000 97.500000 4.775000
31.005947 74.300000 97.600000 4.784000
30.925156 74.350000 97.700000 4.793000
30.847588 74.400000 97.800000 4.802000
30.773273 74.450000 97.900000 4.811000
30.702235 74.500000 98.000000 4.820000
30.634501 74.550000 98.100000 4.829000
30.570095 74.600000 98.200000 4.838000
30.509039 74.650000 98.300000 4.847000
30.451355 74.700000 98.400000 4.856000
30.397063 74.750000 98.500000 4.865000
30.346184 74.800000 98.600000 4.874000
30.298734 74.850000 98.700000 4.883000
30.254731 74.900000 98.800000 4.892000
30.214191 74.950000 98.900000 4.901000
30.177127 75.000000 99.000000 4.910000
30.143554 75.050000 99.100000 4.919000
30.113483 75.100000 99.200000 4.928000
30.086924 75.150000 99.300000 4.937000
30.063887 75.200000 99.400000 4.946000
30.044380 75.250000 99.500000 4.955000
30.028411 75.300000 99.600000 4.964000
30.015984 75.350000 99.700000 4.973000
30.007105 75.400000 99.800000 4.982000
30.001776 75.450000 99.900000 4.991000
30.000000 75.500000 100.000000 5.000000
ObjectType = Tube
ObjectSubType = Vessel
NDims = 3
ID = 2
ParentID = 1
Color = 1 0.3 0.2 1
TransformMatrix = 1 0 0 0 1 0 0 0 1
Offset = 0 0 0
CenterOfRotation = 0 0 0
ElementSpacing = 1 1 1
PointDim = x y z r
Root = True
Artery = True
NPoints = 500
Points =
49.998224 50.450000 50.100000 0.509000
49.992895 50.400000 50.200000 0.518000
49.984016 50.350000 50.300000 0.527000
49.971589 50.300000 50.400000 0.536000
49.955620 50.250000 50.500000 0.545000
49.936113 50.200000 50.600000 0.554000
49.913076 50.150000 50.700000 0.563000
49.886517 50.100000 50.800000 0.572000
49.856446 50.050000 50.900000 0.581000
49.822873 50.000000 51.000000 0.590000
49.785809 49.950000 51.100000 0.599000
49.745269 49.900000 51.200000 0.608000
49.701266 49.850000 51.300000 0.617000
49.653816 49.800000 51.400000 0.626000
49.602937 49.750000 51.500000 0.635000
49.548645 49.700000 51.600000 0.644000
49.490961 49.650000 51.700000 0.653000
49.429905 49.600000 51.800000 0.662000
49.365499 49.550000 51.900000 0.671000
49.297765 49.500000 52.000000 0.680000
49.226727 49.450000 52.100000 0.689000
49.152412 49.400000 52.200000 0.698000
49.074844 49.350000 52.300000 0.707000
48.994053 49.300000 52.400000 0.716000
48.910065 49.250000 52.500000 0.725000
48.822912 49.200000 52.600000 0.734000
48.732625 49.150000 52.700000 0.743000
48.639234 49.100000 52.800000 0.752000
48.542774 49.050000 52.900000 0.761000
48.443279 49.000000 53.000000 0.770000
48.340784 48.950000 53.100000 0.779000
48.235326 48.900000 53.200000 0.788000
48.126942 48.850000 53.300000 0.797000
48.015670 48.800000 53.400000 0.806000
47.901550 48.750000 53.500000 0.815000
47.784623 48.700000 53.600000 0.824000
47.664930 48.650000 53.700000 0.833000
47.542514 48.600000 53.800000 0.842000
47.417418 48.550000 53.900000 0.851000
47.289686 48.500000 54.000000 0.860000
47.159365 48.450000 54.100000 0.869000
47.026500 48.400000 54.200000 0.878000
46.891138 48.350000 54.300000 0.887000
46.753328 48.300000 54.400000 0.896000
46.613119 48.250000 54.500000 0.905000
46.470560 48.200000 54.600000 0.914000
46.325702 48.150000 54.700000 0.923000
46.178596 48.100000 54.800000 0.932000
46.029295 48.050000 54.900000 0.941000
45.877853 48.000000 55.000000 0.950000
45.724321 47.950000 55.100000 0.959000
45.568756 47.900000 55.200000 0.968000
45.411213 47.850000 55.300000 0.977000
45.251746 47.800000 55.400000 0.986000
45.090414 47.750000 55.500000 0.995000
44.927273 47.700000 55.600000 1.004000
44.762382 47.650000 55.700000 1.013000
44.595799 47.600000 55.800000 1.022000
44.427582 47.550000 55.900000 1.031000
44.257793 47.500000 56.000000 1.040000
44.086491 47.450000 56.100000 1.049000
43.913737 47.400000 56.200000 1.058000
43.739592 47.350000 56.300000 1.067000
43.564119 47.300000 56.400000 1.076000
43.387379 47.250000 56.500000 1.085000
43.209436 47.200000 56.600000 1.094000
43.030353 47.150000 56.700000 1.103000
42.850193 47.100000 56.800000 1.112000
42.669020 47.050000 56.900000 1.121000
42.486899 47.000000 57.000000 1.130000
42.303894 46.950000 57.100000 1.139000
42.120071 46.900000 57.200000 1.148000
41.935495 46.850000 57.300000 1.157000
41.750231 46.800000 57.400000 1.166000
41.564345 46.750000 57.500000 1.175000
41.377903 46.700000 57.600000 1.184000
41.190972 46.650000 57.700000 1.193000
41.003617 46.600000 57.800000 1.202000
40.815906 46.550000 57.900000 1.211000
40.627905 46.500000 58.000000 1.220000
40.439681 46.450000 58.100000 1.229000
40.251301 46.400000 58.200000 1.238000
40.062831 46.350000 58.300000 1.247000
39.874340 46.300000 58.400000 1.256000
39.685892 46.250000 58.500000 1.265000
39.497557 46.200000 58.600000 1.274000
39.309400 46.150000 58.700000 1.283000
39.121488 46.100000 58.800000 1.292000
38.933888 46.050000 58.900000 1.301000
38.746668 46.000000 59.000000 1.310000
38.559892 45.950000 59.100000 1.319000
38.373628 45.900000 59.200000 1.328000
38.187942 45.850000 59.300000 1.337000
38.002900 45.800000 59.400000 1.346000
37.818568 45.750000 59.500000 1.355000
37.635010 45.700000 59.600000 1.364000
37.452293 45.650000 59.700000 1.373000
37.270481 45.600000 59.800000 1.382000
37.089638 45.550000 59.900000 1.391000
36.909830 45.500000 60.000000 1.400000
36.731120 45.450000 60.100000 1.409000
36.553571 45.400000 60.200000 1.418000
36.377246 45.350000 60.300000 1.427000
36.202209 45.300000 60.400000 1.436000
36.028521 45.250000 60.500000 1.445000
35.856244 45.200000 60.600000 1.454000
35.685440 45.150000 60.700000 1.463000
35.516168 45.100000 60.800000 1.472000
35.348489 45.050000 60.900000 1.481000
35.182463 45.000000 61.000000 1.490000
35.018149 44.950000 61.100000 1.499000
34.855605 44.900000 61.200000 1.508000
34.694888 44.850000 61.300000 1.517000
34.536057 44.800000 61.400000 1.526000
34.379166 44.750000 61.500000 1.535000
34.224273 44.700000 61.600000 1.544000
34.071432 44.650000 61.700000 1.553000
33.920697 44.600000 61.800000 1.562000
33.772122 44.550000 61.900000 1.571000
33.625760 44.500000 62.000000 1.580000
33.481663 44.450000 62.100000 1.589000
33.339881 44.400000 62.200000 1.598000
33.200466 44.350000 62.300000 1.607000
33.063467 44.300000 62.400000 1.616000
32.928932 44.250000 62.500000 1.625000
32.796910 44.200000 62.600000 1.634000
32.667447 44.150000 62.700000 1.643000
32.540589 44.100000 62.800000 1.652000
32.416381 44.050000 62.900000 1.661000
32.294868 44.000000 63.000000 1.670000
32.176092 43.950000 63.100000 1.679000
32.060096 43.900000 63.200000 1.688000
31.946921 43.850000 63.300000 1.697000
31.836607 43.800000 63.400000 1.706000
31.729194 43.750000 63.500000 1.715000
31.624720 43.700000 63.600000 1.724000
31.523221 43.650000 63.700000 1.733000
31.424733 43.600000 63.800000 1.742000
31.329293 43.550000 63.900000 1.751000
31.236933 43.500000 64.000000 1.760000
31.147687 43.450000 64.100000 1.769000
31.061586 43.400000 64.200000 1.778000
30.978660 43.350000 64.300000 1.787000
30.898940 43.300000 64.400000 1.796000
30.822454 43.250000 64.500000 1.805000
30.749228 43.200000 64.600000 1.814000
30.679289 43.150000 64.700000 1.823000
30.612661 43.100000 64.800000 1.832000
30.549369 43.050000 64.900000 1.841000
30.489435 43.000000 65.000000 1.850000
30.432879 42.950000 65.100000 1.859000
30.379723 42.900000 65.200000 1.868000
30.329985 42.850000 65.300000 1.877000
30.283683 42.800000 65.400000 1.886000
30.240832 42.750000 65.500000 1.895000
30.201449 42.700000 65.600000 1.904000
30.165548 42.650000 65.700000 1.913000
30.133141 42.600000 65.800000 1.922000
30.104239 42.550000 65.900000 1.931000
30.078853 42.500000 66.000000 1.940000
30.056992 42.450000 66.100000 1.949000
30.038664 42.400000 66.200000 1.958000
30.023875 42.350000 66.300000 1.967000
30.012630 42.300000 66.400000 1.976000
30.004934 42.250000 66.500000 1.985000
30.000790 42.200000 66.600000 1.994000
30.000197 42.150000 66.700000 2.003000
30.003158 42.100000 66.800000 2.012000
30.009671 42.050000 66.900000 2.021000
30.019733 42.000000 67.000000 2.030000
30.033341 41.950000 67.100000 2.039000
30.050490 41.900000 67.200000 2.048000
30.071174 41.850000 67.300000 2.057000
30.095386 41.800000 67.400000 2.066000
30.123117 41.750000 67.500000 2.075000
30.154357 41.700000 67.600000 2.084000
30.189095 41.650000 67.700000 2.093000
30.227319 41.600000 67.800000 2.102000
30.269015 41.550000 67.900000 2.111000
30.314168 41.500000 68.000000 2.120000
30.362763 41.450000 68.100000 2.129000
30.414782 41.400000 68.200000 2.138000
30.470207 41.350000 68.300000 2.147000
30.529017 41.300000 68.400000 2.156000
30.591192 41.250000 68.500000 2.165000
30.656711 41.200000 68.600000 2.174000
30.725548 41.150000 68.700000 2.183000
30.797682 41.100000 68.800000 2.192000
30.873084 41.050000 68.900000 2.201000
30.951729 41.000000 69.000000 2.210000
31.033590 40.950000 69.100000 2.219000
31.118636 40.900000 69.200000 2.228000
31.206837 40.850000 69.300000 2.237000
31.298162 40.800000 69.400000 2.246000
31.392580 40.750000 69.500000 2.255000
31.490055 40.700000 69.600000 2.264000
31.590554 40.650000 69.700000 2.273000
31.694041 40.600000 69.800000 2.282000
31.800479 40.550000 69.900000 2.291000
31.909830 40.500000 70.000000 2.300000
32.022056 40.450000 70.100000 2.309000
32.137116 40.400000 70.200000 2.318000
32.254969 40.350000 70.300000 2.327000
32.375575 40.300000 70.400000 2.336000
32.498889 40.250000 70.500000 2.345000
32.624869 40.200000 70.600000 2.354000
32.753469 40.150000 70.700000 2.363000
32.884643 40.100000 70.800000 2.372000
33.018346 40.050000 70.900000 2.381000
33.154529 40.000000 71.000000 2.390000
33.293144 39.950000 71.100000 2.399000
33.434142 39.900000 71.200000 2.408000
33.577473 39.850000 71.300000 2.417000
33.723086 39.800000 71.400000 2.426000
33.870929 39.750000 71.500000 2.435000
34.020950 39.700000 71.600000 2.444000
34.173095 39.650000 71.700000 2.453000
34.327311 39.600000 71.800000 2.462000
34.483541 39.550000 71.900000 2.471000
34.641732 39.500000 72.000000 2.480000
34.801827 39.450000 72.100000 2.489000
34.963768 39.400000 72.200000 2.498000
35.127499 39.350000 72.300000 2.507000
35.292961 39.300000 72.400000 2.516000
35.460095 39.250000 72.500000 2.525000
35.628842 39.200000 72.600000 2.534000
35.799143 39.150000 72.700000 2.543000
35.970936 39.100000 72.800000 2.552000
36.144160 39.050000 72.900000 2.561000
36.318754 39.000000 73.000000 2.570000
36.494657 38.950000 73.100000 2.579000
36.671805 38.900000 73.200000 2.588000
36.850135 38.850000 73.300000 2.597000
37.029584 38.800000 73.400000 2.606000
37.210089 38.750000 73.500000 2.615000
37.391585 38.700000 73.600000 2.624000
37.574008 38.650000 73.700000 2.633000
37.757292 38.600000 73.800000 2.642000
37.941374 38.550000 73.900000 2.651000
38.126187 38.500000 74.000000 2.660000
38.311666 38.450000 74.100000 2.669000
38.497744 38.400000 74.200000 2.678000
38.684356 38.350000 74.300000 2.687000
38.871436 38.300000 74.400000 2.696000
39.058917 38.250000 74.500000 2.705000
39.246732 38.200000 74.600000 2.714000
39.434815 38.150000 74.700000 2.723000
39.623098 38.100000 74.800000 2.732000
39.811516 38.050000 74.900000 2.741000
40.000000 38.000000 75.000000 2.750000
40.188484 37.950000 75.100000 2.759000
40.376902 37.900000 75.200000 2.768000
40.565185 37.850000 75.300000 2.777000
40.753268 37.800000 75.400000 2.786000
40.941083 37.750000 75.500000 2.795000
41.128564 37.700000 75.600000 2.804000
41.315644 37.650000 75.700000 2.813000
41.502256 37.600000 75.800000 2.822000
41.688334 37.550000 75.900000 2.831000
41.873813 37.500000 76.000000 2.840000
42.058626 37.450000 76.100000 2.849000
42.242708 37.400000 76.200000 2.858000
42.425992 37.350000 76.300000 2.867000
42.608415 37.300000 76.400000 2.876000
42.789911 37.250000 76.500000 2.885000
42.970416 37.200000 76.600000 2.894000
43.149865 37.150000 76.700000 2.903000
43.328195 37.100000 76.800000 2.912000
43.505343 37.050000 76.900000 2.921000
43.681246 37.000000 77.000000 2.930000
43.855840 36.950000 77.100000 2.939000
44.029064 36.900000 77.200000 2.948000
44.200857 36.850000 77.300000 2.957000
44.371158 36.800000 77.400000 2.966000
44.539905 36.750000 77.500000 2.975000
44.707039 36.700000 77.600000 2.984000
44.872501 36.650000 77.700000 2.993000
45.036232 36.600000 77.800000 3.002000
45.198173 36.550000 77.900000 3.011000
45.358268 36.500000 78.000000 3.020000
45.516459 36.450000 78.100000 3.029000
45.672689 36.400000 78.200000 3.038000
45.826905 36.350000 78.300000 3.047000
45.979050 36.300000 78.400000 3.056000
46.129071 36.250000 78.500000 3.065000
46.276914 36.200000 78.600000 3.074000
46.422527 36.150000 78.700000 3.083000
46.565858 36.100000 78.800000 3.092000
46.706856 36.050000 78.900000 3.101000
46.845471 36.000000 79.000000 3.110000
46.981654 35.950000 79.100000 3.119000
47.115357 35.900000 79.200000 3.128000
47.246531 35.850000 79.300000 3.137000
47.375131 35.800000 79.400000 3.146000
47.501111 35.750000 79.500000 3.155000
47.624425 35.700000 79.600000 3.164000
47.745031 35.650000 79.700000 3.173000
47.862884 35.600000 79.800000 3.182000
47.977944 35.550000 79.900000 3.191000
48.090170 35.500000 80.000000 3.200000
48.199521 35.450000 80.100000 3.209000
48.305959 35.400000 80.200000 3.218000
48.409446 35.350000 80.300000 3.227000
48.509945 35.300000 80.400000 3.236000
48.607420 35.250000 80.500000 3.245000
48.701838 35.200000 80.600000 3.254000
48.793163 35.150000 80.700000 3.263000
48.881364 35.100000 80.800000 3.272000
48.966410 35.050000 80.900000 3.281000
49.048271 35.000000 81.000000 3.290000
49.126916 34.950000 81.100000 3.299000
49.202318 34.900000 81.200000 3.308000
49.274452 34.850000 81.300000 3.317000
49.343289 34.800000 81.400000 3.326000
49.408808 34.750000 81.500000 3.335000
49.470983 34.700000 81.600000 3.344000
49.529793 34.650000 81.700000 3.353000
49.585218 34.600000 81.800000 3.362000
49.637237 34.550000 81.900000 3.371000
49.685832 34.500000 82.000000 3.380000
49.730985 34.450000 82.100000 3.389000
49.772681 34.400000 82.200000 3.398000
49.810905 34.350000 82.300000 3.407000
49.845643 34.300000 82.400000 3.416000
49.876883 34.250000 82.500000 3.425000
49.904614 34.200000 82.600000 3.434000
49.928826 34.150000 82.700000 3.443000
49.949510 34.100000 82.800000 3.452000
49.966659 34.050000 82.900000 3.461000
49.980267 34.000000 83.000000 3.470000
49.990329 33.950000 83.100000 3.479000
49.996842 33.900000 83.200000 3.488000
49.999803 33.850000 83.300000 3.497000
49.999210 33.800000 83.400000 3.506000
49.995066 33.750000 83.500000 3.515000
49.987370 33.700000 83.600000 3.524000
49.976125 33.650000 83.700000 3.533000
49.961336 33.600000 83.800000 3.542000
49.943008 33.550000 83.900000 3.551000
49.921147 33.500000 84.000000 3.560000
49.895761 33.450000 84.100000 3.569000
49.866859 33.400000 84.200000 3.578000
49.834452 33.350000 84.300000 3.587000
49.798551 33.300000 84.400000 3.596000
49.759168 33.250000 84.500000 3.605000
49.716317 33.200000 84.600000 3.614000
49.670015 33.150000 84.700000 3.623000
49.620277 33.100000 84.800000 3.632000
49.567121 33.050000 84.900000 3.641000
49.510565 33.000000 85.000000 3.650000
49.450631 32.950000 85.100000 3.659000
49.387339 32.900000 85.200000 3.668000
49.320711 32.850000 85.300000 3.677000
49.250772 32.800000 85.400000 3.686000
49.177546 32.750000 85.500000 3.695000
49.101060 32.700000 85.600000 3.704000
49.021340 32.650000 85.700000 3.713000
48.938414 32.600000 85.800000 3.722000
48.852313 32.550000 85.900000 3.731000
48.763067 32.500000 86.000000 3.740000
48.670707 32.450000 86.100000 3.749000
48.575267 32.400000 86.200000 3.758000
48.476779 32.350000 86.300000 3.767000
48.375280 32.300000 86.400000 3.776000
48.270806 32.250000 86.500000 3.785000
48.163393 32.200000 86.600000 3.794000
48.053079 32.150000 86.700000 3.803000
47.939904 32.100000 86.800000 3.812000
47.823908 32.050000 86.900000 3.821000
47.705132 32.000000 87.000000 3.830000
47.583619 31.950000 87.100000 3.839000
47.459411 31.900000 87.200000 3.848000
47.332553 31.850000 87.300000 3.857000
47.203090 31.800000 87.400000 3.866000
47.071068 31.750000 87.500000 3.875000
46.936533 31.700000 87.600000 3.884000
46.799534 31.650000 87.700000 3.893000
46.660119 31.600000 87.800000 3.902000
46.518337 31.550000 87.900000 3.911000
46.374240 31.500000 88.000000 3.920000
46.227878 31.450000 88.100000 3.929000
46.079303 31.400000 88.200000 3.938000
45.928568 31.350000 88.300000 3.947000
45.775727 31.300000 88.400000 3.956000
45.620834 31.250000 88.500000 3.965000
45.463943 31.200000 88.600000 3.974000
45.305112 31.150000 88.700000 3.983000
45.144395 31.100000 88.800000 3.992000
44.981851 31.050000 88.900000 4.001000
44.817537 31.000000 89.000000 4.010000
44.651511 30.950000 89.100000 4.019000
44.483832 30.900000 89.200000 4.028000
44.314560 30.850000 89.300000 4.037000
44.143756 30.800000 89.400000 4.046000
43.971479 30.750000 89.500000 4.055000
43.797791 30.700000 89.600000 4.064000
43.622754 30.650000 89.700000 4.073000
43.446429 30.600000 89.800000 4.082000
43.268880 30.550000 89.900000 4.091000
43.090170 30.500000 90.000000 4.100000
42.910362 30.450000 90.100000 4.109000
42.729519 30.400000 90.200000 4.118000
42.547707 30.350000 90.300000 4.127000
42.364990 30.300000 90.400000 4.136000
42.181432 30.250000 90.500000 4.145000
41.997100 30.200000 90.600000 4.154000
41.812058 30.150000 90.700000 4.163000
41.626372 30.100000 90.800000 4.172000
41.440108 30.050000 90.900000 4.181000
41.253332 30.000000 91.000000 4.190000
41.066112 29.950000 91.100000 4.199000
40.878512 29.900000 91.200000 4.208000
40.690600 29.850000 91.300000 4.217000
40.502443 29.800000 91.400000 4.226000
40.314108 29.750000 91.500000 4.235000
40.125660 29.700000 91.600000 4.244000
39.937169 29.650000 91.700000 4.253000
39.748699 29.600000 91.800000 4.262000
39.560319 29.550000 91.900000 4.271000
39.372095 29.500000 92.000000 4.280000
39.184094 29.450000 92.100000 4.289000
38.996383 29.400000 92.200000 4.298000
38.809028 29.350000 92.300000 4.307000
38.622097 29.300000 92.400000 4.316000
38.435655 29.250000 92.500000 4.325000
38.249769 29.200000 92.600000 4.334000
38.064505 29.150000 92.700000 4.343000
37.879929 29.100000 92.800000 4.352000
37.696106 29.050000 92.900000 4.361000
37.513101 29.000000 93.000000 4.370000
37.330980 28.950000 93.100000 4.379000
37.149807 28.900000 93.200000 4.388000
36.969647 28.850000 93.300000 4.397000
36.790564 28.800000 93.400000 4.406000
36.612621 28.750000 93.500000 4.415000
36.435881 28.700000 93.600000 4.424000
36.260408 28.650000 93.700000 4.433000
36.086263 28.600000 93.800000 4.442000
35.913509 28.550000 93.900000 4.451000
35.742207 28.500000 94.000000 4.460000
35.572418 28.450000 94.100000 4.469000
35.404201 28.400000 94.200000 4.478000
35.237618 28.350000 94.300000 4.487000
35.072727 28.300000 94.400000 4.496000
34.909586 28.250000 94.500000 4.505000
34.748254 28.200000 94.600000 4.514000
34.588787 28.150000 94.700000 4.523000
34.431244 28.100000 94.800000 4.532000
34.275679 28.050000 94.900000 4.541000
34.122147 28.000000 95.000000 4.550000
33.970705 27.950000 95.100000 4.559000
33.821404 27.900000 95.200000 4.568000
33.674298 27.850000 95.300000 4.577000
33.529440 27.800000 95.400000 4.586000
33.386881 27.750000 95.500000 4.595000
33.246672 27.700000 95.600000 4.604000
33.108862 27.650000 95.700000 4.613000
32.973500 27.600000 95.800000 4.622000
32.840635 27.550000 95.900000 4.631000
32.710314 27.500000 96.000000 4.640000
32.582582 27.450000 96.100000 4.649000
32.457486 27.400000 96.200000 4.658000
32.335070 27.350000 96.300000 4.667000
32.215377 27.300000 96.400000 4.676000
32.098450 27.250000 96.500000 4.685000
31.984330 27.200000 96.600000 4.694000
31.873058 27.150000 96.700000 4.703000
31.764674 27.100000 96.800000 4.712000
31.659216 27.050000 96.900000 4.721000
31.556721 27.000000 97.000000 4.730000
31.457226 26.950000 97.100000 4.739000
31.360766 26.900000 97.200000 4.748000
31.267375 26.850000 97.300000 4.757000
31.177088 26.800000 97.400000 4.766000
31.089935 26.750000 97.500000 4.775000
31.005947 26.700000 97.600000 4.784000
30.925156 26.650000 97.700000 4.793000
30.847588 26.600000 97.800000 4.802000
30.773273 26.550000 97.900000 4.811000
30.702235 26.500000 98.000000 4.820000
30.634501 26.450000 98.100000 4.829000
30.570095 26.400000 98.200000 4.838000
30.509039 26.350000 98.300000 4.847000
30.451355 26.300000 98.400000 4.856000
30.397063 26.250000 98.500000 4.865000
30.346184 26.200000 98.600000 4.874000
30.298734 26.150000 98.700000 4.883000
30.254731 26.100000 98.800000 4.892000
30.214191 26.050000 98.900000 4.901000
30.177127 26.000000 99.000000 4.910000
30.143554 25.950000 99.100000 4.919000
30.113483 25.900000 99.200000 4.928000
30.086924 25.850000 99.300000 4.937000
30.063887 25.800000 99.400000 4.946000
30.044380 25.750000 99.500000 4.955000
30.028411 25.700000 99.600000 4.964000
30.015984 25.650000 99.700000 4.973000
30.007105 25.600000 99.800000 4.982000
30.001776 25.550000 99.900000 4.991000
30.000000 25.500000 100.000000 5.000000
