OFF
507 500 0
1.6911929846 0.9553210139 1.1169919968
0.8161929846 0.9553210139 1.1169919968
1.7536929846 0.8850089908 1.0388669968
0.7536929846 0.8850089908 1.0388669968
1.8005679846 0.8459460139 0.9294919968
0.7068179846 0.8459460139 0.9294919968
1.6052559614 0.7678210139 0.9685540199
0.9021310210 0.7678210139 0.9685540199
1.6052559614 0.8225089908 1.0701169968
0.9021310210 0.8225089908 1.0701169968
1.6052559614 0.9240710139 1.1326169968
0.9021310210 0.9240710139 1.1326169968
1.5271309614 0.9553210139 1.1482419968
0.9802560210 0.9553210139 1.1482419968
1.4568179846 0.8850089908 1.0935540199
1.0505679846 0.8850089908 1.0935540199
1.4099429846 0.8459460139 0.9998040199
1.0974429846 0.8459460139 0.9998040199
1.3318179846 1.0334459543 1.0076169968
1.1755679846 1.0334459543 1.0076169968
1.3943179846 1.0334459543 1.0935540199
1.1130679846 1.0334459543 1.0935540199
1.4958809614 1.0334459543 1.1482419968
1.0115059614 1.0334459543 1.1482419968
1.5271309614 1.1193840504 1.1482419968
0.9802560210 1.1193840504 1.1482419968
1.4568179846 1.1818840504 1.0935540199
1.0505679846 1.1818840504 1.0935540199
1.4099429846 1.2287590504 0.9998040199
1.0974429846 1.2287590504 0.9998040199
1.6052559614 1.3068840504 0.9685540199
0.9021310210 1.3068840504 0.9685540199
1.6052559614 1.2443840504 1.0701169968
0.9021310210 1.2443840504 1.0701169968
1.6052559614 1.1506340504 1.1326169968
0.9021310210 1.1506340504 1.1326169968
1.6911929846 1.1193840504 1.1169919968
0.8161929846 1.1193840504 1.1169919968
1.7536929846 1.1818840504 1.0388669968
0.7536929846 1.1818840504 1.0388669968
1.8005679846 1.2287590504 0.9294919968
0.7068179846 1.2287590504 0.9294919968
1.8786929846 1.0334459543 0.9138669968
0.6286929846 1.0334459543 0.9138669968
1.8161929846 1.0334459543 1.0232419968
0.6911929846 1.0334459543 1.0232419968
1.7224429846 1.0334459543 1.1091790199
0.7849429846 1.0334459543 1.1091790199
1.7302559614 1.0334459543 1.1248040199
0.7771310210 1.0334459543 1.1248040199
1.6990059614 1.1271959543 1.1326169968
0.8083810210 1.1271959543 1.1326169968
1.6052559614 1.1662590504 1.1560540199
0.9021310210 1.1662590504 1.1560540199
1.5193179846 1.1271959543 1.1716790199
0.9880679846 1.1271959543 1.1716790199
1.4802559614 1.0334459543 1.1716790199
1.0271309614 1.0334459543 1.1716790199
1.5193179846 0.9475089908 1.1716790199
0.9880679846 0.9475089908 1.1716790199
1.6052559614 1.0334459543 1.1794919968
0.9021310210 1.0334459543 1.1794919968
1.6052559614 0.9084460139 1.1560540199
0.9021310210 0.9084460139 1.1560540199
1.6990059614 0.9475089908 1.1326169968
0.8083810210 0.9475089908 1.1326169968
1.2536929846 1.2209459543 1.0935540199
1.2536929846 1.1428209543 1.1716790199
1.2536929846 0.1115709990 1.0857419968
1.2536929846 0.4709460139 1.1326169968
1.2536929846 0.6037589908 1.1482419968
1.2536929846 0.0178210009 1.0701169968
1.2536929846 1.1975090504 0.9529290199
1.2536929846 1.3615709543 0.9216790199
1.2536929846 1.6896959543 -0.1955080032
1.2536929846 1.3537590504 -0.5001959801
1.2536929846 0.8615710139 -0.4767580032
1.2536929846 0.4084460139 -0.0001960000
1.4568179846 0.6037589908 0.9138669968
1.0505679846 0.6037589908 0.9138669968
1.5661929846 0.3537589908 0.9216790199
0.9411929846 0.3537589908 0.9216790199
1.6052559614 0.0959459990 0.9216790199
0.9021310210 0.0959459990 0.9216790199
1.6208809614 -0.0993660018 0.8826169968
0.8865060210 -0.0993660018 0.8826169968
1.5818179846 -0.1540540010 0.8748040199
0.9255679846 -0.1540540010 0.8748040199
1.4333809614 -0.1774909943 0.9060540199
1.0740059614 -0.1774909943 0.9060540199
1.2536929846 -0.1931159943 0.9294919968
1.6911929846 0.6506339908 0.8826169968
0.8161929846 0.6506339908 0.8826169968
1.8865059614 0.7521960139 0.8904290199
0.6208810210 0.7521960139 0.8904290199
2.0818190575 0.9396960139 0.7966790199
0.4255680144 0.9396960139 0.7966790199
2.1130690575 1.2209459543 0.9451169968
0.3943180144 1.2209459543 0.9451169968
1.9646309614 1.2756340504 0.9763669968
0.5427560210 1.2756340504 0.9763669968
1.7458809614 1.3928209543 1.0388669968
0.7615060210 1.3928209543 1.0388669968
1.5740059614 1.5490709543 1.0857419968
0.9333810210 1.5490709543 1.0857419968
1.4099429846 1.5100090504 1.1091790199
1.0974429846 1.5100090504 1.1091790199
1.3161929846 1.2834459543 1.1013669968
1.1911929846 1.2834459543 1.1013669968
1.4177559614 1.2053209543 1.1248040199
1.0896309614 1.2053209543 1.1248040199
1.3786929846 1.0959459543 1.1169919968
1.1286929846 1.0959459543 1.1169919968
1.4568179846 0.8850089908 1.0935540199
1.0505679846 0.8850089908 1.0935540199
1.6286929846 0.8068839908 1.0544919968
0.8786929846 0.8068839908 1.0544919968
1.7458809614 0.8537589908 1.0232419968
0.7615060210 0.8537589908 1.0232419968
1.8786929846 0.9787589908 0.9998040199
0.6286929846 0.9787589908 0.9998040199
1.8943179846 1.0881340504 0.9998040199
0.6130679846 1.0881340504 0.9998040199
1.8552559614 1.1662590504 1.0154290199
0.6521310210 1.1662590504 1.0154290199
1.6833809614 1.2287590504 1.0701169968
0.8240060210 1.2287590504 1.0701169968
1.5036929846 1.2600090504 1.1091790199
1.0036929846 1.2600090504 1.1091790199
1.2536929846 0.0256340001 1.0857419968
1.3630679846 0.0725089982 1.0857419968
1.1443179846 0.0725089982 1.0857419968
1.3708809614 -0.0446790010 1.0623040199
1.1365059614 -0.0446790010 1.0623040199
1.3161929846 -0.0915540010 1.0466790199
1.1911929846 -0.0915540010 1.0466790199
1.2536929846 -0.0993660018 1.0388669968
1.2536929846 0.5959460139 1.1013669968
1.2536929846 0.6506339908 1.0935540199
1.3552559614 0.6428210139 1.0935540199
1.1521309614 0.6428210139 1.0935540199
1.3786929846 0.5646960139 1.1013669968
1.1286929846 0.5646960139 1.1013669968
1.3396309614 0.5021960139 1.0935540199
1.1677559614 0.5021960139 1.0935540199
1.6521309614 0.7443839908 1.0232419968
0.8552560210 0.7443839908 1.0232419968
1.8708809614 0.8459460139 0.9763669968
0.6365060210 0.8459460139 0.9763669968
1.9802559614 0.9943839908 0.9529290199
0.5271310210 0.9943839908 0.9529290199
1.9958809614 1.1662590504 1.0076169968
0.5115060210 1.1662590504 1.0076169968
1.9411929846 1.2053209543 1.0779290199
0.5661929846 1.2053209543 1.0779290199
1.6911929846 1.3381340504 1.1482419968
0.8161929846 1.3381340504 1.1482419968
1.5661929846 1.4318840504 1.1873040199
0.9411929846 1.4318840504 1.1873040199
1.4568179846 1.4084459543 1.2029290199
1.0505679846 1.4084459543 1.2029290199
1.3552559614 1.2209459543 1.1951169968
1.1521309614 1.2209459543 1.1951169968
1.3786929846 0.6896960139 1.1638669968
1.1286929846 0.6896960139 1.1638669968
1.4646309614 0.3459460139 1.0623040199
1.0427559614 0.3459460139 1.0623040199
1.5036929846 0.0881339982 1.0388669968
1.0036929846 0.0881339982 1.0388669968
1.5193179846 -0.0290539991 1.0154290199
0.9880679846 -0.0290539991 1.0154290199
1.4880679846 -0.1228040010 0.9841790199
1.0193179846 -0.1228040010 0.9841790199
1.4177559614 -0.1384290010 0.9841790199
1.0896309614 -0.1384290010 0.9841790199
1.2536929846 -0.1540540010 0.9919919968
1.2536929846 0.8381339908 1.0779290199
1.2536929846 1.0021959543 1.1169919968
1.5818179846 1.2678209543 1.0935540199
0.9255679846 1.2678209543 1.0935540199
1.4177559614 0.9318839908 1.1013669968
1.0896309614 0.9318839908 1.1013669968
1.3865059614 1.0021959543 1.1091790199
1.1208809614 1.0021959543 1.1091790199
1.3708809614 0.1037589982 1.0857419968
1.1365059614 0.1037589982 1.0857419968
1.3318179846 0.3459460139 1.1013669968
1.1755679846 0.3459460139 1.1013669968
1.2536929846 0.3459460139 1.1013669968
1.2536929846 0.4631339908 1.0935540199
1.3474429846 0.5178210139 1.1326169968
1.1599429846 0.5178210139 1.1326169968
1.3865059614 0.5646960139 1.1482419968
1.1208809614 0.5646960139 1.1482419968
1.3630679846 0.6584460139 1.1326169968
1.1443179846 0.6584460139 1.1326169968
1.2927559614 0.6662589908 1.1326169968
1.2146309614 0.6662589908 1.1326169968
1.2536929846 0.5881339908 1.1794919968
1.3005679846 0.6428210139 1.1638669968
1.2068179846 0.6428210139 1.1638669968
1.3474429846 0.6350089908 1.1638669968
1.1599429846 0.6350089908 1.1638669968
1.3630679846 0.5646960139 1.1794919968
1.1443179846 0.5646960139 1.1794919968
1.3318179846 0.5412589908 1.1560540199
1.1755679846 0.5412589908 1.1560540199
1.2536929846 0.5021960139 1.1560540199
1.5115059614 0.4787589908 0.9060540199
0.9958810210 0.4787589908 0.9060540199
1.4177559614 0.5490710139 1.0623040199
1.0896309614 0.5490710139 1.0623040199
1.4333809614 0.4787589908 1.0623040199
1.0740059614 0.4787589908 1.0623040199
1.4880679846 0.5412589908 0.9060540199
1.0193179846 0.5412589908 0.9060540199
1.2536929846 -0.0837410018 1.0388669968
1.3005679846 -0.0759290010 1.0388669968
1.2068179846 -0.0759290010 1.0388669968
1.3474429846 -0.0290539991 1.0623040199
1.1599429846 -0.0290539991 1.0623040199
1.3474429846 0.0490709990 1.0779290199
1.1599429846 0.0490709990 1.0779290199
1.2536929846 0.0100090001 1.0076169968
1.3474429846 0.0412589982 1.0154290199
1.1599429846 0.0412589982 1.0154290199
1.3474429846 -0.0212409999 0.9919919968
1.1599429846 -0.0212409999 0.9919919968
1.3005679846 -0.0603040010 0.9841790199
1.2068179846 -0.0603040010 0.9841790199
1.2536929846 -0.0681160018 0.9841790199
1.4255679846 1.0100090504 1.1326169968
1.0818179846 1.0100090504 1.1326169968
1.4411929846 0.9475089908 1.1248040199
1.0661929846 0.9475089908 1.1248040199
1.5896309614 1.2209459543 1.1091790199
0.9177560210 1.2209459543 1.1091790199
1.5271309614 1.2131340504 1.1248040199
0.9802560210 1.2131340504 1.1248040199
1.6755679846 1.1896959543 1.1248040199
0.8318179846 1.1896959543 1.1248040199
1.8161929846 1.1428209543 1.0466790199
0.6911929846 1.1428209543 1.0466790199
1.8396309614 1.0803209543 1.0388669968
0.6677560210 1.0803209543 1.0388669968
1.8318179846 0.9865710139 1.0310540199
0.6755679846 0.9865710139 1.0310540199
1.7302559614 0.8928210139 1.0701169968
0.7771310210 0.8928210139 1.0701169968
1.6286929846 0.8537589908 1.0935540199
0.8786929846 0.8537589908 1.0935540199
1.4802559614 0.9006339908 1.1326169968
1.0271309614 0.9006339908 1.1326169968
1.4333809614 1.0881340504 1.1326169968
1.0740059614 1.0881340504 1.1326169968
1.4646309614 1.1662590504 1.1326169968
1.0427559614 1.1662590504 1.1326169968
1.4880679846 1.1506340504 1.1091790199
1.0193179846 1.1506340504 1.1091790199
1.4490059614 1.0881340504 1.1091790199
1.0583809614 1.0881340504 1.1091790199
1.4958809614 0.9162589908 1.1091790199
1.0115059614 0.9162589908 1.1091790199
1.6286929846 0.8771960139 1.0779290199
0.8786929846 0.8771960139 1.0779290199
1.7146309614 0.9084460139 1.0544919968
0.7927560210 0.9084460139 1.0544919968
1.8005679846 1.0021959543 1.0232419968
0.7068179846 1.0021959543 1.0232419968
1.8083809614 1.0725090504 1.0232419968
0.6990060210 1.0725090504 1.0232419968
1.7849429846 1.1271959543 1.0310540199
0.7224429846 1.1271959543 1.0310540199
1.6677559614 1.1818840504 1.1013669968
0.8396310210 1.1818840504 1.1013669968
1.5349429846 1.1896959543 1.1169919968
0.9724429846 1.1896959543 1.1169919968
1.5896309614 1.1975090504 1.1013669968
0.9177560210 1.1975090504 1.1013669968
1.4568179846 0.9631339908 1.1013669968
1.0505679846 0.9631339908 1.1013669968
1.4490059614 1.0178209543 1.1013669968
1.0583809614 1.0178209543 1.1013669968
1.3630679846 1.2521959543 0.9607419968
1.1443179846 1.2521959543 0.9607419968
1.4490059614 1.4553209543 0.9685540199
1.0583809614 1.4553209543 0.9685540199
1.5896309614 1.4787590504 0.9451169968
0.9177560210 1.4787590504 0.9451169968
1.7380679846 1.3459459543 0.9060540199
0.7693179846 1.3459459543 0.9060540199
1.9333809614 1.2443840504 0.8435540199
0.5740060210 1.2443840504 0.8435540199
2.0505690575 1.1975090504 0.8123040199
0.4568180144 1.1975090504 0.8123040199
2.0271310806 0.9553210139 0.7263669968
0.4802559912 0.9553210139 0.7263669968
1.8552559614 0.7912589908 0.7654290199
0.6521310210 0.7912589908 0.7654290199
1.6911929846 0.6975089908 0.8201169968
0.8161929846 0.6975089908 0.8201169968
1.2536929846 1.6896959543 0.6404290199
1.2536929846 1.7756340504 0.2732419968
1.2536929846 0.5959460139 -0.3205080032
1.2536929846 0.3303210139 0.5388669968
1.2536929846 -0.1853040010 0.8123040199
1.2536929846 -0.0134290000 0.6951169968
1.2536929846 0.2209459990 0.6716790199
1.2536929846 0.3068839908 0.6326169968
2.1052560806 1.0256340504 0.4060539901
0.4021309912 1.0256340504 0.4060539901
2.1130690575 1.1115709543 0.3044919968
0.3943180144 1.1115709543 0.3044919968
2.0271310806 1.0568840504 -0.0861330032
0.4802559912 1.0568840504 -0.0861330032
1.7146309614 1.2287590504 -0.3517580032
0.7927560210 1.2287590504 -0.3517580032
1.9880679846 0.7443839908 0.4216789901
0.5193179846 0.7443839908 0.4216789901
1.8474429846 0.6662589908 0.1873040050
0.6599429846 0.6662589908 0.1873040050
1.8943179846 0.7834460139 -0.0783210024
0.6130679846 0.7834460139 -0.0783210024
1.5896309614 0.8459460139 -0.3126960099
0.9177560210 0.8459460139 -0.3126960099
1.4880679846 0.4396960139 0.7576169968
1.0193179846 0.4396960139 0.7576169968
1.4333809614 0.3771960139 0.6091790199
1.0740059614 0.3771960139 0.6091790199
1.5427559614 0.0803209990 0.7341790199
0.9646310210 0.0803209990 0.7341790199
1.5036929846 0.2912589908 0.7419919968
1.0036929846 0.2912589908 0.7419919968
1.5818179846 -0.1228040010 0.7498040199
0.9255679846 -0.1228040010 0.7498040199
1.3943179846 0.0334459990 0.7185540199
1.1130679846 0.0334459990 0.7185540199
1.3786929846 0.2521960139 0.7107419968
1.1286929846 0.2521960139 0.7107419968
1.4177559614 -0.1540540010 0.7888669968
1.0896309614 -0.1540540010 0.7888669968
1.4724429846 0.5100089908 0.7810540199
1.0349429846 0.5100089908 0.7810540199
1.4646309614 0.5646960139 0.8201169968
1.0427559614 0.5646960139 0.8201169968
1.4568179846 0.6193839908 0.8513669968
1.0505679846 0.6193839908 0.8513669968
1.4646309614 0.4006339908 0.5154290199
1.0427559614 0.4006339908 0.5154290199
1.5505679846 0.4787589908 0.0857419968
0.9568179846 0.4787589908 0.0857419968
1.5974429846 0.6428210139 -0.1876959950
0.9099429846 0.6428210139 -0.1876959950
1.7068179846 1.6584459543 -0.0314459987
0.8005679846 1.6584459543 -0.0314459987
1.7068179846 1.7209459543 0.2810539901
0.8005679846 1.7209459543 0.2810539901
1.7068179846 1.6428209543 0.5857419968
0.8005679846 1.6428209543 0.5857419968
1.7146309614 1.3146959543 0.7810540199
0.7927560210 1.3146959543 0.7810540199
1.9802559614 1.1975090504 0.6873040199
0.5271310210 1.1975090504 0.6873040199
1.8865059614 1.2443840504 0.6326169968
0.6208810210 1.2443840504 0.6326169968
1.8943179846 1.4943840504 0.4060539901
0.6130679846 1.4943840504 0.4060539901
2.0505690575 1.3537590504 0.4763669968
0.4568180144 1.3537590504 0.4763669968
2.0505690575 1.4084459543 0.2341790050
0.4568180144 1.4084459543 0.2341790050
1.8943179846 1.5412590504 0.1560540050
0.6130679846 1.5412590504 0.1560540050
1.8943179846 1.4709459543 -0.0939460024
0.6130679846 1.4709459543 -0.0939460024
2.0505690575 1.3303209543 -0.0080080004
0.4568180144 1.3303209543 -0.0080080004
1.8708809614 1.1193840504 -0.2345709950
0.6365060210 1.1193840504 -0.2345709950
1.7380679846 0.8146960139 -0.1955080032
0.7693179846 0.8146960139 -0.1955080032
2.0740060806 1.1193840504 0.1482419968
0.4333809912 1.1193840504 0.1482419968
1.6599429846 0.6193839908 0.4998039901
0.8474429846 0.6193839908 0.4998039901
1.6833809614 0.5959460139 0.1404290050
0.8240060210 0.5959460139 0.1404290050
2.1443190575 1.1975090504 0.1169919968
0.3630680144 1.1975090504 0.1169919968
2.0271310806 0.6506339908 0.2263669968
0.4802559912 0.6506339908 0.2263669968
2.2927560806 0.6896960139 0.0232420005
0.2146310061 0.6896960139 0.0232420005
2.5349440575 0.8459460139 -0.0783210024
-0.0275570005 0.8459460139 -0.0783210024
2.6052560806 1.1115709543 -0.0705080032
-0.0978690013 1.1115709543 -0.0705080032
2.4880690575 1.2990709543 -0.0705080032
0.0193179995 1.2990709543 -0.0705080032
2.2771310806 1.2678209543 0.0388670005
0.2302560061 1.2678209543 0.0388670005
2.2693190575 1.2053209543 0.0623040013
0.2380679995 1.2053209543 0.0623040013
2.4411940575 1.2287590504 -0.0392579995
0.0661929995 1.2287590504 -0.0392579995
2.5193190575 1.0803209543 -0.0548829995
-0.0119319996 1.0803209543 -0.0548829995
2.4646310806 0.8693839908 -0.0548829995
0.0427559987 0.8693839908 -0.0548829995
2.2849440575 0.7521960139 0.0466790013
0.2224429995 0.7521960139 0.0466790013
2.0818190575 0.7209460139 0.2185540050
0.4255680144 0.7209460139 0.2185540050
2.1755690575 1.1506340504 0.1326169968
0.3318180144 1.1506340504 0.1326169968
2.1990060806 1.0959459543 0.0623040013
0.3083809912 1.0959459543 0.0623040013
2.1365060806 0.7678210139 0.1404290050
0.3708809912 0.7678210139 0.1404290050
2.2927560806 0.7912589908 -0.0158210006
0.2146310061 0.7912589908 -0.0158210006
2.4411940575 0.8850089908 -0.0939460024
0.0661929995 0.8850089908 -0.0939460024
2.4880690575 1.0412590504 -0.0939460024
0.0193179995 1.0412590504 -0.0939460024
2.4255690575 1.1506340504 -0.0861330032
0.0818179995 1.1506340504 -0.0861330032
2.2771310806 1.1350090504 -0.0080080004
0.2302560061 1.1350090504 -0.0080080004
2.0974440575 1.0803209543 0.1404290050
0.4099430144 1.0803209543 0.1404290050
2.0896310806 0.9631339908 0.0779289976
0.4177559912 0.9631339908 0.0779289976
2.0115060806 0.8850089908 0.0779289976
0.4958809912 0.8850089908 0.0779289976
2.0740060806 0.8771960139 0.0779289976
0.4333809912 0.8771960139 0.0779289976
2.0974440575 0.8068839908 0.0779289976
0.4099430144 0.8068839908 0.0779289976
2.0661940575 0.7756339908 0.0779289976
0.4411930144 0.7756339908 0.0779289976
1.9802559614 0.7912589908 0.2810539901
0.5271310210 0.7912589908 0.2810539901
1.9724429846 0.7678210139 0.1794919968
0.5349429846 0.7678210139 0.1794919968
1.9724429846 0.8303210139 0.1638669968
0.5349429846 0.8303210139 0.1638669968
2.0505690575 0.9943839908 0.1404290050
0.4568180144 0.9943839908 0.1404290050
2.1443190575 1.0334459543 0.0857419968
0.3630680144 1.0334459543 0.0857419968
2.1443190575 1.0256340504 0.0310539994
0.3630680144 1.0256340504 0.0310539994
2.0661940575 0.7756339908 0.0310539994
0.4411930144 0.7756339908 0.0310539994
2.1052560806 0.8068839908 0.0310539994
0.4021309912 0.8068839908 0.0310539994
2.0818190575 0.8693839908 0.0310539994
0.4255680144 0.8693839908 0.0310539994
2.0193190575 0.8850089908 0.0310539994
0.4880680144 0.8850089908 0.0310539994
2.0974440575 0.9631339908 0.0310539994
0.4099430144 0.9631339908 0.0310539994
2.2927560806 1.1193840504 -0.0626960024
0.2146310061 1.1193840504 -0.0626960024
2.4411940575 1.1350090504 -0.1330080032
0.0661929995 1.1350090504 -0.1330080032
2.5115060806 1.0334459543 -0.1408209950
-0.0041189999 1.0334459543 -0.1408209950
2.4646310806 0.8771960139 -0.1330080032
0.0427559987 0.8771960139 -0.1330080032
2.3005690575 0.7912589908 -0.0705080032
0.2068179995 0.7912589908 -0.0705080032
2.1365060806 0.7756339908 0.0857419968
0.3708809912 0.7756339908 0.0857419968
2.2068190575 1.0803209543 0.0076170000
0.3005680144 1.0803209543 0.0076170000
2.1443190575 0.9006339908 0.0232420005
0.3630680144 0.9006339908 0.0232420005
2.1911940575 0.8537589908 0.0154290004
0.3161930144 0.8537589908 0.0154290004
2.2536940575 0.9162589908 -0.0158210006
0.2536930144 0.9162589908 -0.0158210006
2.2146310806 0.9631339908 -0.0001960000
0.2927559912 0.9631339908 -0.0001960000
2.2693190575 1.0256340504 -0.0236329995
0.2380679995 1.0256340504 -0.0236329995
2.3083810806 0.9787589908 -0.0314459987
0.1990060061 0.9787589908 -0.0314459987
2.3630690575 1.0021959543 -0.0392579995
0.1443179995 1.0021959543 -0.0392579995
2.3396310806 1.0646959543 -0.0392579995
0.1677560061 1.0646959543 -0.0392579995
2.2771310806 1.2287590504 -0.1330080032
0.2302560061 1.2287590504 -0.1330080032
2.5036940575 1.2600090504 -0.1955080032
0.0036929999 1.2600090504 -0.1955080032
2.6208810806 1.0881340504 -0.1486330032
-0.1134940013 1.0881340504 -0.1486330032
2.5661940575 0.8459460139 -0.1798830032
-0.0588070005 0.8459460139 -0.1798830032
2.2927560806 0.7053210139 -0.1408209950
0.2146310061 0.7053210139 -0.1408209950
2.0427560806 0.6662589908 0.0232420005
0.4646309912 0.6662589908 0.0232420005
2.1130690575 1.1740709543 -0.0314459987
0.3943180144 1.1740709543 -0.0314459987
4 46 0 2 44
4 3 1 47 45
4 44 2 4 42
4 5 3 45 43
4 2 8 6 4
4 7 9 3 5
4 0 10 8 2
4 9 11 1 3
4 10 12 14 8
4 15 13 11 9
4 8 14 16 6
4 17 15 9 7
4 14 20 18 16
4 19 21 15 17
4 12 22 20 14
4 21 23 13 15
4 22 24 26 20
4 27 25 23 21
4 20 26 28 18
4 29 27 21 19
4 26 32 30 28
4 31 33 27 29
4 24 34 32 26
4 33 35 25 27
4 34 36 38 32
4 39 37 35 33
4 32 38 40 30
4 41 39 33 31
4 38 44 42 40
4 43 45 39 41
4 36 46 44 38
4 45 47 37 39
4 46 36 50 48
4 51 37 47 49
4 36 34 52 50
4 53 35 37 51
4 34 24 54 52
4 55 25 35 53
4 24 22 56 54
4 57 23 25 55
4 22 12 58 56
4 59 13 23 57
4 12 10 62 58
4 63 11 13 59
4 10 0 64 62
4 65 1 11 63
4 0 46 48 64
4 49 47 1 65
3 60 64 48
3 49 65 61
3 62 64 60
3 61 65 63
3 60 58 62
3 63 59 61
3 60 56 58
3 59 57 61
3 60 54 56
3 57 55 61
3 60 52 54
3 55 53 61
3 60 50 52
3 53 51 61
3 60 48 50
3 51 49 61
4 88 173 175 90
4 175 174 89 90
4 86 171 173 88
4 174 172 87 89
4 84 169 171 86
4 172 170 85 87
4 82 167 169 84
4 170 168 83 85
4 80 165 167 82
4 168 166 81 83
4 78 91 145 163
4 146 92 79 164
4 91 93 147 145
4 148 94 92 146
4 93 95 149 147
4 150 96 94 148
4 95 97 151 149
4 152 98 96 150
4 97 99 153 151
4 154 100 98 152
4 99 101 155 153
4 156 102 100 154
4 101 103 157 155
4 158 104 102 156
4 103 105 159 157
4 160 106 104 158
4 105 107 161 159
4 162 108 106 160
4 107 66 67 161
4 67 66 108 162
4 109 127 159 161
4 160 128 110 162
4 127 178 157 159
4 158 179 128 160
4 125 155 157 178
4 158 156 126 179
4 123 153 155 125
4 156 154 124 126
4 121 151 153 123
4 154 152 122 124
4 119 149 151 121
4 152 150 120 122
4 117 147 149 119
4 150 148 118 120
4 115 145 147 117
4 148 146 116 118
4 113 163 145 115
4 146 164 114 116
4 113 180 176 163
4 176 181 114 164
4 109 161 67 111
4 67 162 110 112
4 111 67 177 182
4 177 67 112 183
4 176 180 182 177
4 183 181 176 177
4 134 136 175 173
4 175 136 135 174
4 132 134 173 171
4 174 135 133 172
4 130 132 171 169
4 172 133 131 170
4 165 186 184 167
4 185 187 166 168
4 130 169 167 184
4 168 170 131 185
4 143 189 188 186
4 188 189 144 187
4 184 186 188 68
4 188 187 185 68
4 129 130 184 68
4 185 131 129 68
4 141 192 190 143
4 191 193 142 144
4 139 194 192 141
4 193 195 140 142
4 138 196 194 139
4 195 197 138 140
4 137 70 196 138
4 197 70 137 138
4 189 143 190 69
4 191 144 189 69
4 69 190 205 207
4 206 191 69 207
4 70 198 199 196
4 200 198 70 197
4 196 199 201 194
4 202 200 197 195
4 194 201 203 192
4 204 202 195 193
4 192 203 205 190
4 206 204 193 191
4 198 203 201 199
4 202 204 198 200
4 198 207 205 203
4 206 207 198 204
4 138 139 163 176
4 164 140 138 176
4 139 141 210 163
4 211 142 140 164
4 141 143 212 210
4 213 144 142 211
4 143 186 165 212
4 166 187 144 213
4 80 208 212 165
4 213 209 81 166
4 208 214 210 212
4 211 215 209 213
4 78 163 210 214
4 211 164 79 215
4 130 129 71 221
4 71 129 131 222
4 132 130 221 219
4 222 131 133 220
4 134 132 219 217
4 220 133 135 218
4 136 134 217 216
4 218 135 136 216
4 216 217 228 230
4 229 218 216 230
4 217 219 226 228
4 227 220 218 229
4 219 221 224 226
4 225 222 220 227
4 221 71 223 224
4 223 71 222 225
4 223 230 228 224
4 229 230 223 225
3 224 228 226
3 227 229 225
4 182 180 233 231
4 234 181 183 232
4 111 182 231 253
4 232 183 112 254
4 109 111 253 255
4 254 112 110 256
4 180 113 251 233
4 252 114 181 234
4 113 115 249 251
4 250 116 114 252
4 115 117 247 249
4 248 118 116 250
4 117 119 245 247
4 246 120 118 248
4 119 121 243 245
4 244 122 120 246
4 121 123 241 243
4 242 124 122 244
4 123 125 239 241
4 240 126 124 242
4 125 178 235 239
4 236 179 126 240
4 178 127 237 235
4 238 128 179 236
4 127 109 255 237
4 256 110 128 238
4 237 255 257 275
4 258 256 238 276
4 235 237 275 277
4 276 238 236 278
4 239 235 277 273
4 278 236 240 274
4 241 239 273 271
4 274 240 242 272
4 243 241 271 269
4 272 242 244 270
4 245 243 269 267
4 270 244 246 268
4 247 245 267 265
4 268 246 248 266
4 249 247 265 263
4 266 248 250 264
4 251 249 263 261
4 264 250 252 262
4 233 251 261 279
4 262 252 234 280
4 255 253 259 257
4 260 254 256 258
4 253 231 281 259
4 282 232 254 260
4 231 233 279 281
4 280 234 232 282
4 66 107 283 72
4 284 108 66 72
4 107 105 285 283
4 286 106 108 284
4 105 103 287 285
4 288 104 106 286
4 103 101 289 287
4 290 102 104 288
4 101 99 291 289
4 292 100 102 290
4 99 97 293 291
4 294 98 100 292
4 97 95 295 293
4 296 96 98 294
4 95 93 297 295
4 298 94 96 296
4 93 91 299 297
4 300 92 94 298
4 307 308 327 337
4 328 308 307 338
4 306 307 337 335
4 338 307 306 336
4 305 306 335 339
4 336 306 305 340
4 88 90 305 339
4 305 90 89 340
4 86 88 339 333
4 340 89 87 334
4 84 86 333 329
4 334 87 85 330
4 82 84 329 331
4 330 85 83 332
4 329 335 337 331
4 338 336 330 332
4 329 333 339 335
4 340 334 330 336
4 325 331 337 327
4 338 332 326 328
4 80 82 331 325
4 332 83 81 326
4 208 341 343 214
4 344 342 209 215
4 80 325 341 208
4 342 326 81 209
4 78 214 343 345
4 344 215 79 346
4 78 345 299 91
4 300 346 79 92
4 76 323 351 303
4 352 324 76 303
4 303 351 349 77
4 350 352 303 77
4 77 349 347 304
4 348 350 77 304
4 304 347 327 308
4 328 348 304 308
4 325 327 347 341
4 348 328 326 342
4 295 297 317 309
4 318 298 296 310
4 75 315 323 76
4 324 316 75 76
4 301 357 355 302
4 356 358 301 302
4 302 355 353 74
4 354 356 302 74
4 74 353 315 75
4 316 354 74 75
4 291 293 361 363
4 362 294 292 364
4 363 361 367 365
4 368 362 364 366
4 365 367 369 371
4 370 368 366 372
4 371 369 375 373
4 376 370 372 374
4 313 377 373 375
4 374 378 314 376
4 315 353 373 377
4 374 354 316 378
4 353 355 371 373
4 372 356 354 374
4 355 357 365 371
4 366 358 356 372
4 357 359 363 365
4 364 360 358 366
4 289 291 363 359
4 364 292 290 360
4 73 359 357 301
4 358 360 73 301
4 283 285 287 289
4 288 286 284 290
4 283 289 359 73
4 360 290 284 73
3 72 283 73
3 73 284 72
4 293 295 309 361
4 310 296 294 362
4 309 311 367 361
4 368 312 310 362
4 311 381 369 367
4 370 382 312 368
4 313 375 369 381
4 370 376 314 382
4 347 349 385 383
4 386 350 348 384
4 317 383 385 319
4 386 384 318 320
4 297 299 383 317
4 384 300 298 318
4 299 343 341 383
4 342 344 300 384
3 341 347 383
3 384 348 342
3 299 345 343
3 344 346 300
4 313 321 379 377
4 380 322 314 378
4 315 377 379 323
4 380 378 316 324
4 319 385 379 321
4 380 386 320 322
4 349 351 379 385
4 380 352 350 386
3 323 379 351
3 352 380 324
4 399 387 413 401
4 414 388 400 402
4 399 401 403 397
4 404 402 400 398
4 397 403 405 395
4 406 404 398 396
4 395 405 407 393
4 408 406 396 394
4 393 407 409 391
4 410 408 394 392
4 391 409 411 389
4 412 410 392 390
4 409 419 417 411
4 418 420 410 412
4 407 421 419 409
4 420 422 408 410
4 405 423 421 407
4 422 424 406 408
4 403 425 423 405
4 424 426 404 406
4 401 427 425 403
4 426 428 402 404
4 401 413 415 427
4 416 414 402 428
4 317 319 443 441
4 444 320 318 442
4 319 389 411 443
4 412 390 320 444
4 309 317 441 311
4 442 318 310 312
4 381 429 413 387
4 414 430 382 388
4 411 417 439 443
4 440 418 412 444
4 437 445 443 439
4 444 446 438 440
4 433 445 437 435
4 438 446 434 436
4 431 447 445 433
4 446 448 432 434
4 429 447 431 449
4 432 448 430 450
4 413 429 449 415
4 450 430 414 416
4 311 447 429 381
4 430 448 312 382
4 311 441 445 447
4 446 442 312 448
3 441 443 445
3 446 444 442
4 415 449 451 475
4 452 450 416 476
4 449 431 461 451
4 462 432 450 452
4 431 433 459 461
4 460 434 432 462
4 433 435 457 459
4 458 436 434 460
4 435 437 455 457
4 456 438 436 458
4 437 439 453 455
4 454 440 438 456
4 439 417 473 453
4 474 418 440 454
4 427 415 475 463
4 476 416 428 464
4 425 427 463 465
4 464 428 426 466
4 423 425 465 467
4 466 426 424 468
4 421 423 467 469
4 468 424 422 470
4 419 421 469 471
4 470 422 420 472
4 417 419 471 473
4 472 420 418 474
4 457 455 479 477
4 480 456 458 478
4 477 479 481 483
4 482 480 478 484
4 483 481 487 485
4 488 482 484 486
4 485 487 489 491
4 490 488 486 492
4 463 475 485 491
4 486 476 464 492
4 451 483 485 475
4 486 484 452 476
4 451 461 477 483
4 478 462 452 484
4 457 477 461 459
4 462 478 458 460
4 453 473 479 455
4 480 474 454 456
4 471 481 479 473
4 480 482 472 474
4 469 487 481 471
4 482 488 470 472
4 467 489 487 469
4 488 490 468 470
4 465 491 489 467
4 490 492 466 468
3 463 491 465
3 466 492 464
4 391 389 503 501
4 504 390 392 502
4 393 391 501 499
4 502 392 394 500
4 395 393 499 497
4 500 394 396 498
4 397 395 497 495
4 498 396 398 496
4 399 397 495 493
4 496 398 400 494
4 387 399 493 505
4 494 400 388 506
4 493 501 503 505
4 504 502 494 506
4 493 495 499 501
4 500 496 494 502
3 495 497 499
3 500 498 496
4 313 381 387 505
4 388 382 314 506
4 313 505 503 321
4 504 506 314 322
4 319 321 503 389
4 504 322 320 390
