# SWC to SWC conversion from L-Measure. Sridevi Polavaram: spolavar@gmu.edu
# Original fileName:N:\ToBackup\Training\Dan\_Postprocessing\Fricker_Final\Source_Temp1//11706c2.DP1.swc
#
# SWC to SWC conversion from L-Measure. Sridevi Polavaram: spolavar@gmu.edu
# Original fileName:C:\NMO_dev\data_proc\Fricker_Final\Source_Temp1//11706c2.CNG.swc
#
# SWC to SWC conversion from L-Measure. Sridevi Polavaram: spolavar@gmu.edu
# Original fileName:C:\NMO_dev\data_proc\Auto swc//11706c2.asc.swc.CNG.swc
#
# Original file C:\NMO_dev\data_proc\Temp_LMeasure\11706c2.asc.swc edited using StdSwc version 1.31 on 8/5/19.
# Irregularities and fixes documented in C:\NMO_dev\data_proc\Temp_LMeasure\11706c2.asc.swc.std.  See StdSwc1.31.doc for more information.
#
# Neurolucida to SWC conversion from L-Measure. Sridevi Polavaram: spolavar@gmu.edu
# Original fileName:C:\NMO_dev\data_proc\Source_Temp1//11706c2.asc
#The original file has a single soma contour that is averaged into 3 soma points
# ORIGINAL_SOURCE 
# CREATURE 
# REGION 
# FIELD/LAYER 
# TYPE 
# CONTRIBUTOR 
# REFERENCE 
# RAW 
# EXTRAS 
# SOMA_AREA 
# SHRINKAGE_CORRECTION 
# VERSION_NUMBER 
# VERSION_DATE 
# ********************************************* 
# SCALE 1.0 1.0 1.0 
 1 1 0 0 0 5.63 -1
 2 1 -1.52 5.4 0 5.63 1
 3 1 1.51 -5.39 0 5.63 1
 4 2 -3.4 3.09 4.55 0.325 1
 5 2 -3.18 2.81 4.55 0.325 4
 6 2 -9.1 2.84 1.05 0.08 5
 7 2 -14.86 1.73 1.05 0.08 6
 8 2 -15.06 1.83 1.05 0.08 7
 9 2 -19.32 2.29 1.05 0.08 8
 10 2 -19.34 1.77 1.05 0.08 9
 11 2 -23.76 1.87 9.55 0.08 10
 12 2 -32.99 1.13 9.55 0.08 11
 13 2 -37.52 4.58 9.55 0.08 12
 14 2 -41.07 3.41 7.55 0.08 13
 15 2 -51.68 3.28 12.56 0.08 14
 16 2 -52.34 3.77 12.56 0.08 15
 17 2 -66.49 6.7 15.06 0.08 16
 18 2 -66.65 6.65 15.06 0.08 17
 19 2 -73.71 6.54 15.06 0.08 18
 20 2 -73.88 7.16 15.06 0.08 19
 21 2 -91.25 12.39 19.05 0.08 20
 22 2 -94.92 15.24 19.05 0.08 21
 23 2 -95.14 16.01 19.05 0.08 22
 24 2 -102.44 25.62 22.05 0.08 23
 25 2 -103.54 25.47 22.05 0.08 24
 26 2 -107.44 26.57 22.05 0.08 25
 27 2 -113.14 24.93 22.05 0.08 26
 28 2 -117.74 22.99 23.55 0.08 27
 29 2 -127.75 20.68 27.55 0.08 28
 30 2 -127.85 20.63 27.55 0.08 29
 31 2 -20.02 -1.59 13.56 0.325 10
 32 2 -24.4 -2.14 13.56 0.325 31
 33 2 -28.8 -5.73 18.55 0.325 32
 34 2 -31.16 -6.9 18.55 0.325 33
 35 2 -31.13 -9.43 23.05 0.325 34
 36 2 -29.66 -11.05 26.55 0.325 35
 37 2 -25.38 -8.83 29.55 0.325 36
 38 2 -22.58 -9.22 32.56 0.325 37
 39 2 -22.23 -9.8 32.56 0.325 38
 40 2 -21.59 -10.29 32.56 0.325 39
 41 2 -21.44 -10.25 32.56 0.325 40
 42 2 -16.57 -5.32 35.06 0.325 41
 43 2 -16.42 -5.27 35.06 0.325 42
 44 2 -12.14 -2.57 35.06 0.325 43
 45 2 -4.41 1.78 38.06 0.325 44
 46 2 -3.01 2.18 38.06 0.325 45
 47 2 -2.65 4.5 38.06 0.325 46
 48 2 -2.41 4.9 38.06 0.325 47
 49 2 1.05 11.1 46.06 0.325 48
 50 2 1.15 13.16 46.06 0.325 49
 51 2 1.52 15.3 46.06 0.325 50
 52 2 1.66 16.02 46.06 0.325 51
 53 2 2.09 16.32 46.06 0.325 52
 54 2 4.3 17.44 46.06 0.325 53
 55 2 5.09 17.66 46.06 0.325 54
 56 2 -8.69 17.13 4.55 0.325 5
 57 2 -8.33 22.98 8.05 0.325 56
 58 2 -4.2 25.67 8.05 0.325 57
 59 2 -4 26.73 8.05 0.325 58
 60 2 -4.32 29.68 8.05 0.325 59
 61 2 -4.39 30.52 8.05 0.325 60
 62 2 -4.27 30.71 8.05 0.325 61
 63 2 -4.51 32.01 8.05 0.325 62
 64 2 -8.19 27.74 1.05 0.08 63
 65 2 -11.84 23.35 -0.44 0.08 64
 66 2 -12.23 22.91 -0.44 0.08 65
 67 2 -20.81 16.76 2.05 0.08 66
 68 2 -20.76 16.6 2.05 0.08 67
 69 2 -30.33 11.02 2.05 0.08 68
 70 2 -30.12 10.25 2.05 0.08 69
 71 2 -30.18 9.9 2.05 0.08 70
 72 2 -37.47 0.41 2.05 0.08 71
 73 2 -39.31 -2.64 2.05 0.08 72
 74 2 -39.44 -6.88 2.05 0.08 73
 75 2 -39.16 -7.32 2.05 0.08 74
 76 2 -38.99 -7.27 2.05 0.08 75
 77 2 -41.38 -10.8 4.55 0.08 76
 78 2 -41.02 -10.87 4.55 0.08 77
 79 2 -45.96 -16.66 8.05 0.08 78
 80 2 -48.92 -18.17 10.56 0.08 79
 81 2 -55.28 -20.81 12.56 0.08 80
 82 2 -55.33 -21.17 12.56 0.08 81
 83 2 -58.7 -27.84 12.56 0.08 82
 84 2 -65.7 -29.31 16.05 0.08 83
 85 2 -68.66 -28.45 16.05 0.08 84
 86 2 -74.71 -30.34 19.05 0.08 85
 87 2 -85.47 -32.36 21.05 0.08 86
 88 2 -93.68 -33.14 26.55 0.08 87
 89 2 -99.84 -35.24 27.55 0.08 88
 90 2 -99.93 -35.58 27.55 0.08 89
 91 2 -102.49 -40.2 27.55 0.08 90
 92 2 -102.49 -40.71 27.55 0.08 91
 93 2 -105.09 -43.47 30.55 0.08 92
 94 2 -107.9 -44.58 33.56 0.08 93
 95 2 -121.5 -47.6 36.06 0.08 94
 96 2 -126.8 -47.41 34.56 0.08 95
 97 2 -126.8 -47.26 34.56 0.08 96
 98 2 -138.3 -44.91 32.56 0.08 97
 99 2 -138.6 -44.49 32.56 0.08 98
 100 2 -138.99 -43.75 32.56 0.08 99
 101 2 -139.99 -42.53 32.56 0.08 100
 102 2 -139.49 -40.86 32.56 0.08 101
 103 2 -139.19 -40.61 32.56 0.08 102
 104 2 -134.38 -36.87 32.56 0.08 103
 105 2 -133.58 -35.31 32.56 0.08 104
 106 2 -133.46 -30.22 32.56 0.08 105
 107 2 -133.56 -27.03 32.56 0.08 106
 108 2 -133.75 -25.88 32.56 0.08 107
 109 2 -133.35 -24.1 32.56 0.08 108
 110 2 -132.95 -23.81 32.56 0.08 109
 111 2 -125.24 -20.47 32.56 0.08 110
 112 2 -124.14 -18.62 32.56 0.08 111
 113 2 -115.53 -14.16 42.06 0.08 112
 114 2 -115.63 -14.01 42.06 0.08 113
 115 2 -120.72 -11.42 42.06 0.08 114
 116 2 -120.92 -10.13 42.06 0.08 115
 117 2 -124.29 0.91 46.06 0.08 116
 118 2 -127.28 6.47 47.56 0.08 117
 119 2 -127.58 7.24 47.56 0.08 118
 120 2 -127.87 10.18 47.56 0.08 119
 121 2 -121.24 24.23 52.06 0.08 120
 122 2 -126.34 26.33 52.06 0.08 121
 123 2 -126.44 26.49 52.06 0.08 122
 124 2 -136.53 27.68 62.56 0.08 123
 125 2 -139.53 28.02 62.56 0.08 124
 126 2 -139.63 28.49 62.56 0.08 125
 127 2 -139.52 31.21 64.05 0.08 126
 128 2 -25.32 -18.08 -1.44 0.08 78
 129 2 -12.04 -24.98 -1.44 0.08 128
 130 2 -9.81 -26.88 -1.44 0.08 129
 131 2 -2.09 -31.46 -1.44 0.08 130
 132 2 0 -31.72 -1.44 0.08 131
 133 2 1.34 -31.66 -1.44 0.08 132
 134 2 16.83 -32.85 -1.44 0.08 133
 135 2 16.98 -32.81 -1.44 0.08 134
 136 2 -4.14 32.61 8.05 0.325 63
 137 2 -4.18 32.76 8.05 0.325 136
 138 2 -3.69 36.45 11.56 0.325 137
 139 2 -1 37.04 12.06 0.325 138
 140 2 1.74 32.08 9.55 0.08 139
 141 2 5.91 31.07 11.06 0.08 140
 142 2 6.23 25.75 11.06 0.165 141
 143 2 7.55 22.25 11.06 0.165 142
 144 2 4.73 16.04 13.06 0.165 143
 145 2 4.78 15.89 13.06 0.165 144
 146 2 4.19 13.2 13.06 0.165 145
 147 2 4.45 8.7 16.05 0.165 146
 148 2 4.03 3.52 16.05 0.165 147
 149 2 4.02 3 16.05 0.165 148
 150 2 4.8 -2.16 16.05 0.165 149
 151 2 6.71 -8.86 21.55 0.165 150
 152 2 6.79 -9.69 21.55 0.165 151
 153 2 5.83 -14.17 21.55 0.165 152
 154 2 5.77 -14.53 21.55 0.165 153
 155 2 -4.4 -23.84 22.05 0.165 154
 156 2 -9.54 -28.32 22.05 0.165 155
 157 2 -13.67 -34.06 22.05 0.165 156
 158 2 -21.55 -42.03 23.55 0.165 157
 159 2 -21.81 -42.27 23.55 0.165 158
 160 2 -23.97 -45.4 23.55 0.165 159
 161 2 -24.52 -45.89 23.55 0.165 160
 162 2 -24.98 -46.02 23.55 0.165 161
 163 2 -33.35 -48.73 23.55 0.165 162
 164 2 -33.84 -49.37 23.55 0.165 163
 165 2 -41.01 -55.11 23.55 0.165 164
 166 2 -41.39 -55.55 23.55 0.165 165
 167 2 -53.7 -64.59 23.55 0.165 166
 168 2 -53.92 -65.01 23.55 0.165 167
 169 2 -59.86 -69.71 23.55 0.165 168
 170 2 -60.11 -69.96 23.55 0.165 169
 171 2 -70.82 -75.18 23.55 0.165 170
 172 2 -70.64 -75.13 23.55 0.165 171
 173 2 -94.94 -91.96 27.05 0.165 172
 174 2 -101.42 -98.35 27.05 0.165 173
 175 2 -101.52 -98.54 27.05 0.165 174
 176 2 -114.75 -110.54 27.05 0.165 175
 177 2 -118.05 -112.53 27.05 0.165 176
 178 2 -118.35 -113.13 27.05 0.165 177
 179 2 -127.27 -120.51 30.55 0.165 178
 180 2 -131.48 -126.9 29.05 0.165 179
 181 2 -131.48 -127.1 29.05 0.165 180
 182 2 -132 -136.7 29.05 0.165 181
 183 2 -132.92 -143.59 28.05 0.165 182
 184 2 -134.54 -151.09 29.55 0.165 183
 185 2 -134.14 -151.79 29.55 0.165 184
 186 2 -134.04 -151.99 29.55 0.165 185
 187 2 -132.55 -156.1 29.55 0.165 186
 188 2 -132.86 -160.4 29.55 0.165 187
 189 2 -134.17 -167.19 32.56 0.165 188
 190 2 -138.38 -169.08 37.06 0.165 189
 191 2 -138.38 -170.78 37.06 0.165 190
 192 2 -137.5 -177.78 37.06 0.165 191
 193 2 -137.4 -177.88 37.06 0.165 192
 194 2 -132.62 -186.5 37.06 0.165 193
 195 2 -132.32 -187 37.06 0.165 194
 196 2 -130.23 -190.9 37.06 0.165 195
 197 2 -126.93 -193.51 37.06 0.165 196
 198 2 -126.83 -194.01 37.06 0.165 197
 199 2 -127.16 -203.41 35.06 0.165 198
 200 2 -126.56 -205.41 35.06 0.165 199
 201 2 -8.02 -36.7 22.05 0.165 157
 202 2 10.71 -34.93 15.56 0.165 201
 203 2 10.9 -35.04 15.56 0.165 202
 204 2 16.73 -44.37 15.06 0.165 203
 205 2 16.77 -44.53 15.06 0.165 204
 206 2 22.83 -52.79 15.06 0.165 205
 207 2 31.98 -58.32 9.55 0.165 206
 208 2 40.66 -63.3 9.55 0.165 207
 209 2 41.1 -63.68 9.55 0.165 208
 210 2 9.89 -18.93 24.55 0.165 154
 211 2 7.27 -22.73 25.55 0.165 210
 212 2 1.49 -26.22 29.05 0.165 211
 213 2 -2.33 -35.92 30.55 0.165 212
 214 2 -8.41 -38.32 31.55 0.165 213
 215 2 -11.91 -40.32 34.56 0.165 214
 216 2 -18.7 -46.1 37.06 0.165 215
 217 2 -21.54 -49.28 37.06 0.165 216
 218 2 -21.79 -50.2 37.06 0.165 217
 219 2 -23.69 -52.42 37.06 0.165 218
 220 2 -29.34 -54.52 41.56 0.165 219
 221 2 -35.53 -53.56 44.56 0.165 220
 222 2 -40.56 -54.31 48.06 0.165 221
 223 2 -40.65 -54 48.06 0.165 222
 224 2 -40.84 -53.88 48.06 0.165 223
 225 2 -44.85 -53.48 48.06 0.165 224
 226 2 -45.66 -52.37 48.06 0.165 225
 227 2 -46.3 -51.87 48.06 0.165 226
 228 2 -55.6 -53.66 50.56 0.165 227
 229 2 -59.58 -50.89 50.56 0.165 228
 230 2 -60.14 -49.54 50.56 0.165 229
 231 2 -60.39 -49.26 50.56 0.165 230
 232 2 -62.28 -47.94 50.56 0.165 231
 233 2 -63.78 -46.84 50.56 0.165 232
 234 2 -68.75 -44.2 50.56 0.165 233
 235 2 -68.94 -44.09 50.56 0.165 234
 236 2 -69.15 -43.96 50.56 0.165 235
 237 2 -72.88 -43.85 50.56 0.165 236
 238 2 -73.14 -43.57 50.56 0.165 237
 239 2 -76.66 -38.83 51.56 0.165 238
 240 2 -76.89 -38.05 51.56 0.165 239
 241 2 -84.09 -33.5 52.06 0.165 240
 242 2 -84.18 -33.17 52.06 0.165 241
 243 2 -84.07 -32.98 52.06 0.165 242
 244 2 -85.23 -21.66 52.06 0.165 243
 245 2 -85.5 -20.72 52.06 0.165 244
 246 2 -86.72 -17.02 52.06 0.165 245
 247 2 -86.36 -15.22 52.06 0.165 246
 248 2 -93.56 -8.3 55.56 0.165 247
 249 2 -92.95 -3.91 55.56 0.165 248
 250 2 -91.72 -1.73 55.56 0.165 249
 251 2 -90.87 -1.13 55.56 0.165 250
 252 2 -89.77 0.34 55.56 0.165 251
 253 2 -89.36 1.31 55.56 0.165 252
 254 2 -89.21 1.35 55.56 0.165 253
 255 2 -88.21 4.33 55.56 0.165 254
 256 2 -88.85 5.49 55.56 0.165 255
 257 2 -89.07 5.61 55.56 0.165 256
 258 2 -93.66 7.52 55.56 0.165 257
 259 2 -94.7 8.23 55.56 0.165 258
 260 2 -95.23 8.27 55.56 0.165 259
 261 2 -100.87 9.04 55.56 0.165 260
 262 2 -102.57 10.92 55.56 0.165 261
 263 2 -103.17 11.93 55.56 0.165 262
 264 2 -104.07 12.54 55.56 0.165 263
 265 2 -105.36 13.4 57.52 0.165 264
 266 2 -107.46 13.96 61.02 0.165 265
 267 2 -107.66 13.91 61.02 0.165 266
 268 2 -110.97 10.64 64.02 0.165 267
 269 2 -111.27 10.54 64.02 0.165 268
 270 2 -113.17 11.34 64.02 0.165 269
 271 2 -112.97 13.09 64.02 0.165 270
 272 2 -113.06 13.41 64.02 0.165 271
 273 2 18.7 -22.03 26.05 0.165 210
 274 2 18.74 -22.18 26.05 0.165 273
 275 2 24.97 -25.67 26.05 0.165 274
 276 2 25.34 -25.73 26.05 0.165 275
 277 2 27.7 -25.75 26.05 0.165 276
 278 2 28.53 -25.68 26.05 0.165 277
 279 2 30.6 -26.44 26.05 0.165 278
 280 2 30.8 -26.55 26.05 0.165 279
 281 2 31.44 -27.06 26.05 0.165 280
 282 2 33.4 -29.19 26.05 0.165 281
 283 2 33.79 -29.41 26.05 0.165 282
 284 2 34.32 -29.45 26.05 0.165 283
 285 2 43.03 -32.23 26.05 0.165 284
 286 2 43.35 -32.14 26.05 0.165 285
 287 2 55.53 -33.42 27.05 0.165 286
 288 2 55.57 -33.59 27.05 0.165 287
 289 2 62.84 -38.96 27.05 0.165 288
 290 2 63.09 -39.23 27.05 0.165 289
 291 2 63.45 -39.3 27.05 0.165 290
 292 2 75.14 -47.81 28.55 0.165 291
 293 2 75.81 -47.81 28.55 0.165 292
 294 2 91.37 -57.43 28.55 0.165 293
 295 2 91.73 -57.5 28.55 0.165 294
 296 2 104.75 -62.27 28.55 0.165 295
 297 2 104.95 -62.54 28.55 0.165 296
 298 2 121.64 -70.17 29.55 0.165 297
 299 2 128.03 -72.58 29.55 0.165 298
 300 2 134.72 -75.41 29.55 0.165 299
 301 2 147.92 -78.97 32.06 0.165 300
 302 2 165.12 -79.35 32.56 0.165 301
 303 2 173.81 -82.13 32.56 0.165 302
 304 2 163.23 -74.31 33.06 0.165 303
 305 2 163.13 -74.01 33.06 0.165 304
 306 2 158.75 -63.93 34.56 0.165 305
 307 2 158.45 -63.65 34.56 0.165 306
 308 2 155.77 -57.52 36.56 0.165 307
 309 2 155.67 -57.2 36.56 0.165 308
 310 2 153.58 -49.17 40.06 0.165 309
 311 2 149.59 -44.86 40.06 0.165 310
 312 2 145.29 -45.07 43.06 0.165 311
 313 2 142.19 -45.46 44.56 0.165 312
 314 2 142.09 -45.14 44.56 0.165 313
 315 2 140.8 -43.64 44.56 0.165 314
 316 2 140.3 -42.94 44.56 0.165 315
 317 2 141.31 -39.41 8.05 0.245 316
 318 2 135.49 -47.3 11.06 0.245 317
 319 2 134.99 -47.6 11.06 0.245 318
 320 2 119.96 -58.28 12.06 0.245 319
 321 2 119.86 -58.32 12.06 0.245 320
 322 2 116.56 -61.62 12.06 0.245 321
 323 2 117.55 -63.36 12.06 0.245 322
 324 2 118.63 -73.7 12.06 0.245 323
 325 2 118.73 -74.16 12.06 0.245 324
 326 2 118.8 -85.8 5.55 0.245 325
 327 2 118.8 -85.96 5.55 0.245 326
 328 2 116.97 -97.96 5.55 0.245 327
 329 2 117.07 -98.26 5.55 0.245 328
 330 2 121.46 -105.97 5.55 0.245 329
 331 2 121.56 -105.97 5.55 0.245 330
 332 2 128.75 -108.69 9.55 0.245 331
 333 2 129.05 -108.89 9.55 0.245 332
 334 2 142.02 -35.32 8.05 0.245 317
 335 2 140.05 -19.99 5.05 0.245 334
 336 2 134.87 -12.35 2.55 0.245 335
 337 2 133.57 -10.69 2.55 0.245 336
 338 2 127.29 -3.35 2.55 0.245 337
 339 2 127.19 -3.2 2.55 0.245 338
 340 2 123.3 2.78 -2.44 0.245 339
 341 2 120.22 10.33 -2.44 0.245 340
 342 2 110.16 30.31 -2.44 0.325 341
 343 2 139.3 -42.38 44.56 0.165 316
 344 2 138.9 -42.01 44.56 0.165 343
 345 2 131.99 -45.13 46.06 0.165 344
 346 2 131.89 -44.97 46.06 0.165 345
 347 2 128.99 -47.16 46.06 0.165 346
 348 2 127.29 -46.3 46.06 0.165 347
 349 2 122 -40.85 49.56 0.165 348
 350 2 115.82 -31.77 52.56 0.165 349
 351 2 115.72 -31.14 52.56 0.165 350
 352 2 114.44 -26.6 54.06 0.165 351
 353 2 112.05 -18.67 54.06 0.165 352
 354 2 108.67 -12.7 55.56 0.165 353
 355 2 105.68 -5.4 57.06 0.165 354
 356 2 105.58 -4.79 57.06 0.165 355
 357 2 102.59 -1.58 57.06 0.165 356
 358 2 102.29 -1.16 57.06 0.165 357
 359 2 102.19 -0.69 57.06 0.165 358
 360 2 92.84 16.26 58.56 0.165 359
 361 2 92.7 16.74 58.56 0.165 360
 362 2 90.86 22.11 58.56 0.165 361
 363 2 90.89 22.62 58.56 0.165 362
 364 2 90.68 22.73 58.56 0.165 363
 365 2 83.17 30.74 58.56 0.165 364
 366 2 82.69 45.65 56.56 0.165 365
 367 2 74.66 51.99 54.06 0.165 366
 368 2 74.87 52.39 54.06 0.165 367
 369 2 76.04 58.46 50.56 0.165 368
 370 2 76.42 61.27 49.56 0.165 369
 371 2 78.53 62.22 48.06 0.165 370
 372 2 83.3 60.85 44.56 0.165 371
 373 2 86.6 61.11 44.56 0.165 372
 374 2 87.86 61.47 44.56 0.165 373
 375 2 92.71 62.84 44.56 0.165 374
 376 2 93.6 63.24 44.56 0.165 375
 377 2 93.76 63.29 44.56 0.165 376
 378 2 194.41 -84.27 35.56 0.165 303
 379 2 194.8 -84.81 35.56 0.165 378
 380 2 201.89 -88.89 35.56 0.165 379
 381 2 202.79 -90.01 35.56 0.165 380
 382 2 209.98 -96.57 36.06 0.165 381
 383 2 210.48 -96.59 36.06 0.165 382
 384 2 215.27 -98.99 36.06 0.165 383
 385 2 215.77 -100.35 36.06 0.165 384
 386 2 217.26 -103.69 36.06 0.165 385
 387 2 218.16 -104.09 36.06 0.165 386
 388 2 219.36 -104.09 36.06 0.165 387
 389 2 226.35 -107.81 36.06 0.165 388
 390 2 226.55 -107.91 36.06 0.165 389
 391 2 228.35 -107.81 36.06 0.165 390
 392 2 236.64 -114.23 36.06 0.165 391
 393 2 237.14 -114.43 36.06 0.165 392
 394 2 249.21 -124.86 36.06 0.165 393
 395 2 267.09 -134.3 36.56 0.165 394
 396 2 267.29 -134.5 36.56 0.165 395
 397 2 286.17 -145.14 36.56 0.165 396
 398 2 286.37 -145.24 36.56 0.165 397
 399 2 292.34 -159.16 34.56 0.165 398
 400 2 303 -177.28 34.56 0.165 399
 401 2 303.89 -180.18 34.56 0.165 400
 402 2 311.37 -190.6 34.06 0.165 401
 403 2 315.75 -195.81 34.06 0.165 402
 404 2 320.25 -196.02 38.56 0.21 403
 405 2 323.65 -197.13 38.56 0.21 404
 406 2 324.14 -200.33 43.06 0.21 405
 407 2 324.44 -200.83 43.06 0.21 406
 408 2 325.93 -205.43 43.06 0.21 407
 409 2 325.93 -205.63 43.06 0.21 408
 410 2 324.82 -210.03 46.56 0.21 409
 411 2 324.82 -210.13 46.56 0.21 410
 412 2 326.61 -213.03 46.56 0.21 411
 413 2 326.51 -213.23 46.56 0.21 412
 414 2 320.89 -221.82 50.06 0.21 413
 415 2 318.38 -227.32 51.56 0.21 414
 416 2 318.86 -237.42 54.56 0.21 415
 417 2 318.96 -237.72 54.56 0.21 416
 418 2 317.34 -244.71 55.56 0.21 417
 419 2 316.01 -257.61 58.56 0.21 418
 420 2 316.31 -260.81 58.56 0.21 419
 421 2 316.41 -261.01 58.56 0.21 420
 422 2 317.69 -266.11 58.56 0.21 421
 423 2 314.58 -270.91 60.56 0.21 422
 424 2 323.63 -205.43 35.06 0.165 403
 425 2 323.83 -205.63 35.06 0.165 424
 426 2 333.91 -216.15 35.06 0.165 425
 427 2 334.11 -216.25 35.06 0.165 426
 428 2 339.6 -218.96 35.06 0.165 427
 429 2 340.2 -219.16 35.06 0.165 428
 430 2 340.2 -219.26 35.06 0.165 429
 431 2 358.86 -235.11 35.06 0.165 430
 432 2 359.06 -235.11 35.06 0.165 431
 433 2 358.14 -244.61 35.56 0.165 432
 434 2 359.92 -253.21 35.56 0.165 433
 435 2 364.9 -265.02 33.06 0.165 434
 436 2 365 -265.32 33.06 0.165 435
 437 2 365.69 -265.92 33.06 0.165 436
 438 2 368.38 -271.13 33.06 0.165 437
 439 2 368.48 -271.43 33.06 0.165 438
 440 2 368.68 -271.73 33.06 0.165 439
 441 2 368.78 -272.03 33.06 0.165 440
 442 2 365.26 -237.92 34.56 0.165 432
 443 2 5.89 31.79 10.27 0.245 141
 444 2 4.84 34.36 5.05 0.245 443
 445 2 1.57 35.78 5.05 0.245 444
 446 2 1.39 35.89 5.05 0.245 445
 447 2 0.78 36.23 5.05 0.245 446
 448 2 -3.36 37.75 0.55 0.245 447
 449 2 -3.56 37.87 0.55 0.245 448
 450 2 -7.47 41 0.55 0.245 449
 451 2 -7.52 41.14 0.55 0.245 450
 452 2 -11.8 43.16 -0.94 0.245 451
 453 2 -17.76 43.34 -1.94 0.245 452
 454 2 -19.22 44.94 -2.94 0.245 453
 455 2 -19.31 45.25 -2.94 0.245 454
 456 2 -24.95 49.05 -2.94 0.245 455
 457 2 -25.79 49.68 -2.94 0.245 456
 458 2 -30.74 50.46 -2.94 0.245 457
 459 2 -17.89 34.85 -0.44 0.245 453
 460 2 -17.94 35.01 -0.44 0.245 459
 461 2 -19.04 25.75 -0.44 0.245 460
 462 2 -18.64 24.32 -0.44 0.245 461
 463 2 -3.59 52.38 -2.94 0.245 452
 464 2 -3.43 52.42 -2.94 0.245 463
 465 2 12.5 57.47 -2.44 0.245 464
 466 2 21.38 63.68 -2.44 0.245 465
 467 2 21.92 64.17 -2.44 0.245 466
 468 2 13.68 70.63 -0.44 0.08 467
 469 2 6.59 77.24 0.55 0.08 468
 470 2 6.5 77.56 0.55 0.08 469
 471 2 0.84 85.05 0.55 0.08 470
 472 2 0.6 85.33 0.55 0.08 471
 473 2 0.46 85.29 0.55 0.08 472
 474 2 -8.65 94.21 4.55 0.08 473
 475 2 36.22 72.76 0.05 0.08 467
 476 2 37.11 73.18 0.05 0.08 475
 477 2 42.61 75.25 0.05 0.08 476
 478 2 43.76 75.4 0.05 0.08 477
 479 2 56.95 78.96 2.05 0.08 478
 480 2 64.4 80.71 2.05 0.08 479
 481 2 65.38 81.33 2.05 0.08 480
 482 2 66.45 82.32 2.05 0.08 481
 483 2 69.51 85.88 2.05 0.08 482
 484 2 69.7 86.45 2.05 0.08 483
 485 2 76.4 91.36 2.05 0.08 484
 486 2 83.16 96.14 2.55 0.08 485
 487 2 76.3 98.94 6.55 0.08 486
 488 2 69.83 102.64 6.55 0.08 487
 489 2 62.55 98.6 9.55 0.08 488
 490 2 58.55 92.41 9.55 0.08 489
 491 2 57.57 86.89 9.55 0.08 490
 492 2 57.5 86.55 9.55 0.08 491
 493 2 53.07 77.68 12.56 0.08 492
 494 2 53 77.34 12.56 0.08 493
 495 2 49.65 70.64 12.56 0.08 494
 496 2 49.74 70.34 12.56 0.08 495
 497 2 49.58 70.29 12.56 0.08 496
 498 2 43.72 61.71 14.06 0.08 497
 499 2 43.77 61.56 14.06 0.08 498
 500 2 42.35 56.42 14.06 0.08 499
 501 2 42.39 56.28 14.06 0.08 500
 502 2 38.78 53.55 14.06 0.08 501
 503 2 37.55 44.76 17.05 0.08 502
 504 2 33.78 35.93 17.05 0.08 503
 505 2 32.2 27.2 21.05 0.08 504
 506 2 32.29 26.89 21.05 0.08 505
 507 2 30.13 22.58 21.05 0.08 506
 508 2 34.06 15.24 24.05 0.08 507
 509 2 36.18 12.46 24.05 0.08 508
 510 2 36.86 7.08 28.05 0.08 509
 511 2 40.31 0.8 33.56 0.08 510
 512 2 41.82 -4.5 37.56 0.08 511
 513 2 42.27 -4.87 37.56 0.08 512
 514 2 48.66 -10.16 41.06 0.08 513
 515 2 48.09 -17.08 43.06 0.08 514
 516 2 48.33 -17.35 43.06 0.08 515
 517 2 51.39 -23.41 43.06 0.08 516
 518 2 51.03 -25.7 46.06 0.08 517
 519 2 52.53 -29.84 49.06 0.08 518
 520 2 53.33 -32.67 51.56 0.08 519
 521 2 51.32 -39.98 52.06 0.08 520
 522 2 50.42 -43.28 52.06 0.08 521
 523 2 50.49 -44.78 52.06 0.08 522
 524 2 52.29 -52.37 54.06 0.08 523
 525 2 53.04 -55.04 54.06 0.08 524
 526 2 52.78 -55.27 54.06 0.08 525
 527 2 49.89 -58.8 57.56 0.08 526
 528 2 50.05 -58.75 57.56 0.08 527
 529 2 51.09 -61.85 57.56 0.08 528
 530 2 50.32 -70.49 59.06 0.08 529
 531 2 50.37 -70.66 59.06 0.08 530
 532 2 47.72 -75.62 59.06 0.08 531
 533 2 47.68 -76.14 59.06 0.08 532
 534 2 48.51 -83.18 60.56 0.08 533
 535 2 48.55 -83.33 60.56 0.08 534
 536 2 49.43 -90.68 60.56 0.08 535
 537 2 51.88 -94.55 62.06 0.08 536
 538 2 51.99 -94.35 62.06 0.08 537
 539 2 52.14 -94.31 62.06 0.08 538
 540 2 52.9 -96.95 63.56 0.08 539
 541 2 5.89 32.12 9.9 0.245 443
 542 2 17.06 24.42 11.56 0.08 541
 543 2 21.53 22.99 11.56 0.08 542
 544 2 21.84 23.08 11.56 0.08 543
 545 2 27.66 22.18 11.56 0.08 544
 546 2 29.21 22.11 11.56 0.08 545
 547 2 29.53 22.2 11.56 0.08 546
 548 2 35.61 22.73 12.56 0.165 547
 549 2 39.53 19.62 12.56 0.165 548
 550 2 39.83 19.21 12.56 0.165 549
 551 2 43.24 14.26 12.56 0.165 550
 552 2 43.29 14.08 12.56 0.165 551
 553 2 52.96 8.55 14.06 0.165 552
 554 2 56.97 6.31 14.06 0.165 553
 555 2 57.34 6.23 14.06 0.165 554
 556 2 60.91 3.7 15.56 0.165 555
 557 2 64.08 3.25 15.56 0.165 556
 558 2 64.12 3.1 15.56 0.165 557
 559 2 66.11 0.27 15.56 0.165 558
 560 2 67.21 -0.08 15.56 0.165 559
 561 2 72.16 -3.25 17.55 0.165 560
 562 2 74.88 -2.65 17.55 0.165 561
 563 2 75.38 -2.68 17.55 0.165 562
 564 2 89.25 -4.62 17.55 0.165 563
 565 2 93.18 -5.37 17.55 0.165 564
 566 2 93.22 -5.53 17.55 0.165 565
 567 2 109.26 -14.35 17.55 0.165 566
 568 2 109.46 -14.46 17.55 0.165 567
 569 2 117.85 -21.54 17.55 0.165 568
 570 2 127.32 -33.71 17.55 0.165 569
 571 2 135.6 -42.03 17.55 0.165 570
 572 2 135.8 -42.14 17.55 0.165 571
 573 2 136 -42.09 17.55 0.165 572
 574 2 142.4 -44 17.55 0.165 573
 575 2 142.9 -44.38 17.55 0.165 574
 576 2 158.37 -56.05 17.55 0.165 575
 577 2 174.94 -67.75 17.55 0.165 576
 578 2 178.42 -77.42 16.05 0.165 577
 579 2 178.42 -77.58 16.05 0.165 578
 580 2 183.6 -84.41 16.05 0.165 579
 581 2 183.89 -90.25 16.05 0.165 580
 582 2 184.49 -91.24 16.05 0.165 581
 583 2 188.96 -104.12 17.55 0.165 582
 584 2 188.96 -104.32 17.55 0.165 583
 585 2 193.95 -110.03 17.55 0.165 584
 586 2 200.83 -117.35 17.55 0.165 585
 587 2 208.2 -129.87 17.55 0.165 586
 588 2 208.3 -130.17 17.55 0.165 587
 589 2 212.08 -139.37 17.55 0.165 588
 590 2 212.18 -139.67 17.55 0.165 589
 591 2 228.33 -163.01 17.55 0.165 590
 592 2 237.3 -176.13 15.56 0.165 591
 593 2 241.27 -187.24 14.06 0.165 592
 594 2 250.94 -201.16 14.06 0.165 593
 595 2 252.93 -205.87 14.06 0.165 594
 596 2 253.23 -206.17 14.06 0.165 595
 597 2 262.01 -215.09 14.06 0.165 596
 598 2 265.17 -232.79 14.06 0.165 597
 599 2 268.37 -234.1 12.56 0.165 598
 600 2 268.36 -238.1 12.56 0.165 599
 601 2 269.54 -246.6 14.06 0.07 600
 602 2 275.82 -255.12 15.56 0.07 601
 603 2 275.82 -254.82 15.56 0.07 602
 604 2 276.02 -254.82 15.56 0.07 603
 605 2 276.82 -252.52 17.05 0.07 604
 606 2 281.84 -246.93 18.55 0.07 605
 607 2 283.94 -244.94 18.55 0.07 606
 608 2 285.35 -241.54 18.55 0.07 607
 609 2 285.25 -241.34 18.55 0.07 608
 610 2 285.35 -241.04 18.55 0.07 609
 611 2 285.25 -240.44 18.55 0.07 610
 612 2 282.67 -234.13 22.55 0.07 611
 613 2 282.17 -232.53 22.55 0.07 612
 614 2 282.27 -232.13 22.55 0.07 613
 615 2 281.88 -227.73 22.55 0.07 614
 616 2 282.28 -226.73 22.55 0.07 615
 617 2 282.68 -226.33 22.55 0.07 616
 618 2 283.19 -225.14 22.55 0.07 617
 619 2 283.39 -224.94 22.55 0.07 618
 620 2 284.6 -220.74 22.55 0.07 619
 621 2 284.7 -220.44 22.55 0.07 620
 622 2 284.8 -220.44 22.55 0.07 621
 623 2 282.4 -218.13 25.55 0.07 622
 624 2 291.88 -228.86 27.05 0.07 623
 625 2 291.98 -229.16 27.05 0.07 624
 626 2 268.06 -238.4 10.56 0.165 600
 627 2 271.64 -244.01 6.55 0.165 626
 628 2 273.23 -248.31 6.55 0.165 627
 629 2 274.23 -250.02 6.55 0.165 628
 630 2 277.63 -250.42 4.55 0.165 629
 631 2 280.93 -250.33 4.55 0.165 630
 632 2 282.83 -251.13 0.55 0.165 631
 633 2 283.13 -251.54 0.55 0.165 632
 634 2 286.81 -258.64 0.55 0.165 633
 635 2 288.81 -259.45 0.55 0.165 634
 636 2 288.91 -259.75 0.55 0.165 635
 637 2 289.51 -260.05 0.55 0.165 636
 638 2 289.71 -260.15 0.55 0.165 637
 639 2 5.89 32.44 9.55 0.245 541
 640 3 -4.05 -2.95 1.99 0.08 1
 641 3 -3.51 -3.64 1.99 0.08 640
 642 3 1.76 -11.63 1.99 0.08 641
 643 3 2.04 -12.05 1.99 0.08 642
 644 3 7.2 -14.8 1.99 0.08 643
 645 3 7.35 -14.75 1.99 0.08 644
 646 3 17.28 -14.66 1.99 0.08 645
 647 3 19.47 -14.05 1.99 0.08 646
 648 3 33.6 -15.63 4.99 0.08 647
 649 3 40.12 -16 4.99 0.08 648
 650 3 41.68 -15.55 4.99 0.08 649
 651 3 47.15 -14.01 4.99 0.08 650
 652 3 73.71 -20.69 7.99 0.325 651
 653 3 74.53 -20.62 7.99 0.325 652
 654 3 87.46 -26.94 7.99 0.325 653
 655 3 87.9 -27.32 7.99 0.325 654
 656 3 93.98 -38.63 7.99 0.325 655
 657 3 94.74 -39.58 7.99 0.325 656
 658 3 96.79 -40.86 7.99 0.325 657
 659 3 108.18 -51.84 9.49 0.325 658
 660 3 108.88 -51.98 9.49 0.325 659
 661 3 116.77 -57.35 9.49 0.325 660
 662 3 117.07 -57.45 9.49 0.325 661
 663 3 117.76 -57.75 9.49 0.325 662
 664 3 129.05 -62.85 9.99 0.325 663
 665 3 129.15 -62.8 9.99 0.325 664
 666 3 134.96 -60.66 7.99 0.325 665
 667 3 135.06 -60.82 7.99 0.325 666
 668 3 137.45 -63.85 7.99 0.325 667
 669 3 138.05 -64.35 7.99 0.325 668
 670 3 140.75 -64.79 7.99 0.325 669
 671 3 151.04 -69.14 1.49 0.325 670
 672 3 59.52 -9.33 7.49 0.08 651
 673 3 59.83 -9.25 7.49 0.08 672
 674 3 63.03 -9.17 7.49 0.08 673
 675 3 65.34 -9.04 7.49 0.08 674
 676 3 74.95 -8.35 9.49 0.08 675
 677 3 77.14 -8.93 12.5 0.08 676
 678 3 77.76 -8.75 12.5 0.08 677
 679 3 82.37 -5.91 12.5 0.08 678
 680 3 82.86 -5.28 12.5 0.08 679
 681 3 84.72 -4.06 15.5 0.325 680
 682 3 92.2 -7.18 17.5 0.325 681
 683 3 93.72 -13.18 17.5 0.325 682
 684 3 94.39 -13.17 17.5 0.325 683
 685 3 98.36 -19.48 11.5 0.325 684
 686 3 98.31 -20.51 11.5 0.325 685
 687 3 93.68 -26.21 11.5 0.325 686
 688 3 93.56 -26.4 11.5 0.325 687
 689 3 93.34 -27.98 11.5 0.325 688
 690 3 95.67 -35.1 7.49 0.325 689
 691 3 95.92 -35.37 7.49 0.325 690
 692 3 98.7 -39.82 7.49 0.325 691
 693 3 100.3 -40.55 7.49 0.325 692
 694 3 101.29 -45.85 4.49 0.325 693
 695 3 101.19 -46.21 4.49 0.325 694
 696 3 99.02 -54.76 1.49 0.325 695
 697 3 98.86 -54.81 1.49 0.325 696
 698 3 96.55 -63.91 1.49 0.325 697
 699 3 100.93 -72.81 -2 0.325 698
 700 3 101.03 -72.76 -2 0.325 699
 701 3 101.23 -72.88 -2 0.325 700
 702 3 102.13 -74.67 -2 0.325 701
 703 3 102.13 -74.83 -2 0.325 702
 704 3 101.42 -78.73 -2 0.325 703
 705 3 101.42 -78.9 -2 0.325 704
 706 3 105.21 -82.57 -2 0.325 705
 707 3 105.21 -82.73 -2 0.325 706
 708 3 89.64 1.88 15.5 0.325 681
 709 3 96.99 7.47 15.5 0.325 708
 710 3 97.84 8.05 15.5 0.325 709
 711 3 106.02 13.07 15.5 0.325 710
 712 3 106.63 13.4 15.5 0.325 711
 713 3 111.33 14.72 15.5 0.325 712
 714 3 117.43 16.29 18 0.325 713
 715 3 124.84 20.21 18 0.325 714
 716 3 127.95 23.47 20 0.325 715
 717 3 135.06 29.36 20 0.325 716
 718 3 135.16 29.56 20 0.325 717
 719 3 135.56 29.85 20 0.325 718
 720 3 140.27 32.87 20 0.325 719
 721 3 141.88 35.83 20 0.325 720
 722 3 142.18 36.09 20 0.325 721
 723 3 146.29 41.13 22 0.325 722
 724 3 149.79 41.8 25 0.325 723
 725 3 152.89 44.01 25 0.325 724
 726 3 153.2 44.76 25 0.325 725
 727 3 153.9 45.98 25 0.325 726
 728 3 154 47.35 25.5 0.325 727
 729 3 153.51 50.93 29 0.325 728
 730 3 153.61 51.14 29 0.325 729
 731 3 154.82 55.55 29 0.325 730
 732 3 154.92 56.42 29 0.325 731
 733 3 155.12 56.62 29 0.325 732
 734 3 157.85 68.23 32.5 0.325 733
 735 3 159.55 69.52 32.5 0.325 734
 736 3 160.36 70.78 32.5 0.325 735
 737 3 160.56 71.17 32.5 0.325 736
 738 3 162.38 80.31 37.5 0.325 737
 739 3 162.88 80.95 37.5 0.325 738
 740 3 169.49 86.19 37.5 0.325 739
 741 3 169.59 86.55 37.5 0.325 740
 742 3 169.49 86.87 37.5 0.325 741
 743 3 0.55 4.55 0 0.215 1
 744 3 5.16 16.93 0 0.215 743
 745 3 9.18 24.11 0 0.215 744
 746 3 13.72 33.65 1.5 0.215 745
 747 3 13.68 33.79 1.5 0.215 746
 748 3 14.19 34.55 1.5 0.215 747
 749 3 11.88 45.22 2.5 0.405 748
 750 3 5.66 54.09 2.5 0.405 749
 751 3 5.74 57.34 2.5 0.405 750
 752 3 5.21 59.2 2.5 0.405 751
 753 3 2.39 65.68 3 0.405 752
 754 3 1.08 68.22 3 0.405 753
 755 3 -0.09 68.9 2.5 0.245 754
 756 3 -10.16 61.12 3.5 0.165 755
 757 3 -15.28 59.49 3.5 0.165 756
 758 3 -15.89 59.31 3.5 0.165 757
 759 3 -19.62 58.78 3.5 0.165 758
 760 3 -27.87 59.32 5 0.165 759
 761 3 -28.31 59.39 5 0.165 760
 762 3 -26.34 59.62 8 0.08 761
 763 3 -26.6 60.56 8 0.08 762
 764 3 -26.81 62.53 8 0.08 763
 765 3 -26.44 62.97 8 0.08 764
 766 3 -24.12 64.31 8 0.08 765
 767 3 -25.6 66.58 15.5 0.49 766
 768 3 -24.49 69.77 18.5 0.49 767
 769 3 -26.12 72.01 21.5 0.49 768
 770 3 -23.79 75.7 22.5 0.49 769
 771 3 -23.83 75.87 22.5 0.49 770
 772 3 -22.64 78.24 27 0.49 771
 773 3 -22.9 80.35 30 0.49 772
 774 3 -21.83 81.31 33 0.49 773
 775 3 -20.85 83.8 36 0.49 774
 776 3 -15.83 86.41 39 0.49 775
 777 3 -14.78 88.06 41.5 0.49 776
 778 3 -14.71 88.4 41.5 0.49 777
 779 3 -13.32 94.88 44 0.49 778
 780 3 -11.8 99.02 49 0.49 779
 781 3 -12.2 100.42 49 0.49 780
 782 3 -12.53 101.02 49 0.49 781
 783 3 -12.69 100.92 49 0.49 782
 784 3 -16.7 104.43 51.5 0.49 783
 785 3 -18.43 104.64 53.5 0.49 784
 786 3 -17.37 105.53 56.5 0.49 785
 787 3 -29.88 58.07 5 0.165 761
 788 3 -30.91 57.46 5 0.165 787
 789 3 -31.13 57.04 5 0.165 788
 790 3 -31.13 55.87 5 0.165 789
 791 3 -28.72 53.34 5 0.165 790
 792 3 -24.15 50.9 6 0.165 791
 793 3 -24.11 50.76 6 0.165 792
 794 3 -17.35 50.13 6 0.165 793
 795 3 -11.02 43.8 8.5 0.165 794
 796 3 -7.39 42.15 8 0.245 795
 797 3 -6.44 41.75 13 0.245 796
 798 3 -3.59 41.21 13 0.245 797
 799 3 -3.47 41.4 13 0.245 798
 800 3 -3.53 43.42 13 0.245 799
 801 3 -4.73 43.43 13 0.245 800
 802 3 -5.59 43.52 13 0.245 801
 803 3 -5.84 43.78 13 0.245 802
 804 3 -6.64 45.41 14.5 0.245 803
 805 3 -7.84 46.89 16 0.245 804
 806 3 -8.05 48.87 16 0.245 805
 807 3 -8.13 49.17 16 0.245 806
 808 3 -7.95 49.73 16 0.245 807
 809 3 -7.79 49.78 16 0.245 808
 810 3 -7.96 52.09 16 0.245 809
 811 3 -8.18 52.87 16 0.245 810
 812 3 -9.09 55 16 0.245 811
 813 3 -9.06 56.01 16 0.245 812
 814 3 -12.28 59.66 19.5 0.245 813
 815 3 -14.6 68.47 23.5 0.245 814
 816 3 -14.73 68.94 23.5 0.245 815
 817 3 -14.88 71.27 23.5 0.245 816
 818 3 -15.03 72.41 23.5 0.245 817
 819 3 -15.52 78.34 23.5 0.245 818
 820 3 -15.61 78.66 23.5 0.245 819
 821 3 -15.85 78.93 23.5 0.245 820
 822 3 -15.78 80.46 23.5 0.245 821
 823 3 -16.05 81.41 23.5 0.245 822
 824 3 -19.86 83.55 26.5 0.245 823
 825 3 -20.11 84.48 26.5 0.245 824
 826 3 -21.73 87.74 26.5 0.245 825
 827 3 -21.81 88.04 26.5 0.245 826
 828 3 -26.37 91.66 29 0.245 827
 829 3 -28.49 99.18 32.5 0.245 828
 830 3 -28.54 99.33 32.5 0.245 829
 831 3 -27.02 106.56 32.5 0.245 830
 832 3 -26.33 111.25 32.5 0.245 831
 833 3 -26.38 111.45 32.5 0.245 832
 834 3 -27.3 124.36 35.5 0.245 833
 835 3 -27.33 124.96 35.5 0.245 834
 836 3 -27.27 125.36 35.5 0.245 835
 837 3 -26.37 131.15 35.5 0.245 836
 838 3 -26.35 132.85 35.5 0.245 837
 839 3 -26.73 137.16 35.5 0.245 838
 840 3 -26.67 138.16 35.5 0.245 839
 841 3 -26.42 139.16 35.5 0.245 840
 842 3 -23.91 148.75 35.5 0.245 841
 843 3 -22.08 151.85 35.5 0.245 842
 844 3 -19.81 155.84 35.5 0.245 843
 845 3 -19.16 157.04 35.5 0.245 844
 846 3 -17.97 158.24 35.5 0.245 845
 847 3 -11.36 168.32 37 0.245 846
 848 3 -11.41 168.52 37 0.245 847
 849 3 -8.98 174.32 37 0.245 848
 850 3 -8.71 175.72 37 0.245 849
 851 3 -6.93 179.61 37 0.245 850
 852 3 -6.78 180.81 37 0.245 851
 853 3 -4.53 182.41 37 0.245 852
 854 3 -4.53 183.61 37 0.245 853
 855 3 -4.58 183.81 37 0.245 854
 856 3 -4.19 187.3 37 0.245 855
 857 3 -4.01 188.3 37 0.245 856
 858 3 1.6 195.29 37 0.245 857
 859 3 8.02 200.68 39 0.245 858
 860 3 11.47 208.27 40.5 0.245 859
 861 3 11.54 208.67 40.5 0.245 860
 862 3 11.7 208.67 40.5 0.245 861
 863 3 15.25 212.26 40.5 0.245 862
 864 3 15.38 212.36 40.5 0.245 863
 865 3 15.43 212.76 40.5 0.245 864
 866 3 20.79 223.75 42 0.245 865
 867 3 23 224.84 42 0.245 866
 868 3 23.57 225.84 42 0.245 867
 869 3 24.37 226.64 42 0.245 868
 870 3 28.42 231.93 42 0.245 869
 871 3 28.64 232.33 42 0.245 870
 872 3 28.87 232.73 42 0.245 871
 873 3 36.89 237.21 45 0.245 872
 874 3 37.19 238.01 45 0.245 873
 875 3 50.13 251.98 48 0.245 874
 876 3 50.26 252.18 48 0.245 875
 877 3 50.65 252.58 48 0.245 876
 878 3 50.6 252.78 48 0.245 877
 879 3 54.57 257.27 48 0.245 878
 880 3 55.53 257.97 48 0.245 879
 881 3 63.26 260.55 51.5 0.245 880
 882 3 64.15 260.95 51.5 0.245 881
 883 3 64.78 261.15 51.5 0.245 882
 884 3 71.25 263.33 51.5 0.245 883
 885 3 71.58 263.43 51.5 0.245 884
 886 3 77.71 269.22 52 0.245 885
 887 3 78.45 270.72 52 0.245 886
 888 3 78.98 271.22 52 0.245 887
 889 3 82.35 272.51 52 0.245 888
 890 3 83.59 272.91 52 0.245 889
 891 3 85.5 272.7 52 0.245 890
 892 3 90.66 272.29 52 0.245 891
 893 3 92.24 272.09 52 0.245 892
 894 3 92.57 272.19 52 0.245 893
 895 3 100.59 268.87 52 0.245 894
 896 3 100.9 268.87 52 0.245 895
 897 3 101.5 268.67 52 0.245 896
 898 3 105.1 267.96 52 0.245 897
 899 3 105.4 267.86 52 0.245 898
 900 3 106.5 268.15 52 0.245 899
 901 3 117.01 269.83 54 0.245 900
 902 3 117.21 269.83 54 0.245 901
 903 3 122.41 270.62 54 0.245 902
 904 3 122.71 270.62 54 0.245 903
 905 3 -1.11 73.97 5 0.405 754
 906 3 -11.63 87.88 4 0.405 905
 907 3 -12.52 88.64 4 0.405 906
 908 3 -16.06 89.84 4 0.405 907
 909 3 -16.24 90.48 4 0.405 908
 910 3 -24.45 98.61 4 0.405 909
 911 3 -24.63 99.25 4 0.405 910
 912 3 -24.88 99.52 4 0.405 911
 913 3 -32.26 105.37 4 0.405 912
 914 3 -32.46 105.47 4 0.405 913
 915 3 -37.22 110.38 4 0.405 914
 916 3 -37.5 110.78 4 0.405 915
 917 3 -37.55 110.98 4 0.405 916
 918 3 -44.78 119.2 3.5 0.405 917
 919 3 -47.99 119.9 3.5 0.405 918
 920 3 -49.75 124.31 3.5 0.405 919
 921 3 -50.12 125.01 3.5 0.405 920
 922 3 -50.21 125.31 3.5 0.405 921
 923 3 -57.86 135.63 3.5 0.405 922
 924 3 -66.52 142.95 3.5 0.405 923
 925 3 18.12 41.09 3 0.215 748
 926 3 20.58 42.82 3 0.215 925
 927 3 20.54 42.96 3 0.215 926
 928 3 24.06 48.22 3 0.215 927
 929 3 24.16 48.41 3 0.215 928
 930 3 24.4 48.62 3 0.215 929
 931 3 32.77 57.62 5 0.215 930
 932 3 36.52 59.99 5 0.215 931
 933 3 38.36 62.43 5 0.215 932
 934 3 38.55 62.78 5 0.215 933
 935 3 43.02 67.79 5 0.215 934
 936 3 44.37 70.43 5 0.215 935
 937 3 44.68 71.19 5 0.215 936
 938 3 46.32 73.77 5 0.215 937
 939 3 46.49 74.01 5 0.215 938
 940 3 46.75 74.33 5 0.215 939
 941 3 51.42 78.43 6.5 0.215 940
 942 3 51.48 78.53 6.5 0.215 941
 943 3 54.29 82.36 6.5 0.215 942
 944 3 54.52 82.67 6.5 0.215 943
 945 3 54.64 82.88 6.5 0.215 944
 946 3 56.33 85.31 6.5 0.215 945
 947 3 56.39 85.4 6.5 0.215 946
 948 3 58.73 87.49 8 0.215 947
 949 3 58.87 87.62 8 0.215 948
 950 3 61.21 89.81 8 0.215 949
 951 3 61.66 90.35 8 0.215 950
 952 3 61.93 90.6 8 0.215 951
 953 3 63.82 92.83 8 0.215 952
 954 3 64.94 93.99 8 0.215 953
 955 3 67.67 99.82 10.5 0.215 954
 956 3 67.8 99.94 10.5 0.215 955
 957 3 67.87 100.04 10.5 0.215 956
 958 3 68.15 100.54 10.5 0.215 957
 959 3 70.09 102.94 10.5 0.215 958
 960 3 70.41 103.34 10.5 0.215 959
 961 3 74.02 109.63 12.5 0.215 960
 962 3 74.24 109.83 12.5 0.215 961
 963 3 74.49 110.13 12.5 0.215 962
 964 3 75.19 111.23 12.5 0.215 963
 965 3 77.21 112.72 12.5 0.215 964
 966 3 77.27 112.82 12.5 0.215 965
 967 3 77.37 113.02 12.5 0.215 966
 968 3 78.11 114.32 12.5 0.215 967
 969 3 78.43 114.72 12.5 0.215 968
 970 3 78.46 114.82 12.5 0.215 969
 971 3 79.14 116.62 14 0.215 970
 972 3 79.54 118.82 14 0.215 971
 973 3 79.6 118.92 14 0.215 972
 974 3 81.11 119.91 14 0.215 973
 975 3 82.29 123.41 14 0.215 974
 976 3 82.27 126.51 17 0.215 975
 977 3 84.59 129.3 17 0.215 976
 978 3 84.81 129.5 17 0.215 977
 979 3 84.88 129.6 17 0.215 978
 980 3 86.86 130.9 17 0.215 979
 981 3 86.92 131 17 0.215 980
 982 3 90.81 134.29 19 0.215 981
 983 3 94.05 135.88 19 0.215 982
 984 3 98.81 137.87 19.5 0.215 983
 985 3 101.71 137.27 19.5 0.215 984
 986 3 104.11 137.56 21.5 0.215 985
 987 3 104.41 137.66 21.5 0.215 986
 988 3 106.51 138.85 21.5 0.215 987
 989 3 108.21 140.45 21.5 0.215 988
 990 3 108.21 140.65 21.5 0.215 989
 991 3 107.92 142.05 21.5 0.215 990
 992 3 106.12 144.86 25.5 0.215 991
 993 3 106.12 145.06 25.5 0.215 992
 994 3 106.23 146.86 25.5 0.215 993
 995 3 106.43 147.35 25.5 0.215 994
 996 3 106.53 147.55 25.5 0.215 995
 997 3 106.63 147.85 25.5 0.215 996
 998 3 108.14 150.35 26 0.215 997
 999 3 107.84 151.75 26 0.215 998
 1000 3 107.94 153.55 27.5 0.215 999
 1001 3 107.84 153.65 27.5 0.215 1000
 1002 3 107.94 153.85 27.5 0.215 1001
 1003 3 108.05 154.75 27.5 0.215 1002
 1004 3 108.35 157.45 29.5 0.245 1003
 1005 3 109.45 158.45 29.5 0.245 1004
 1006 3 109.55 158.95 29.5 0.245 1005
 1007 3 109.46 160.75 31.5 0.245 1006
 1008 3 108.96 162.45 34 0.245 1007
 1009 3 108.87 164.35 34 0.245 1008
 1010 3 108.87 164.55 34 0.245 1009
 1011 3 109.07 166.45 37.5 0.245 1010
 1012 3 110.68 171.25 41 0.245 1011
 1013 3 112.78 172.04 41 0.245 1012
 1014 3 112.78 172.24 41 0.245 1013
 1015 3 113.29 174.74 41 0.245 1014
 1016 3 113.59 175.24 41 0.245 1015
 1017 3 113.99 176.14 41 0.245 1016
 1018 3 114 176.84 41 0.245 1017
 1019 3 114 179.74 42.5 0.245 1018
 1020 3 113.11 182.34 44 0.245 1019
 1021 3 113.21 182.54 44 0.245 1020
 1022 3 114.01 184.74 44 0.245 1021
 1023 3 113.91 185.14 44 0.245 1022
 1024 3 113.81 185.44 44 0.245 1023
 1025 3 113.62 186.24 44 0.245 1024
 1026 3 115.62 189.03 46.5 0.245 1025
 1027 3 116.03 190.83 46.5 0.245 1026
 1028 3 116.13 191.13 46.5 0.245 1027
 1029 3 116.13 191.33 46.5 0.245 1028
 1030 3 116.13 191.43 46.5 0.245 1029
 1031 3 116.43 193.43 48 0.245 1030
 1032 3 116.53 193.53 48 0.245 1031
 1033 3 116.53 193.63 48 0.245 1032
 1034 3 116.34 195.23 48 0.245 1033
 1035 3 116.44 196.63 48 0.245 1034
 1036 3 116.45 201.43 48 0.245 1035
 1037 3 117.76 203.53 51.5 0.245 1036
 1038 3 117.86 205.73 51.5 0.245 1037
 1039 3 117.76 205.93 51.5 0.245 1038
 1040 3 120.28 212.72 55 0.245 1039
 1041 3 122.08 213.32 55 0.245 1040
 1042 3 123.78 215.12 56.5 0.245 1041
 1043 3 125.28 215.71 56.5 0.245 1042
 1044 3 124.89 216.81 59.5 0.245 1043
 1045 3 124.79 216.91 59.5 0.245 1044
 1046 3 124.89 217.01 59.5 0.245 1045
 1047 3 123.99 219.82 59.5 0.245 1046
 1048 3 123.5 221.52 59.5 0.245 1047
 1049 3 123.2 222.32 59.5 0.245 1048
 1050 3 123.1 224.12 63.5 0.245 1049
 1051 3 122.9 224.32 63.5 0.245 1050
 1052 3 120.81 226.72 63.5 0.245 1051
 1053 3 120.71 227.02 63.5 0.245 1052
 1054 3 118.83 235.23 63.5 0.245 1053
 1055 3 118.73 235.43 63.5 0.245 1054
 1056 3 117.73 238.03 63.5 0.245 1055
 1057 3 116.74 239.03 63.5 0.245 1056
 1058 3 116.64 239.13 63.5 0.245 1057
 1059 3 115.64 240.93 65 0.245 1058
 1060 3 114.95 244.44 65 0.245 1059
 1061 3 117.05 245.93 65 0.245 1060
 1062 3 116.96 248.43 65 0.245 1061
 1063 3 116.86 248.73 65 0.245 1062
 1064 3 116.96 248.83 65 0.245 1063
 1065 3 117.56 249.83 67.5 0.245 1064
 1066 3 116.06 251.73 67.5 0.245 1065
 1067 3 -4.93 -1.95 0.92 0.25 1
 1068 3 -4.89 -2.1 0.92 0.25 1067
 1069 3 -0.99 -14.85 0.92 0.25 1068
 1070 3 9.97 -34.25 0.92 0.25 1069
 1071 3 13.93 -40.71 0.92 0.25 1070
 1072 3 14.48 -41.6 0.92 0.25 1071
 1073 3 23.18 -55.44 1.42 0.25 1072
 1074 3 23.7 -59.65 1.42 0.25 1073
 1075 3 23.73 -59.78 1.42 0.25 1074
 1076 3 22.69 -65.47 1.42 0.25 1075
 1077 3 22.22 -68.77 1.42 0.25 1076
 1078 3 22.26 -68.91 1.42 0.25 1077
 1079 3 20.51 -72.34 1.42 0.25 1078
 1080 3 20.19 -84.3 1.42 0.25 1079
 1081 3 20.22 -84.44 1.42 0.25 1080
 1082 3 21.3 -90.56 1.42 0.25 1081
 1083 3 21.43 -91.02 1.42 0.25 1082
 1084 3 24.06 -100.35 1.42 0.25 1083
 1085 3 25.36 -103.85 1.42 0.25 1084
 1086 3 26.52 -113.96 1.92 0.25 1085
 1087 3 28.29 -121.66 3.92 0.25 1086
 1088 3 29.22 -125.66 3.92 0.25 1087
 1089 3 30.62 -129.86 3.92 0.25 1088
 1090 3 30.44 -134.26 3.92 0.25 1089
 1091 3 30.3 -141.46 3.92 0.25 1090
 1092 3 32.02 -147.87 3.92 0.25 1091
 1093 3 32.89 -155.97 3.92 0.25 1092
 1094 3 34.61 -165.67 3.92 0.25 1093
 1095 3 40.49 -171.89 3.92 0.25 1094
 1096 3 42.08 -179.09 3.92 0.25 1095
 1097 3 42.12 -179.19 3.92 0.25 1096
 1098 3 47.11 -187.8 3.92 0.25 1097
 1099 3 48.3 -190.7 3.92 0.25 1098
 1100 3 50.81 -194.01 1.92 0.25 1099
 1101 3 53.07 -200.02 2.92 0.25 1100
 1102 3 57.01 -212.12 2.92 0.25 1101
 1103 3 57.61 -214.73 2.92 0.25 1102
 1104 3 56.45 -224.02 2.92 0.25 1103
 1105 3 57.26 -231.83 2.92 0.25 1104
 1106 3 59.52 -242.43 2.92 0.25 1105
 1107 3 61.2 -249.43 2.92 0.25 1106
 1108 3 64 -254.14 2.92 0.25 1107
 1109 3 64.1 -254.24 2.92 0.25 1108
 1110 3 67.56 -259.45 1.92 0.25 1109
 1111 3 67.6 -259.55 1.92 0.25 1110
 1112 3 69.32 -265.15 1.92 0.25 1111
 1113 3 70.89 -268.36 1.92 0.25 1112
 1114 3 71.81 -273.96 1.92 0.25 1113
 1115 3 73.07 -277.16 0.92 0.25 1114
 1116 3 75.27 -283.07 0.42 0.25 1115
 1117 3 77.99 -292.47 0.42 0.25 1116
 1118 3 78.08 -292.87 0.42 0.25 1117
 1119 3 81.27 -296.48 0.42 0.25 1118
 1120 3 81.58 -301.28 -0.07 0.25 1119
 1121 3 82.75 -304.18 -0.07 0.25 1120
 1122 3 84.34 -307.99 -0.07 0.25 1121
 1123 3 85.07 -310.59 -0.07 0.25 1122
 1124 3 86.5 -315.09 -0.07 0.25 1123
 1125 3 86.87 -317.89 -0.07 0.25 1124
 1126 3 87.66 -320.19 -0.07 0.25 1125
 1127 3 88.09 -321.69 -0.07 0.25 1126
 1128 3 89.4 -326.4 -0.07 0.25 1127
 1129 3 91.63 -332.7 -1.07 0.25 1128
 1130 3 94.24 -340.11 -2.07 0.25 1129
 1131 3 94.91 -343.31 -2.07 0.25 1130
 1132 3 94.99 -343.61 -2.07 0.25 1131
 1133 3 97.95 -350.12 -2.57 0.25 1132
 1134 3 98.03 -350.42 -2.57 0.25 1133
 1135 3 99.49 -355.62 -2.57 0.25 1134
 1136 3 98.13 -359.42 -2.57 0.25 1135
 1137 3 96.4 -362.41 -2.57 0.25 1136
 1138 3 96.29 -362.51 -2.57 0.25 1137
 1139 3 98.59 -366.22 0.92 0.25 1138
 1140 3 99.76 -370.32 0.92 0.25 1139
 1141 3 99.66 -370.52 0.92 0.25 1140
 1142 3 100.45 -372.62 0.92 0.25 1141
 1143 3 100.65 -372.72 0.92 0.25 1142
 1144 3 100.75 -372.82 0.92 0.25 1143
 1145 3 102.35 -374.93 4.42 0.25 1144
 1146 3 103.84 -377.33 4.42 0.25 1145
 1147 3 104.54 -377.73 4.42 0.25 1146
 1148 3 104.64 -377.83 4.42 0.25 1147
 1149 3 103.24 -379.53 4.42 0.25 1148
 1150 3 103.24 -379.73 4.42 0.25 1149
 1151 3 104.23 -381.43 4.42 0.25 1150
 1152 3 103.13 -384.53 7.42 0.25 1151
 1153 3 100.73 -384.72 9.42 0.25 1152
 1154 3 98.76 -383.62 9.42 0.25 1153
 1155 3 98.54 -383.62 9.42 0.25 1154
 1156 3 98.44 -383.82 9.42 0.25 1155
 1157 3 97.5 -386.02 9.42 0.25 1156
 1158 3 95.91 -387.21 9.42 0.25 1157
 1159 3 97.03 -389.62 14.43 0.25 1158
 1160 3 102.9 -394.13 16.43 0.495 1159
 1161 3 103.1 -394.03 16.43 0.495 1160
 1162 3 107.2 -394.14 17.93 0.39 1161
 1163 3 112.8 -394.65 18.93 0.285 1162
 1164 3 115.6 -396.66 20.43 0.215 1163
 1165 3 120.29 -399.47 22.43 0.215 1164
 1166 3 123.79 -401.18 22.43 0.215 1165
 1167 3 126.69 -402.68 22.43 0.215 1166
 1168 3 128.68 -404.79 23.93 0.215 1167
 1169 3 128.78 -404.89 23.93 0.215 1168
 1170 3 133.78 -407.1 24.43 0.215 1169
 1171 3 95.11 -387.71 11.43 0.25 1158
 1172 3 93.35 -388.21 11.43 0.25 1171
 1173 3 91.87 -389.2 12.93 0.25 1172
 1174 3 90.54 -390 12.93 0.25 1173
 1175 3 87.69 -389.79 14.93 0.25 1174
 1176 3 87.47 -391.19 14.93 0.25 1175
 1177 3 85.39 -391.89 16.43 0.25 1176
 1178 3 82.6 -392.68 16.43 0.25 1177
 1179 3 82.57 -392.88 16.43 0.25 1178
 1180 3 82.45 -392.98 16.43 0.25 1179
 1181 3 82.51 -393.68 16.43 0.25 1180
 1182 3 80.48 -393.58 16.43 0.25 1181
 1183 3 80.44 -393.48 16.43 0.25 1182
 1184 3 80.12 -393.28 16.43 0.25 1183
 1185 3 77.28 -393.27 16.43 0.25 1184
 1186 3 77.06 -393.17 16.43 0.25 1185
 1187 3 75.02 -393.77 16.43 0.25 1186
 1188 3 74.67 -393.86 16.43 0.25 1187
 1189 3 74.3 -394.16 16.43 0.25 1188
 1190 3 70.29 -394.35 18.43 0.25 1189
 1191 3 70.03 -394.45 18.43 0.25 1190
 1192 3 65.36 -398.84 20.43 0.25 1191
 1193 3 64.02 -399.74 20.43 0.25 1192
 1194 3 60.86 -403.73 21.93 0.25 1193
 1195 3 60.43 -405.33 21.93 0.25 1194
 1196 3 58.97 -409.63 23.43 0.25 1195
 1197 3 58.62 -410.43 25.43 0.25 1196
 1198 3 56.24 -411.72 25.43 0.25 1197
 1199 3 52.83 -415.32 28.93 0.25 1198
 1200 3 51.87 -417.41 30.93 0.25 1199
 1201 3 49.58 -417.91 30.93 0.25 1200
 1202 3 48.98 -417.41 30.93 0.25 1201
 1203 3 48.07 -417 30.93 0.25 1202
 1204 3 46.61 -416.5 30.93 0.25 1203
 1205 3 46.18 -416.3 30.93 0.25 1204
 1206 3 46.05 -416.3 30.93 0.25 1205
 1207 3 42.23 -416.69 31.93 0.25 1206
 1208 3 39.23 -416.48 33.43 0.25 1207
 1209 3 31.33 -416.47 35.93 0.25 1208
 1210 3 29.45 -414.76 35.93 0.25 1209
 1211 3 29.33 -414.66 35.93 0.25 1210
 1212 3 29.1 -414.56 35.93 0.25 1211
 1213 3 28.6 -414.66 35.93 0.25 1212
 1214 3 26.28 -415.06 35.93 0.25 1213
 1215 3 26.05 -414.95 35.93 0.25 1214
 1216 3 25.96 -414.95 35.93 0.25 1215
 1217 3 25.73 -414.95 35.93 0.25 1216
 1218 3 25.45 -414.65 35.93 0.25 1217
 1219 3 24.38 -413.05 35.93 0.25 1218
 1220 3 24.12 -412.35 35.93 0.25 1219
 1221 3 18.36 -412.54 37.43 0.25 1220
 1222 3 18.26 -412.54 37.43 0.25 1221
 1223 3 14.01 -410.73 37.43 0.25 1222
 1224 3 13.93 -410.53 37.43 0.25 1223
 1225 3 8.9 -409.12 38.93 0.25 1224
 1226 3 8.63 -409.22 38.93 0.25 1225
 1227 3 8.32 -409.11 38.93 0.25 1226
 1228 3 7.37 -409.51 38.93 0.25 1227
 1229 3 6.68 -409.71 38.93 0.25 1228
 1230 3 5.37 -410.51 38.93 0.25 1229
 1231 3 2.26 -412.3 38.93 0.25 1230
 1232 3 100.48 -361.62 -2.57 0.25 1135
 1233 3 102.27 -365.93 -2.57 0.25 1232
 1234 3 104.66 -369.83 -2.57 0.25 1233
 1235 3 105.75 -373.74 -2.57 0.25 1234
 1236 3 105.85 -373.94 -2.57 0.25 1235
 1237 3 105.95 -374.04 -2.57 0.25 1236
 1238 3 107.64 -377.94 -2.57 0.25 1237
 1239 3 108.43 -380.74 -2.57 0.25 1238
 1240 3 93.78 -333.31 4.42 0.25 1129
 1241 3 93.56 -334.91 9.42 0.25 1240
 1242 3 93.67 -336.81 11.43 0.25 1241
 1243 3 93.46 -338.21 11.43 0.25 1242
 1244 3 93.26 -338.31 11.43 0.25 1243
 1245 3 92.29 -338.7 11.43 0.25 1244
 1246 3 92.33 -338.9 11.43 0.25 1245
 1247 3 91.59 -343.3 11.43 0.25 1246
 1248 3 91.67 -343.6 11.43 0.25 1247
 1249 3 91 -345.4 12.93 0.25 1248
 1250 3 92.48 -348 14.43 0.25 1249
 1251 3 92.42 -348.1 14.43 0.25 1250
 1252 3 92.27 -348.6 14.43 0.25 1251
 1253 3 92.12 -350.7 14.43 0.25 1252
 1254 3 92.34 -350.7 14.43 0.25 1253
 1255 3 92.81 -352.31 18.93 0.25 1254
 1256 3 92.54 -352.41 18.93 0.25 1255
 1257 3 92.68 -353.41 22.93 0.25 1256
 1258 3 94.07 -354.21 24.93 0.25 1257
 1259 3 97.05 -354.82 27.43 0.25 1258
 1260 3 102.39 -355.33 30.93 0.25 1259
 1261 3 105.68 -359.03 31.93 0.25 1260
 1262 3 107.58 -359.44 35.43 0.25 1261
 1263 3 111.88 -360.25 35.43 0.25 1262
 1264 3 112.28 -360.35 35.43 0.25 1263
 1265 3 94.26 -350.71 18.93 0.25 1254
 1266 3 95.61 -350.81 18.93 0.25 1265
 1267 3 95.65 -350.91 18.93 0.25 1266
 1268 3 97.95 -353.02 18.93 0.25 1267
 1269 3 98.16 -353.22 18.93 0.25 1268
 1270 3 86.8 -296.29 0.42 0.25 1119
 1271 3 90.31 -294.9 0.42 0.25 1270
 1272 3 92.92 -294.51 0.42 0.25 1271
 1273 3 93.12 -294.41 0.42 0.25 1272
 1274 3 97.85 -294.72 0.42 0.25 1273
 1275 3 100.63 -293.92 0.42 0.25 1274
 1276 3 106.23 -293.94 -0.07 0.25 1275
 1277 3 110.03 -293.44 -0.07 0.25 1276
 1278 3 113.84 -291.65 -0.07 0.25 1277
 1279 3 118.04 -289.06 -0.07 0.25 1278
 1280 3 122.75 -284.97 -0.57 0.25 1279
 1281 3 125.16 -282.98 -0.57 0.25 1280
 1282 3 128.16 -281.49 -0.57 0.25 1281
 1283 3 131.16 -280.09 -0.57 0.25 1282
 1284 3 131.26 -280.09 -0.57 0.25 1283
 1285 3 134.86 -279.8 -0.57 0.25 1284
 1286 3 137.66 -278.91 -0.57 0.25 1285
 1287 3 140.17 -277.71 -0.57 0.25 1286
 1288 3 140.27 -277.61 -0.57 0.25 1287
 1289 3 144.37 -276.02 -0.57 0.25 1288
 1290 3 144.97 -275.72 -0.57 0.25 1289
 1291 3 145.57 -275.52 -0.57 0.25 1290
 1292 3 151.08 -273.24 -0.57 0.25 1291
 1293 3 153.68 -272.74 -0.57 0.25 1292
 1294 3 156.18 -272.45 -1.57 0.25 1293
 1295 3 159.08 -270.86 -1.57 0.25 1294
 1296 3 163.19 -269.06 -1.57 0.25 1295
 1297 3 168.19 -267.38 -1.57 0.25 1296
 1298 3 168.39 -267.38 -1.57 0.25 1297
 1299 3 171.69 -266.18 -1.57 0.25 1298
 1300 3 174.9 -265.49 0.42 0.25 1299
 1301 3 177.9 -264.5 0.42 0.25 1300
 1302 3 180.3 -263.9 0.42 0.25 1301
 1303 3 186.61 -260.72 0.42 0.25 1302
 1304 3 191.61 -258.53 0.42 0.25 1303
 1305 3 195.82 -255.44 0.42 0.25 1304
 1306 3 198.62 -253.24 0.42 0.25 1305
 1307 3 198.62 -253.14 0.42 0.25 1306
 1308 3 5.38 0.49 -0.99 0.245 1
 1309 3 5.57 0.37 -0.99 0.245 1308
 1310 3 21.91 1.77 -0.99 0.245 1309
 1311 3 22.27 1.7 -0.99 0.245 1310
 1312 3 33.24 0.56 -0.99 0.245 1311
 1313 3 34.32 0.87 -0.99 0.245 1312
 1314 3 44.91 4.03 -0.99 0.245 1313
 1315 3 45.23 4.12 -0.99 0.245 1314
 1316 3 55.24 2.72 -0.99 0.245 1315
 1317 3 55.65 2.5 -0.99 0.245 1316
 1318 3 66.79 1.92 2.5 0.245 1317
 1319 3 75.15 1.09 3.5 0.245 1318
 1320 3 83.18 1.31 4 0.245 1319
 1321 3 83.38 1.2 4 0.245 1320
 1322 3 87.11 0.57 4 0.245 1321
 1323 3 87.47 0.5 4 0.245 1322
 1324 3 89.96 1.21 4 0.245 1323
 1325 3 90.32 1.14 4 0.245 1324
 1326 3 94.3 0.24 4 0.245 1325
 1327 3 97.02 -1.02 6.5 0.245 1326
 1328 3 110.69 -3.22 6 0.245 1327
 1329 3 115.59 -3.35 6 0.245 1328
 1330 3 116.09 -3.22 6 0.245 1329
 1331 3 123.88 -5.08 7.5 0.245 1330
 1332 3 131.38 -6.66 8.5 0.245 1331
 1333 3 135.68 -7.49 11.01 0.245 1332
 1334 3 143.47 -10.01 14.01 0.245 1333
 1335 3 143.77 -9.92 14.01 0.245 1334
 1336 3 148.18 -8.84 14.01 0.245 1335
 1337 3 149.18 -8.58 14.01 0.245 1336
 1338 3 4.97 -0.5 0.48 0.215 1
 1339 3 11.07 0.31 0.48 0.215 1338
 1340 3 11.48 0.43 0.48 0.215 1339
 1341 3 20.91 2.8 0.48 0.215 1340
 1342 3 26.41 3.4 4.48 0.215 1341
 1343 3 26.75 3.5 4.48 0.215 1342
 1344 3 46.79 11.43 -1.51 0.215 1343
 1345 3 50.47 13.57 -1.51 0.215 1344
 1346 3 50.76 13.87 -1.51 0.215 1345
 1347 3 59.63 22.42 -1.51 0.215 1346
 1348 3 59.81 22.54 -1.51 0.215 1347
 1349 3 59.97 22.75 -1.51 0.215 1348
 1350 3 60.1 22.86 -1.51 0.215 1349
 1351 3 67.46 27.58 -1.51 0.215 1350
 1352 3 76.36 39.38 -1.51 0.215 1351
 1353 3 83.1 44.83 -1.51 0.215 1352
 1354 3 83.26 45.01 -1.51 0.215 1353
 1355 3 83.56 45.26 -1.51 0.215 1354
 1356 3 85.39 46.57 -1.51 0.215 1355
 1357 3 85.81 46.91 -1.51 0.215 1356
 1358 3 91.92 51.97 0.48 0.215 1357
 1359 3 92.31 52.15 0.48 0.215 1358
 1360 3 99.72 56.22 0.48 0.215 1359
 1361 3 105.84 64.89 0.48 0.215 1360
 1362 3 110.96 73.48 0.48 0.215 1361
 1363 3 111.06 73.65 0.48 0.215 1362
 1364 3 112.67 77.07 0.48 0.215 1363
 1365 3 112.77 77.54 0.48 0.215 1364
 1366 3 115.29 87.34 0.48 0.215 1365
 1367 3 115.59 87.64 0.48 0.215 1366
 1368 3 117.3 92.32 0.48 0.215 1367
 1369 3 124.22 100.41 0.48 0.215 1368
 1370 3 130.94 108.8 2.48 0.215 1369
 1371 3 137.25 111.79 3.98 0.215 1370
 1372 3 138.45 113.38 3.98 0.215 1371
 1373 3 138.65 113.78 3.98 0.215 1372
 1374 3 142.26 117.57 3.98 0.215 1373
 1375 3 142.36 117.67 3.98 0.215 1374
 1376 3 145.67 120.27 3.98 0.215 1375
 1377 3 145.77 120.57 3.98 0.215 1376
 1378 3 148.58 124.66 3.98 0.215 1377
 1379 3 148.68 124.86 3.98 0.215 1378
 1380 3 153.8 133.45 3.48 0.215 1379
 1381 3 156.41 139.84 3.48 0.215 1380
 1382 3 160.44 150.63 3.48 0.215 1381
 1383 3 160.54 150.73 3.48 0.215 1382
 1384 3 163.25 156.73 3.48 0.215 1383
 1385 3 165.66 161.52 3.48 0.215 1384
 1386 3 166.07 166.22 2.98 0.215 1385
 1387 3 168.08 169.52 2.98 0.215 1386
 1388 3 168.08 169.62 2.98 0.215 1387
 1389 3 168.18 169.92 2.98 0.215 1388
 1390 3 168.39 175.81 2.98 0.215 1389
 1391 3 168.39 176.11 2.98 0.215 1390
 1392 3 169.3 178.81 2.98 0.215 1391
 1393 3 172.71 184.41 2.98 0.215 1392
 1394 3 173.42 188.2 2.98 0.215 1393
 1395 3 173.42 188.5 2.98 0.215 1394
 1396 3 175.23 193.3 2.98 0.215 1395
 1397 3 175.23 193.6 2.98 0.215 1396
 1398 3 174.64 195.9 2.98 0.215 1397
 1399 3 174.44 197.5 2.98 0.215 1398
 1400 3 175.05 200.3 2.98 0.215 1399
 1401 3 175.05 200.4 2.98 0.215 1400
 1402 3 175.05 200.7 2.98 0.215 1401
 1403 3 176.76 205.7 2.98 0.215 1402
 1404 3 179.47 208.59 1.48 0.215 1403
 1405 3 179.98 212.49 1.48 0.215 1404
 1406 3 179.98 212.79 1.48 0.215 1405
 1407 3 183.79 219.18 1.48 0.215 1406
 1408 3 183.89 219.28 1.48 0.215 1407
 1409 3 184.2 224.08 1.48 0.215 1408
 1410 3 189.82 230.27 1.48 0.215 1409
 1411 3 191.62 232.96 1.48 0.215 1410
 1412 3 194.93 237.16 0.48 0.215 1411
 1413 3 194.93 237.36 0.48 0.215 1412
 1414 3 195.13 237.45 0.48 0.215 1413
 1415 3 199.14 240.15 0.48 0.215 1414
 1416 3 199.54 240.44 0.48 0.215 1415
 1417 3 199.74 240.74 0.48 0.215 1416
 1418 3 201.84 242.94 0.48 0.215 1417
 1419 3 202.05 243.54 0.48 0.215 1418
 1420 3 202.95 244.94 0.48 0.215 1419
 1421 3 203.15 245.44 0.48 0.215 1420
 1422 3 203.25 245.54 0.48 0.215 1421
 1423 3 203.55 245.84 0.48 0.215 1422
 1424 3 203.65 245.94 0.48 0.215 1423
 1425 3 205.65 247.43 0.48 0.215 1424
 1426 3 205.86 247.63 0.48 0.215 1425
 1427 3 205.96 247.83 0.48 0.215 1426
 1428 3 209.06 250.82 0.48 0.215 1427
 1429 3 208.96 250.92 0.48 0.215 1428
 1430 3 209.06 251.12 0.48 0.215 1429
 1431 3 209.06 251.32 0.48 0.215 1430
 1432 3 1.68 -4.8 0.84 0.245 1
 1433 3 7.03 -4.32 0.84 0.245 1432
 1434 3 7.47 -4.11 0.84 0.245 1433
 1435 3 7.53 -4 0.84 0.245 1434
 1436 3 14.44 -1.03 0.84 0.245 1435
 1437 3 14.76 -0.95 0.84 0.245 1436
 1438 3 15.07 -0.6 0.84 0.245 1437
 1439 3 17.78 1.49 0.84 0.245 1438
 1440 3 18.22 1.69 0.84 0.245 1439
 1441 3 18.35 1.82 0.84 0.245 1440
 1442 3 18.5 1.95 0.84 0.245 1441
 1443 3 34.38 14.78 0.84 0.245 1442
 1444 3 38.1 17.43 0.84 0.245 1443
 1445 3 38.28 17.64 0.84 0.245 1444
 1446 3 45.8 23.99 2.34 0.245 1445
 1447 3 45.85 24.09 2.34 0.245 1446
 1448 3 45.95 24.37 2.34 0.245 1447
 1449 3 54.95 33.17 3.34 0.245 1448
 1450 3 55.11 33.46 3.34 0.245 1449
 1451 3 55.37 33.77 3.34 0.245 1450
 1452 3 59.95 36.42 4.84 0.245 1451
 1453 3 62.81 39.08 4.84 0.245 1452
 1454 3 63.01 39.31 4.84 0.245 1453
 1455 3 63.03 39.5 4.84 0.245 1454
 1456 3 65.86 42.32 4.84 0.245 1455
 1457 3 66.21 42.94 4.84 0.245 1456
 1458 3 66.39 43.74 4.84 0.245 1457
 1459 3 66.57 44.37 4.84 0.245 1458
 1460 3 68.77 51.25 6.84 0.245 1459
 1461 3 68.63 51.71 6.84 0.245 1460
 1462 3 68.39 55.87 6.84 0.245 1461
 1463 3 68.22 56.75 6.84 0.245 1462
 1464 3 68.12 58.58 6.84 0.245 1463
 1465 3 69.03 64.33 8.34 0.245 1464
 1466 3 69.1 64.43 8.34 0.245 1465
 1467 3 71.35 66.57 8.34 0.245 1466
 1468 3 71.46 66.78 8.34 0.245 1467
 1469 3 72.93 70.92 8.34 0.245 1468
 1470 3 73.3 71.95 8.34 0.245 1469
 1471 3 71.67 78.32 9.84 0.245 1470
 1472 3 71.56 78.39 9.84 0.245 1471
 1473 3 71.29 78.73 9.84 0.245 1472
 1474 3 70.25 81.31 9.84 0.245 1473
 1475 3 70.25 82.16 9.84 0.245 1474
 1476 3 70.31 82.51 9.84 0.245 1475
 1477 3 70.44 85.42 9.84 0.245 1476
 1478 3 70.55 86.46 9.84 0.245 1477
 1479 3 70.68 86.92 9.84 0.245 1478
 1480 3 70.64 87.07 9.84 0.245 1479
 1481 3 70.43 92.34 9.84 0.245 1480
 1482 3 70.59 93.23 9.84 0.245 1481
 1483 3 70.56 94.24 9.84 0.245 1482
 1484 3 71.34 101.93 11.34 0.245 1483
 1485 3 71.37 102.13 11.34 0.245 1484
 1486 3 71.38 102.43 11.34 0.245 1485
 1487 3 71.6 104.63 11.34 0.245 1486
 1488 3 71.63 104.83 11.34 0.245 1487
 1489 3 71.09 111.23 13.34 0.245 1488
 1490 3 71.02 111.53 13.34 0.245 1489
 1491 3 71.23 122.73 14.84 0.245 1490
 1492 3 71.79 126.03 14.84 0.245 1491
 1493 3 71.8 126.33 14.84 0.245 1492
 1494 3 72.46 127.03 14.84 0.245 1493
 1495 3 72.77 127.73 14.84 0.245 1494
 1496 3 72.96 128.23 14.84 0.245 1495
 1497 3 72.54 130.63 14.84 0.245 1496
 1498 3 72.27 131.33 14.84 0.245 1497
 1499 3 72.08 131.63 14.84 0.245 1498
 1500 3 71.99 131.93 14.84 0.245 1499
 1501 3 72.66 134.93 16.84 0.245 1500
 1502 3 72.8 135.43 16.84 0.245 1501
 1503 3 73.52 137.63 16.84 0.245 1502
 1504 3 74.06 138.13 16.84 0.245 1503
 1505 3 75.6 138.62 16.84 0.245 1504
 1506 3 75.82 138.82 16.84 0.245 1505
 1507 3 74.22 142.33 18.34 0.245 1506
 1508 3 74.16 142.53 18.34 0.245 1507
 1509 3 74.26 142.83 18.34 0.245 1508
 1510 3 74.16 145.53 19.84 0.245 1509
 1511 3 74.21 145.93 19.84 0.245 1510
 1512 3 74.17 146.13 19.84 0.245 1511
 1513 3 75.13 146.83 21.34 0.245 1512
 1514 3 76.93 147.12 22.84 0.245 1513
 1515 3 78.44 148.32 23.84 0.245 1514
 1516 3 79.72 150.02 25.84 0.245 1515
 1517 3 80.71 151.31 27.84 0.245 1516
 1518 3 80.88 145.91 30.84 0.245 1517
 1519 3 80.66 145.01 30.84 0.245 1518
 1520 3 80.85 144.61 30.84 0.245 1519
 1521 3 81.78 143.31 30.84 0.245 1520
 1522 3 82.01 143.41 30.84 0.245 1521
 1523 3 82.25 143.21 30.84 0.245 1522
 1524 3 82.97 143.01 30.84 0.245 1523
 1525 3 86.75 144.9 32.34 0.245 1524
 1526 3 86.8 145 32.34 0.245 1525
 1527 3 87.65 146.5 32.34 0.245 1526
 1528 3 87.68 146.7 32.34 0.245 1527
 1529 3 87.77 147 32.34 0.245 1528
 1530 3 87.81 147.2 32.34 0.245 1529
 1531 3 87.91 148.3 32.34 0.245 1530
 1532 3 88 148.8 32.34 0.245 1531
 1533 3 87.94 149.1 32.34 0.245 1532
 1534 3 87.06 151.6 34.34 0.245 1533
