# vtk DataFile Version 3.0
vtk output
ASCII
DATASET UNSTRUCTURED_GRID
POINTS 687 float
5 7 10 5 7 10 5 8 11.25 
5 8.25 11 5 8 10 5 7 11.25 
5 7.5 13 5 8 12.5 5 7 10.3125 
5 7 10.625 5 7 10.9375 5 7.38766 11.25 
5 7.64592 11.25 5 7.80052 11.25 5 7.90878 11.25 
5 8.01755 11.158 5 8.07322 11.0732 5 8.15798 11.0176 
5 8.25 10.1644 5 8.25 10.3763 5 8.25 10.5485 
5 8.25 10.6871 5 8.25 10.8026 5 8.25 10.9045 
5 7.74324 10 5 7.41786 10 5 7 11.6875 
5 7 12.125 5 7 12.5625 5 7.30926 13 
5 7.68405 12.9649 5 7.85355 12.8536 5 7.96489 12.684 
5 8 12.3065 5 8 12.1233 5 8 11.9567 
5 8 11.8086 5 8 11.6771 5 8 11.5591 
5 8 11.4509 5 8 11.3489 5 7.93205 11.0425 
5 7.80734 11.0245 5 7.67859 10.99 5 7.51824 10.9746 
5 7.32515 10.9611 5 8.01086 10.2002 5 8.03769 10.3933 
5 8.06323 10.5667 5 8.09469 10.7162 5 8.13242 10.8231 
5 8.14712 10.922 5 7.39469 10.6822 5 7.65901 10.6508 
5 7.8705 10.6089 5 7.93308 10.788 5 7.93412 10.9257 
5 7.7282 10.8379 5 7.82322 10.9294 5 7.54704 10.8316 
5 8.04809 10.9431 5 8.03786 10.8514 5 7.44218 10.3424 
5 7.75573 10.2431 5 7.82664 10.4299 5 7.64261 10.4744 
5 7.91347 11.1466 5 7.79547 11.136 5 7.66053 11.123 
5 7.52214 11.1159 5 7.44943 11.7066 5 7.68075 11.6735 
5 7.84745 11.667 5 7.40022 12.1904 5 7.64784 12.1371 
5 7.83294 12.1302 5 7.85639 12.4875 5 7.71852 12.5169 
5 7.5621 12.5627 5 7.35291 12.6213 5 7.84497 12.3142 
5 7.69057 12.3325 5 7.55096 12.3619 5 7.62604 12.7508 
5 7.76505 12.6851 5 7.86211 12.6189 5 7.49298 12.7907 
5 7.85524 11.8031 5 7.83896 11.9463 5 7.6677 11.8951 
5 7.73456 11.7906 5 7.8089 11.3764 5 7.85382 11.5144 
5 7.6916 11.5296 5 7.67156 11.3874 5 7.56029 11.5433 
5 7.53983 11.3935 5 7.90972 11.3537 5 7.92118 11.4397 
5 24 8 5 24 9 5 19.75 8 
5 16 9 5 16 11 5 11.25 9 
5 11.25 11 5 8.25 9.923 5 0 13 
5 0 10 5 7 13 0 8.1543 11.019 
0 8.07322 11.0732 0 8.01904 11.1543 0 8 11.25 
2.5 8.25 11 2.5 8.15432 11.019 2.5 8.07324 11.0732 
2.5 8.01903 11.1543 2.5 8 11.25 5 8.15434 11.019 
5 8.01902 11.1543 0 7.96192 12.6914 0 7.85355 12.8536 
0 7.6914 12.9619 2.5 8 12.5 2.5 7.96192 12.6914 
2.5 7.85355 12.8536 2.5 7.6914 12.9619 2.5 7.5 13 
5 7.96192 12.6914 5 7.6914 12.9619 0 24 9 
0 24 8 0 16 9 0 16 11 
0 0 10 0 0 13 0 8.25 11 
0 8 12.5 0 7.5 13 0 26 8 
7 26 8 7 24 8 7 19.75 8 
7 16 9 7 11.25 9 7 8 10 
7 0 10 7 -2 10 0 -2 10 
0 0 -11 0 0 -8 0 -2 -8 
5 -2 -8 7 -2 -8 5 0 -8 
5 0 -11 5 8 -11 5 8 -8 
7 8 -8 5 11.25 -11 5 11.25 -9 
7 11.25 -9 5 16 -11 5 16 -9 
7 16 -9 5 19.75 -11 5 19.75 -10 
7 19.75 -10 0 24 -11 0 24 -10 
5 24 -10 5 24 -11 0 26 -10 
5 26 -10 7 26 -10 0 -12 -4 
0 -12 4 0.59691 -12 -3.95521 1.23343 -12 -3.80508 
1.86684 -12 -3.53764 2.4031 -12 -3.19767 2.82877 -12 -2.82808 
3.32044 -12 -2.2304 3.73551 -12 -1.43038 3.93533 -12 -0.71638 
3.99986 -12 0.03336 3.92368 -12 0.77765 3.70276 -12 1.51312 
3.35693 -12 2.17509 2.89656 -12 2.75861 2.35395 -12 3.23403 
1.75721 -12 3.59335 1.15512 -12 3.82958 0.56093 -12 3.96047 
0 36 4 0 -10.743 4 0 -8.8877 4 
0 -6.64749 4 0 -4.45202 4 0 -0.91936 4 
0 4.14518 4 0 6.58748 4 0 9.66416 4 
0 12.0556 4 0 14.4989 4 0 17.6266 4 
0 20.3196 4 0 24.9607 4 0 29.4472 4 
0 31.7102 4 0 33.6144 4 0 35.0694 4 
0 36 -4 0.59993 36 3.95476 1.23847 36 3.80344 
1.87132 36 3.53528 2.4058 36 3.19564 2.82825 36 2.8286 
3.31559 36 2.2376 3.73171 36 1.44025 3.93289 36 0.72964 
3.99999 36 0.00729 3.93339 36 -0.72693 3.7303 36 -1.44391 
3.33354 36 -2.21076 2.85148 36 -2.80519 2.28639 36 -3.28214 
1.63682 36 -3.64977 1.11455 36 -3.84158 0.56461 36 -3.95995 
0 34.661 -4 0 32.5627 -4 0 29.9725 -4 
0 27.9548 -4 0 24.936 -4 0 20.302 -4 
0 17.5542 -4 0 14.3512 -4 0 11.9689 -4 
0 9.52824 -4 0 6.40852 -4 0 3.7104 -4 
0 -0.45165 -4 0 -4.9424 -4 0 -7.504 -4 
0 -9.50153 -4 0 -11.0253 -4 0 2.06879 -4 
0 1.24817 -4 0 0.49795 -4 0 2.22891 4 
0 0.81573 4 0 -0.2654 4 0 21.9979 -4 
0 23.2408 -4 0 24.3368 -4 0 21.9532 4 
0 23.1639 4 0 24.2218 4 0 -2.85941 -4 
0 -1.4497 -4 0 -2.71248 4 0 -1.53432 4 
0 26.5263 -4 0 25.5061 -4 0 27.2927 4 
0 25.7706 4 2.28036 11.9291 -3.28633 1.91748 7.67834 -3.51045 
1.39183 4.80584 -3.75004 3.10004 4.74612 -2.5278 3.99902 4.81728 0.08855 
3.99929 11.9788 0.07526 3.01126 4.7799 2.63293 1.3206 4.94069 3.77571 
1.85925 7.75999 3.54164 2.26005 12.0455 3.30033 4 19.1687 0.00563 
3.05144 19.2212 -2.58625 1.3639 19.1697 -3.76029 1.9216 16.2623 -3.5082 
1.88377 16.3456 3.52866 1.37297 19.2307 3.75698 3.06558 19.3026 2.56948 
0.86913 -9.0538 -3.90444 1.36253 -6.45576 -3.76079 2.03706 -9.19679 -3.44244 
3.04279 -9.69606 -2.59642 3.11128 -6.58598 -2.51395 3.7595 -9.34266 -1.36607 
3.99985 -9.72826 0.03484 3.99986 -6.60452 0.03337 1.03898 -4.23036 -3.86271 
3.0157 -3.54152 -2.62784 2.05455 -4.03413 -3.43203 3.99994 -3.50264 0.0214 
3.74655 -3.86932 -1.40121 1.00023 2.98374 -3.87292 1.99481 2.63411 -3.46709 
2.98987 2.17564 -2.65719 3.74575 2.45304 -1.40334 3.9997 2.15958 0.04896 
3.72707 -9.3715 1.45222 2.9589 -9.71773 2.69164 3.0344 -6.63176 2.60623 
1.83862 -9.28024 3.55239 0.83367 -8.38579 3.91216 1.43719 -6.66098 3.73289 
2.82548 -3.41986 2.83137 3.71431 -3.8546 1.48454 0.80231 -4.99714 3.91871 
1.77296 -4.35265 3.58561 3.70922 2.45004 1.49723 2.93365 2.16411 2.71913 
1.91758 2.60035 3.5104 0.80755 2.87316 3.91763 0.98341 21.0045 -3.87723 
2.96254 21.8143 -2.68763 1.97163 21.3626 -3.48032 4 21.8263 -0.0017 
3.72906 21.5439 -1.4471 0.84747 28.4195 -3.90919 1.34399 31.0003 -3.76745 
1.95439 28.5374 -3.49004 2.87262 27.5375 -2.78353 3.07745 30.8031 -2.55525 
3.72995 27.9379 -1.4448 3.99996 27.5711 0.01726 3.99996 30.7106 0.01826 
1.04168 33.1935 -3.86198 3.05671 33.7806 -2.58002 2.08878 33.3701 -3.4113 
3.99999 33.7855 0.01071 3.75229 33.4182 -1.38575 2.97043 21.8482 2.67891 
3.73117 21.5642 1.44167 0.98998 21.028 3.87556 1.97903 21.3942 3.47613 
3.71189 27.9005 1.4906 2.82811 27.4453 2.82874 3.04412 30.7018 2.59487 
1.93597 28.3735 3.50029 0.86823 28.146 3.90463 1.3057 30.7039 3.78089 
3.02368 33.7595 2.61866 3.74268 33.397 1.41152 0.86284 33.1639 3.90583 
2.02665 33.2848 3.44858 0.53032 -10.5458 -3.96469 1.24149 -10.7951 -3.80246 
1.85972 -10.739 -3.54139 2.44302 -10.9691 -3.16728 3.06586 -11.1071 -2.56914 
3.48459 -10.8306 -1.96409 3.7465 -10.7956 -1.40133 3.93436 -10.9762 -0.72168 
3.99993 -10.9299 0.02358 0.54517 -3.49606 -3.96268 1.86409 -2.61933 -3.53909 
1.12497 -2.64827 -3.83855 2.9571 -2.35459 -2.69361 2.44919 -2.36751 -3.16251 
3.72692 -2.41852 -1.45261 3.39583 -2.27834 -2.11384 3.99998 -2.31918 0.01383 
3.93224 -2.2631 -0.73315 0.48601 2.25066 -3.97036 1.03264 1.61027 -3.86441 
1.64176 1.01027 -3.64755 2.37715 1.13073 -3.21701 2.91683 0.91806 -2.73717 
3.38248 1.09831 -2.13514 3.72047 0.97203 -1.46904 3.93264 1.103 -0.73102 
3.99992 0.92061 0.02526 3.92483 -10.9867 0.77183 3.71071 -10.8422 1.49354 
3.3623 -10.9829 2.16677 2.9046 -10.9215 2.75014 2.34975 -10.9585 3.23708 
1.73632 -10.8351 3.6035 1.08728 -11.0164 3.84939 0.76552 -9.85185 3.92606 
3.70832 -2.40724 1.49945 3.9251 -2.25836 0.77044 2.9009 -2.24119 2.75405 
3.3515 -2.23326 2.18344 2.02728 -2.75573 3.44821 2.48468 -2.05245 3.1347 
0.75188 -3.60736 3.9287 1.14269 -2.47261 3.83331 3.92189 1.10123 0.78663 
3.70058 0.96959 1.51845 3.351 1.09403 2.18422 2.88114 0.91095 2.77471 
2.33539 1.11346 3.24745 1.59742 0.95017 3.66719 0.99331 1.51146 3.87471 
0.55744 1.91642 3.96097 0.49282 21.7568 -3.96953 1.62708 22.9996 -3.65412 
1.03614 22.3695 -3.86347 2.91706 23.0854 -2.73692 2.36484 22.8705 -3.22607 
3.71028 23.0214 -1.4946 3.37648 22.8891 -2.14462 3.9999 23.0778 -0.02841 
3.92467 22.8842 -0.77261 0.51979 26.9399 -3.96608 1.2839 26.7399 -3.78835 
2.11377 26.9015 -3.39588 2.52051 26.1316 -3.10597 2.93463 26.3152 -2.71807 
3.36843 26.2864 -2.15724 3.71832 26.4622 -1.47449 3.92922 26.2994 -0.74917 
3.99998 26.3685 0.01184 0.55062 33.9394 -3.96192 1.97271 35.0239 -3.47972 
1.14169 34.811 -3.83361 3.08146 35.1197 -2.55042 2.58816 34.8824 -3.04982 
3.73846 34.839 -1.42265 3.48539 34.8596 -1.96266 3.99999 34.9623 0.00668 
3.93189 35.0007 -0.73504 3.72154 23.0373 1.46633 3.93176 22.8918 0.73573 
2.91935 23.0975 2.73448 3.38141 22.9046 2.13684 1.64466 23.007 3.64624 
2.37652 22.8746 3.21747 0.49487 21.7358 3.96927 1.0407 22.3613 3.86225 
3.92575 26.2931 0.76713 3.70601 26.448 1.50515 3.34197 26.263 2.198 
2.88063 26.2536 2.77524 2.47122 26.0537 3.14532 2.08148 26.8047 3.41576 
1.2917 26.6842 3.7857 0.68296 26.9319 3.94126 3.73438 34.8292 1.43333 
3.92972 34.9963 0.74652 3.0571 35.1329 2.57956 3.47547 34.8531 1.98018 
1.86379 34.7857 3.53925 2.44652 34.9947 3.16457 0.53235 34.5863 3.96442 
1.24874 34.8315 3.80009 0.52811 -1.66823 -3.96498 0.45204 -0.84639 -3.97438 
1.07292 -1.10687 -3.85342 1.78369 -1.62004 -3.58029 1.06326 -0.32748 -3.8561 
0.75907 -0.48267 -3.92732 1.56772 -0.81885 -3.67998 1.35017 -0.49395 -3.76524 
2.33715 -1.17613 -3.24619 2.91025 -1.38515 -2.74416 2.25846 -0.53158 -3.30142 
1.95131 -0.75918 -3.49176 2.87334 -0.66995 -2.78279 2.61278 -0.56887 -3.02876 
3.35142 -1.10734 -2.18357 3.71158 -1.36738 -1.49136 3.31205 -0.49745 -2.24284 
3.09024 -0.6604 -2.53977 3.69991 -0.6572 -1.52008 3.54448 -0.54599 -1.85383 
3.92279 -1.09408 -0.78213 4 -1.34705 -0.00312 3.9109 -0.48582 -0.83958 
3.81268 -0.64663 -1.20974 3.99995 -0.64705 -0.01926 3.98089 -0.53487 -0.39052 
0.35215 1.2147 -3.98447 0.60895 0.58968 -3.95338 1.09375 0.62285 -3.84756 
1.36124 0.41025 -3.76125 1.6086 0.31642 -3.6623 2.01162 0.35229 -3.45737 
2.34331 0.45551 -3.24174 2.63225 0.38019 -3.01185 2.89599 0.38569 -2.75921 
3.15088 0.35872 -2.46413 3.37306 0.45257 -2.15 3.5589 0.39074 -1.82599 
3.71344 0.41132 -1.48674 3.84224 0.37865 -1.1123 3.93218 0.46215 -0.73344 
3.98386 0.3871 -0.35896 3.99996 0.39629 0.01684 3.92995 -1.09117 0.7453 
3.70953 -1.35634 1.49646 3.93889 -0.48438 0.69651 3.98788 -0.64025 0.3112 
3.71222 -0.65148 1.48977 3.8347 -0.53622 1.13801 3.36409 -1.08533 2.16399 
2.90685 -1.3059 2.74777 3.38661 -0.48683 2.12859 3.57735 -0.64249 1.78958 
2.88925 -0.63887 2.76626 3.13069 -0.53105 2.48974 2.35752 -1.09709 3.23142 
1.80695 -1.5696 3.5686 2.29815 -0.43655 3.27391 2.65143 -0.62659 2.99499 
1.54949 -0.82283 3.68769 1.95606 -0.71674 3.4891 1.03297 -1.10133 3.86432 
0.512 -1.63283 3.9671 1.00488 -0.34427 3.87172 1.3122 -0.51884 3.77864 
0.35454 -0.91985 3.98426 0.59242 -0.41599 3.95589 3.97856 0.36908 0.41355 
3.91939 0.46082 0.79897 3.82615 0.3954 1.16644 3.69955 0.41122 1.52095 
3.53159 0.37402 1.87826 3.33397 0.45245 2.21013 3.11234 0.37576 2.51263 
2.86686 0.38407 2.78947 2.58746 0.37705 3.05042 2.29433 0.48464 3.27659 
1.97067 0.36491 3.48087 1.566 0.26212 3.68071 1.31334 0.33946 3.77825 
1.05261 0.58021 3.85902 0.60453 0.6699 3.95406 0.43313 1.32813 3.97648 
0.42652 22.6873 -3.9772 1.07435 23.3651 -3.85302 0.61139 23.3131 -3.953 
1.59088 23.6944 -3.67003 1.34469 23.5956 -3.7672 2.32791 23.5444 -3.25282 
2.00238 23.6513 -3.46272 2.93841 23.7255 -2.71399 2.62782 23.6497 -3.01572 
3.37249 23.521 -2.15088 3.19361 23.5567 -2.4085 3.70518 23.5881 -1.50718 
3.55322 23.5977 -1.83702 3.92319 23.5137 -0.78014 3.83583 23.6126 -1.13418 
3.99915 23.683 -0.08227 3.97383 23.5227 -0.45678 0.21368 24.9074 -3.99429 
0.53258 25.6994 -3.96439 0.5708 24.617 -3.95906 1.04056 24.3528 -3.86228 
1.17603 25.1747 -3.82321 1.36137 24.4979 -3.76121 1.60336 24.833 -3.66459 
1.87156 25.6599 -3.53515 1.96355 24.7597 -3.48489 2.25703 24.5429 -3.30239 
2.36638 25.1639 -3.22494 2.6063 24.5715 -3.03434 2.86386 24.6845 -2.79255 
2.9102 25.3612 -2.74422 3.07138 24.6592 -2.56254 3.2979 24.4846 -2.26359 
3.34091 25.1158 -2.19961 3.53948 24.5362 -1.86335 3.69826 24.6566 -1.52411 
3.70404 25.386 -1.51001 3.80947 24.6505 -1.21982 3.9086 24.4935 -0.8502 
3.92048 25.1179 -0.79361 3.98166 24.5314 -0.38262 4 24.6669 -0.00273 
3.99999 25.3748 -0.00911 3.92936 23.5206 0.74841 3.98173 23.6492 0.3819 
3.73503 23.6724 1.43162 3.85484 23.5172 1.06781 3.37522 23.5309 2.1466 
3.55701 23.6312 1.82966 2.93809 23.7239 2.71434 3.19606 23.5571 2.40524 
2.33148 23.5006 3.25026 2.61201 23.6458 3.02942 1.65127 23.7758 3.64326 
2.05194 23.5211 3.43359 1.07735 23.3463 3.85218 1.35154 23.6244 3.76475 
0.42807 22.6343 3.97703 0.6194 23.2509 3.95175 3.98726 24.6636 0.31896 
3.93958 24.4998 0.6926 3.93058 25.1204 0.742 3.83091 24.5345 1.15072 
3.69792 24.6506 1.52492 3.70328 25.3682 1.51187 3.53192 24.5492 1.87764 
3.29464 24.4664 2.26834 3.32636 25.0963 2.22155 3.05695 24.6362 2.57975 
2.84692 24.6985 2.80982 2.88134 25.3356 2.77451 2.62222 24.6525 3.02059 
2.2801 24.4132 3.28651 2.34309 25.1037 3.2419 1.92367 24.698 3.50706 
1.53262 24.8387 3.69474 1.82933 25.6134 3.55718 1.29393 24.5462 3.78493 
1.0054 24.3175 3.87159 1.06024 25.1566 3.85693 0.59849 24.3818 3.95497 
0.3709 24.9595 3.98277 0.57238 26.0065 3.95884 0.43738 -0.14843 -3.97602 
0.84723 0.0608 -3.90925 1.14389 0.14871 -3.83295 1.37112 -0.02328 -3.75766 
1.7044 -0.23448 -3.6187 2.0597 -0.23949 -3.42894 2.36856 -0.03336 -3.22334 
2.62705 -0.0838 -3.01639 2.88931 -0.13097 -2.7662 3.17242 -0.19007 -2.43634 
3.39041 -0.0149 -2.12252 3.55635 -0.06742 -1.83094 3.70946 -0.11404 -1.49663 
3.85236 -0.17518 -1.07674 3.93843 -0.00474 -0.69915 3.98352 -0.06234 -0.36277 
3.99999 -0.11338 0.00637 3.97433 -0.17552 0.45245 3.91176 -0.0051 0.83557 
3.82652 -0.06063 1.16522 3.70304 -0.11107 1.51246 3.5115 -0.17654 1.91556 
3.31181 -0.00981 2.2432 3.11122 -0.06817 2.51402 2.87017 -0.11266 2.78605 
2.5427 -0.14419 3.08783 2.29095 0.08259 3.27896 2.04025 -0.18598 3.44055 
1.6756 -0.24558 3.63213 1.32406 -0.07473 3.7745 1.09366 0.11069 3.84758 
0.7901 0.11412 3.92119 0.39869 0.12537 3.98008 0.38863 23.9347 -3.98108 
0.79752 23.9123 -3.91969 1.11905 23.8506 -3.84028 1.35843 24.0304 -3.76227 
1.70567 24.2418 -3.6181 2.05766 24.2458 -3.43017 2.36155 24.042 -3.22848 
2.61198 24.1159 -3.02945 2.84148 24.2179 -2.81531 3.12847 24.1074 -2.49252 
3.38565 23.9813 -2.13011 3.55149 24.0535 -1.84037 3.70467 24.1096 -1.50845 
3.84802 24.1733 -1.09212 3.93449 23.9749 -0.72096 3.98708 23.9762 -0.32121 
3.99968 24.1954 0.05066 3.97447 24.2026 0.4512 3.91605 23.9857 0.81522 
3.81339 23.974 1.20751 3.6828 24.1603 1.56109 3.54257 24.0859 1.85747 
3.38403 23.9862 2.13268 3.12601 24.0964 2.49561 2.82709 24.2363 2.82976 
2.53218 24.1724 3.09646 2.30196 23.8846 3.27123 1.97484 24.0976 3.4785 
1.61753 24.3426 3.65836 1.3338 24.0833 3.77107 1.10931 23.8492 3.8431 
0.8009 23.8309 3.919 0.4051 23.8207 3.97943 3.71933 8.2518 -1.47193 
3.6737 8.27221 1.58239 3.70789 15.7024 -1.50051 3.68837 15.7573 1.54788 

CELLS 1057 4357
4 58 42 41 56 
4 57 58 56 55 
4 57 43 42 58 
4 53 57 55 54 
4 59 44 43 57 
4 52 59 57 53 
4 52 45 44 59 
4 9 10 45 52 
4 61 60 51 50 
4 55 61 50 49 
4 55 56 60 61 
4 54 55 49 48 
4 56 41 16 60 
4 60 16 17 51 
4 62 52 53 65 
4 65 53 54 64 
4 62 65 64 63 
4 64 54 48 47 
4 63 64 47 46 
4 8 9 52 62 
4 24 63 46 4 
4 25 62 63 24 
4 1 8 62 25 
4 48 49 21 20 
4 49 50 22 21 
4 50 51 23 22 
4 47 48 20 19 
4 51 17 3 23 
4 4 46 18 106 
4 46 47 19 18 
4 41 66 15 16 
4 66 14 2 15 
4 43 68 67 42 
4 68 12 13 67 
4 45 11 69 44 
4 69 11 12 68 
4 44 69 68 43 
4 67 13 14 66 
4 42 67 66 41 
4 10 5 11 45 
4 82 78 77 81 
4 73 82 81 74 
4 73 79 78 82 
4 27 28 79 73 
4 81 77 76 80 
4 74 81 80 75 
4 80 76 7 33 
4 75 80 33 34 
4 83 30 31 84 
4 78 83 84 77 
4 76 85 32 7 
4 77 84 85 76 
4 84 31 32 85 
4 86 6 30 83 
4 79 86 83 78 
4 79 29 6 86 
4 28 109 29 79 
4 89 74 75 88 
4 90 89 88 87 
4 71 90 87 72 
4 70 89 90 71 
4 70 73 74 89 
4 26 27 73 70 
4 88 75 34 35 
4 87 88 35 36 
4 72 87 36 37 
4 12 94 91 13 
4 94 93 92 91 
4 93 71 72 92 
4 96 95 93 94 
4 11 96 94 12 
4 11 70 95 96 
4 95 70 71 93 
4 5 26 70 11 
4 97 98 39 40 
4 91 92 98 97 
4 98 92 38 39 
4 92 72 37 38 
4 14 97 40 2 
4 13 91 97 14 
4 102 100 99 101 
4 104 105 103 102 
4 108 107 109 1 
4 106 3 105 104 
4 137 110 115 114 
4 110 111 116 115 
4 111 112 117 116 
4 112 113 118 117 
4 114 115 119 3 
4 115 116 16 119 
4 116 117 120 16 
4 117 118 2 120 
4 138 121 125 124 
4 121 122 126 125 
4 122 123 127 126 
4 123 139 128 127 
4 124 125 129 7 
4 125 126 31 129 
4 126 127 130 31 
4 127 128 6 130 
4 131 100 99 132 
4 133 102 100 131 
4 134 103 102 133 
4 137 3 103 134 
4 138 7 2 113 
4 136 107 6 139 
4 136 107 108 135 
4 132 142 141 140 
4 101 143 142 99 
4 102 144 143 101 
4 104 145 144 102 
4 4 146 145 104 
4 108 147 146 4 
4 149 148 147 135 
4 150 151 155 156 
4 151 152 153 155 
4 153 154 159 158 
4 156 155 158 157 
4 157 158 161 160 
4 158 159 162 161 
4 160 161 164 163 
4 161 162 165 164 
4 163 164 167 166 
4 164 165 168 167 
4 166 167 171 172 
4 167 168 175 174 
4 173 170 171 174 
4 169 170 171 172 
4 150 156 172 169 
3 269 270 271 
3 683 269 271 
3 683 271 272 
3 684 683 272 
3 683 273 268 
3 683 268 269 
3 274 275 276 
3 684 274 276 
3 684 276 277 
3 684 277 273 
3 683 684 273 
3 684 272 274 
3 279 280 281 
3 685 279 281 
3 685 281 268 
3 685 268 273 
3 686 685 273 
3 685 278 279 
3 282 283 284 
3 686 282 284 
3 686 284 278 
3 685 686 278 
3 686 273 277 
3 686 277 282 
3 245 246 285 
3 285 286 245 
3 287 288 289 
3 286 285 287 
3 287 289 286 
3 290 291 292 
3 289 288 290 
3 290 292 289 
3 244 245 286 
3 286 293 244 
3 295 293 286 
3 289 294 295 
3 295 286 289 
3 297 294 289 
3 292 296 297 
3 297 289 292 
3 242 298 270 
3 270 241 242 
3 299 300 271 
3 270 298 299 
3 299 271 270 
3 301 302 272 
3 271 300 301 
3 301 272 271 
3 241 270 269 
3 269 240 241 
3 268 240 269 
3 240 268 239 
3 303 304 305 
3 292 291 303 
3 303 305 292 
3 306 307 308 
3 305 304 306 
3 306 308 305 
3 198 308 307 
3 307 197 198 
3 310 296 292 
3 305 309 310 
3 310 292 305 
3 312 309 305 
3 308 311 312 
3 312 305 308 
3 198 199 311 
3 311 308 198 
3 313 314 274 
3 272 302 313 
3 313 274 272 
3 315 316 275 
3 274 314 315 
3 315 275 274 
3 201 202 275 
3 275 316 201 
3 202 203 276 
3 276 275 202 
3 203 277 276 
3 277 203 204 
3 238 268 281 
3 268 238 239 
3 237 238 281 
3 281 280 237 
3 236 237 280 
3 280 317 236 
3 319 317 280 
3 279 318 319 
3 319 280 279 
3 321 318 279 
3 278 320 321 
3 321 279 278 
3 233 234 322 
3 322 323 233 
3 324 325 326 
3 323 322 324 
3 324 326 323 
3 327 328 329 
3 326 325 327 
3 327 329 326 
3 232 233 323 
3 323 330 232 
3 332 330 323 
3 326 331 332 
3 332 323 326 
3 334 331 326 
3 329 333 334 
3 334 326 329 
3 277 205 282 
3 205 277 204 
3 206 283 282 
3 282 205 206 
3 336 320 278 
3 284 335 336 
3 336 278 284 
3 338 335 284 
3 283 337 338 
3 338 284 283 
3 207 337 283 
3 283 206 207 
3 339 340 341 
3 329 328 339 
3 339 341 329 
3 342 343 344 
3 341 340 342 
3 342 344 341 
3 209 210 344 
3 344 343 209 
3 346 333 329 
3 341 345 346 
3 346 329 341 
3 348 345 341 
3 344 347 348 
3 348 341 344 
3 210 211 347 
3 347 344 210 
3 246 247 349 
3 349 285 246 
3 350 351 287 
3 285 349 350 
3 350 287 285 
3 352 353 288 
3 287 351 352 
3 352 288 287 
3 354 355 290 
3 288 353 354 
3 354 290 288 
3 356 357 291 
3 290 355 356 
3 356 291 290 
3 244 293 358 
3 358 260 244 
3 360 358 293 
3 295 359 360 
3 360 293 295 
3 362 359 295 
3 294 361 362 
3 362 295 294 
3 364 361 294 
3 297 363 364 
3 364 294 297 
3 366 363 297 
3 296 365 366 
3 366 297 296 
3 242 248 367 
3 367 298 242 
3 368 369 299 
3 298 367 368 
3 368 299 298 
3 370 371 300 
3 299 369 370 
3 370 300 299 
3 372 373 301 
3 300 371 372 
3 372 301 300 
3 374 375 302 
3 301 373 374 
3 374 302 301 
3 376 377 303 
3 291 357 376 
3 376 303 291 
3 378 379 304 
3 303 377 378 
3 378 304 303 
3 380 381 306 
3 304 379 380 
3 380 306 304 
3 306 383 307 
3 306 381 382 
3 383 306 382 
3 197 307 383 
3 383 196 197 
3 385 365 296 
3 310 384 385 
3 385 296 310 
3 387 384 310 
3 309 386 387 
3 387 310 309 
3 389 386 309 
3 309 388 389 
3 388 309 312 
3 391 388 312 
3 312 390 391 
3 390 312 311 
3 199 262 390 
3 390 311 199 
3 392 393 313 
3 302 375 392 
3 392 313 302 
3 394 395 314 
3 313 393 394 
3 394 314 313 
3 396 397 315 
3 314 395 396 
3 396 315 314 
3 398 399 316 
3 315 397 398 
3 398 316 315 
3 251 201 316 
3 316 399 251 
3 236 317 400 
3 400 254 236 
3 402 400 317 
3 319 401 402 
3 402 317 319 
3 404 401 319 
3 318 403 404 
3 404 319 318 
3 406 403 318 
3 321 405 406 
3 406 318 321 
3 408 405 321 
3 320 407 408 
3 408 321 320 
3 234 264 409 
3 409 322 234 
3 410 411 324 
3 322 409 410 
3 410 324 322 
3 412 413 325 
3 325 411 412 
3 411 325 324 
3 414 415 327 
3 325 413 414 
3 414 327 325 
3 416 417 328 
3 327 415 416 
3 416 328 327 
3 232 330 418 
3 418 231 232 
3 420 418 330 
3 332 419 420 
3 420 330 332 
3 422 419 332 
3 331 421 422 
3 422 332 331 
3 424 421 331 
3 334 423 424 
3 424 331 334 
3 426 423 334 
3 333 425 426 
3 426 334 333 
3 428 407 320 
3 336 427 428 
3 428 320 336 
3 430 427 336 
3 335 429 430 
3 430 336 335 
3 432 429 335 
3 338 431 432 
3 432 335 338 
3 434 431 338 
3 337 433 434 
3 434 338 337 
3 207 257 433 
3 433 337 207 
3 435 436 339 
3 328 417 435 
3 435 339 328 
3 437 438 340 
3 339 436 437 
3 437 340 339 
3 340 440 342 
3 340 438 439 
3 440 340 439 
3 441 442 343 
3 342 440 441 
3 441 343 342 
3 266 209 343 
3 343 442 266 
3 444 425 333 
3 346 443 444 
3 444 333 346 
3 446 443 346 
3 345 445 446 
3 446 346 345 
3 448 445 345 
3 348 447 448 
3 448 345 348 
3 450 447 348 
3 347 449 450 
3 450 348 347 
3 211 212 449 
3 449 347 211 
3 178 349 247 
3 247 176 178 
3 178 179 350 
3 350 349 178 
3 180 351 350 
3 350 179 180 
3 180 181 352 
3 352 351 180 
3 182 353 352 
3 352 181 182 
3 353 183 354 
3 183 353 182 
3 184 355 354 
3 354 183 184 
3 184 185 356 
3 356 355 184 
3 186 357 356 
3 356 185 186 
3 360 260 358 
3 451 261 260 
3 261 451 452 
3 452 243 261 
3 360 453 451 
3 260 360 451 
3 360 359 454 
3 454 453 360 
3 453 452 451 
3 453 455 456 
3 452 453 456 
3 458 455 453 
3 453 457 458 
3 457 453 454 
3 362 459 454 
3 454 359 362 
3 362 361 460 
3 460 459 362 
3 462 457 454 
3 459 461 462 
3 462 454 459 
3 464 461 459 
3 460 463 464 
3 464 459 460 
3 364 465 460 
3 460 361 364 
3 364 363 466 
3 466 465 364 
3 468 463 460 
3 465 467 468 
3 468 460 465 
3 470 467 465 
3 466 469 470 
3 470 465 466 
3 366 471 466 
3 466 363 366 
3 366 365 472 
3 472 471 366 
3 474 469 466 
3 471 473 474 
3 474 466 471 
3 476 473 471 
3 472 475 476 
3 476 471 472 
3 248 249 477 
3 477 367 248 
3 478 479 368 
3 368 477 478 
3 477 368 367 
3 480 481 369 
3 369 479 480 
3 479 369 368 
3 482 483 370 
3 369 481 482 
3 482 370 369 
3 484 485 371 
3 370 483 484 
3 484 371 370 
3 486 487 372 
3 371 485 486 
3 486 372 371 
3 488 489 373 
3 372 487 488 
3 488 373 372 
3 490 491 374 
3 373 489 490 
3 490 374 373 
3 492 493 375 
3 374 491 492 
3 492 375 374 
3 186 187 376 
3 376 357 186 
3 188 377 376 
3 376 187 188 
3 188 189 378 
3 378 377 188 
3 190 379 378 
3 378 189 190 
3 190 191 380 
3 380 379 190 
3 192 381 380 
3 380 191 192 
3 192 193 382 
3 382 381 192 
3 196 382 194 
3 382 193 194 
3 194 177 196 
3 382 196 383 
3 385 494 472 
3 472 365 385 
3 385 384 495 
3 495 494 385 
3 497 475 472 
3 494 496 497 
3 497 472 494 
3 499 496 494 
3 495 498 499 
3 499 494 495 
3 387 500 495 
3 495 384 387 
3 387 386 501 
3 501 500 387 
3 503 498 495 
3 500 502 503 
3 503 495 500 
3 505 502 500 
3 501 504 505 
3 505 500 501 
3 389 506 501 
3 501 386 389 
3 389 388 507 
3 507 506 389 
3 509 504 501 
3 506 508 509 
3 509 501 506 
3 511 508 506 
3 507 510 511 
3 511 506 507 
3 391 512 507 
3 507 388 391 
3 262 391 390 
3 513 512 391 
3 512 510 507 
3 512 514 515 
3 510 512 515 
3 517 514 512 
3 512 516 517 
3 516 512 513 
3 262 263 513 
3 391 262 513 
3 263 200 516 
3 516 513 263 
3 518 519 392 
3 375 493 518 
3 518 392 375 
3 520 521 393 
3 392 519 520 
3 520 393 392 
3 522 523 394 
3 393 521 522 
3 522 394 393 
3 524 525 395 
3 394 523 524 
3 524 395 394 
3 526 527 396 
3 395 525 526 
3 526 396 395 
3 528 529 397 
3 396 527 528 
3 528 397 396 
3 397 531 398 
3 397 529 530 
3 531 397 530 
3 398 533 399 
3 398 531 532 
3 533 398 532 
3 251 399 533 
3 533 252 251 
3 254 400 534 
3 534 255 254 
3 402 534 400 
3 402 535 536 
3 534 402 536 
3 401 535 402 
3 401 537 538 
3 535 401 538 
3 540 537 401 
3 404 539 540 
3 540 401 404 
3 542 539 404 
3 403 541 542 
3 542 404 403 
3 544 541 403 
3 406 543 544 
3 544 403 406 
3 546 543 406 
3 405 545 546 
3 546 406 405 
3 548 545 405 
3 408 547 548 
3 548 405 408 
3 550 547 408 
3 407 549 550 
3 550 408 407 
3 265 235 551 
3 551 552 265 
3 264 265 552 
3 552 409 264 
3 553 554 555 
3 552 551 553 
3 553 555 552 
3 555 557 558 
3 555 554 556 
3 557 555 556 
3 410 409 552 
3 552 555 410 
3 410 555 558 
3 558 411 410 
3 559 560 561 
3 558 557 559 
3 559 561 558 
3 562 563 564 
3 561 560 562 
3 562 564 561 
3 412 411 558 
3 558 561 412 
3 412 561 564 
3 564 413 412 
3 565 566 567 
3 564 563 565 
3 565 567 564 
3 568 569 570 
3 567 566 568 
3 568 570 567 
3 414 413 564 
3 564 567 414 
3 414 567 570 
3 570 415 414 
3 571 572 573 
3 570 569 571 
3 571 573 570 
3 574 575 576 
3 573 572 574 
3 574 576 573 
3 416 415 570 
3 570 573 416 
3 416 573 576 
3 576 417 416 
3 230 213 231 
3 420 231 418 
3 231 420 230 
3 420 229 230 
3 228 229 420 
3 420 419 228 
3 227 419 422 
3 419 227 228 
3 226 227 422 
3 422 421 226 
3 225 421 424 
3 421 225 226 
3 224 225 424 
3 424 423 224 
3 224 423 426 
3 426 223 224 
3 222 223 426 
3 426 425 222 
3 578 549 407 
3 428 577 578 
3 578 407 428 
3 580 577 428 
3 427 579 580 
3 580 428 427 
3 582 579 427 
3 430 581 582 
3 582 427 430 
3 584 581 430 
3 429 583 584 
3 584 430 429 
3 586 583 429 
3 432 585 586 
3 586 429 432 
3 588 585 432 
3 431 587 588 
3 588 432 431 
3 590 587 431 
3 431 589 590 
3 589 431 434 
3 592 589 434 
3 434 591 592 
3 591 434 433 
3 257 258 591 
3 591 433 257 
3 593 594 595 
3 576 575 593 
3 593 595 576 
3 596 597 598 
3 595 594 596 
3 596 598 595 
3 435 417 576 
3 576 595 435 
3 435 595 598 
3 598 436 435 
3 599 600 601 
3 598 597 599 
3 599 601 598 
3 602 603 604 
3 601 600 602 
3 602 604 601 
3 437 436 598 
3 598 601 437 
3 437 601 604 
3 604 438 437 
3 605 606 607 
3 604 603 605 
3 605 607 604 
3 608 609 610 
3 607 606 608 
3 608 610 607 
3 439 438 604 
3 604 607 439 
3 439 607 610 
3 610 440 439 
3 611 612 613 
3 613 609 611 
3 609 613 610 
3 613 615 616 
3 613 612 614 
3 615 613 614 
3 441 440 610 
3 610 613 441 
3 441 613 616 
3 616 442 441 
3 267 616 615 
3 615 208 267 
3 266 442 616 
3 616 267 266 
3 222 425 444 
3 444 221 222 
3 220 221 444 
3 444 443 220 
3 220 443 446 
3 446 219 220 
3 445 219 446 
3 219 445 218 
3 218 445 448 
3 448 217 218 
3 216 217 448 
3 448 447 216 
3 216 447 450 
3 450 215 216 
3 214 215 450 
3 450 449 214 
3 212 195 214 
3 214 449 212 
3 243 452 617 
3 617 250 243 
3 478 250 617 
3 477 249 250 
3 456 618 617 
3 617 452 456 
3 618 455 619 
3 455 618 456 
3 250 478 477 
3 617 618 478 
3 479 618 619 
3 618 479 478 
3 455 620 619 
3 620 455 458 
3 458 457 621 
3 621 620 458 
3 480 479 619 
3 619 620 480 
3 481 620 621 
3 620 481 480 
3 462 622 621 
3 621 457 462 
3 622 461 623 
3 461 622 462 
3 482 481 621 
3 621 622 482 
3 482 622 623 
3 623 483 482 
3 464 624 623 
3 623 461 464 
3 464 463 625 
3 625 624 464 
3 484 483 623 
3 623 624 484 
3 484 624 625 
3 625 485 484 
3 468 626 625 
3 625 463 468 
3 626 467 627 
3 467 626 468 
3 486 485 625 
3 625 626 486 
3 486 626 627 
3 627 487 486 
3 470 628 627 
3 627 467 470 
3 470 469 629 
3 629 628 470 
3 488 487 627 
3 627 628 488 
3 488 628 629 
3 629 489 488 
3 474 630 629 
3 629 469 474 
3 630 473 631 
3 473 630 474 
3 490 489 629 
3 629 630 490 
3 490 630 631 
3 631 491 490 
3 476 632 631 
3 631 473 476 
3 476 475 633 
3 633 632 476 
3 492 491 631 
3 631 632 492 
3 492 632 633 
3 633 493 492 
3 497 634 633 
3 633 475 497 
3 634 496 635 
3 496 634 497 
3 518 493 633 
3 633 634 518 
3 518 634 635 
3 635 519 518 
3 499 636 635 
3 635 496 499 
3 499 498 637 
3 637 636 499 
3 520 519 635 
3 635 636 520 
3 520 636 637 
3 637 521 520 
3 503 638 637 
3 637 498 503 
3 638 502 639 
3 502 638 503 
3 522 521 637 
3 637 638 522 
3 522 638 639 
3 639 523 522 
3 505 640 639 
3 639 502 505 
3 505 504 641 
3 641 640 505 
3 524 523 639 
3 639 640 524 
3 524 640 641 
3 641 525 524 
3 509 642 641 
3 641 504 509 
3 642 508 643 
3 508 642 509 
3 526 525 641 
3 641 642 526 
3 526 642 643 
3 643 527 526 
3 508 644 643 
3 644 508 511 
3 511 510 645 
3 645 644 511 
3 528 527 643 
3 643 644 528 
3 528 644 645 
3 645 529 528 
3 515 646 645 
3 645 510 515 
3 646 514 647 
3 514 646 515 
3 646 529 645 
3 529 646 530 
3 530 646 647 
3 647 531 530 
3 514 648 647 
3 648 514 517 
3 253 517 516 
3 649 648 517 
3 648 531 647 
3 531 648 532 
3 532 648 649 
3 252 532 649 
3 517 253 649 
3 516 200 253 
3 532 252 533 
3 649 253 252 
3 536 255 534 
3 650 256 255 
3 553 256 650 
3 551 235 256 
3 536 651 650 
3 255 536 650 
3 651 535 652 
3 535 651 536 
3 256 553 551 
3 650 651 553 
3 554 651 652 
3 651 554 553 
3 538 653 652 
3 652 535 538 
3 653 537 654 
3 537 653 538 
3 653 554 652 
3 554 653 556 
3 556 653 654 
3 654 557 556 
3 540 655 654 
3 654 537 540 
3 540 539 656 
3 656 655 540 
3 559 557 654 
3 654 655 559 
3 560 655 656 
3 655 560 559 
3 542 657 656 
3 656 539 542 
3 542 541 658 
3 658 657 542 
3 562 560 656 
3 656 657 562 
3 562 657 658 
3 658 563 562 
3 541 659 658 
3 659 541 544 
3 544 543 660 
3 660 659 544 
3 565 563 658 
3 658 659 565 
3 566 659 660 
3 659 566 565 
3 546 661 660 
3 660 543 546 
3 546 545 662 
3 662 661 546 
3 568 566 660 
3 660 661 568 
3 568 661 662 
3 662 569 568 
3 548 663 662 
3 662 545 548 
3 548 547 664 
3 664 663 548 
3 571 569 662 
3 662 663 571 
3 572 663 664 
3 663 572 571 
3 550 665 664 
3 664 547 550 
3 665 549 666 
3 549 665 550 
3 574 572 664 
3 664 665 574 
3 574 665 666 
3 666 575 574 
3 578 667 666 
3 666 549 578 
3 578 577 668 
3 668 667 578 
3 593 575 666 
3 666 667 593 
3 594 667 668 
3 667 594 593 
3 580 669 668 
3 668 577 580 
3 669 579 670 
3 579 669 580 
3 596 594 668 
3 668 669 596 
3 596 669 670 
3 670 597 596 
3 582 671 670 
3 670 579 582 
3 582 581 672 
3 672 671 582 
3 599 597 670 
3 670 671 599 
3 599 671 672 
3 672 600 599 
3 584 673 672 
3 672 581 584 
3 673 583 674 
3 583 673 584 
3 673 600 672 
3 600 673 602 
3 602 673 674 
3 674 603 602 
3 586 675 674 
3 674 583 586 
3 586 585 676 
3 676 675 586 
3 605 603 674 
3 674 675 605 
3 606 675 676 
3 675 606 605 
3 588 677 676 
3 676 585 588 
3 677 587 678 
3 587 677 588 
3 677 606 676 
3 606 677 608 
3 608 677 678 
3 678 609 608 
3 587 679 678 
3 679 587 590 
3 590 589 680 
3 680 679 590 
3 611 609 678 
3 678 679 611 
3 612 679 680 
3 679 612 611 
3 589 681 680 
3 681 589 592 
3 258 592 591 
3 682 681 592 
3 681 612 680 
3 612 681 614 
3 614 681 682 
3 259 614 682 
3 258 259 682 
3 592 258 682 
3 259 208 615 
3 614 259 615 

CELL_TYPES 1057
9
9
9
9
9
9
9
9
9
9
9
9
9
9
9
9
9
9
9
9
9
9
9
9
9
9
9
9
9
9
9
9
9
9
9
9
9
9
9
9
9
9
9
9
9
9
9
9
9
9
9
9
9
9
9
9
9
9
9
9
9
9
9
9
9
9
9
9
9
9
9
9
9
9
9
9
9
9
9
9
9
9
9
9
9
9
9
9
9
9
9
9
9
9
9
9
9
9
9
9
9
9
9
9
9
9
9
9
9
9
9
9
9
9
9
9
9
9
9
9
9
9
9
9
9
9
9
9
9
5
5
5
5
5
5
5
5
5
5
5
5
5
5
5
5
5
5
5
5
5
5
5
5
5
5
5
5
5
5
5
5
5
5
5
5
5
5
5
5
5
5
5
5
5
5
5
5
5
5
5
5
5
5
5
5
5
5
5
5
5
5
5
5
5
5
5
5
5
5
5
5
5
5
5
5
5
5
5
5
5
5
5
5
5
5
5
5
5
5
5
5
5
5
5
5
5
5
5
5
5
5
5
5
5
5
5
5
5
5
5
5
5
5
5
5
5
5
5
5
5
5
5
5
5
5
5
5
5
5
5
5
5
5
5
5
5
5
5
5
5
5
5
5
5
5
5
5
5
5
5
5
5
5
5
5
5
5
5
5
5
5
5
5
5
5
5
5
5
5
5
5
5
5
5
5
5
5
5
5
5
5
5
5
5
5
5
5
5
5
5
5
5
5
5
5
5
5
5
5
5
5
5
5
5
5
5
5
5
5
5
5
5
5
5
5
5
5
5
5
5
5
5
5
5
5
5
5
5
5
5
5
5
5
5
5
5
5
5
5
5
5
5
5
5
5
5
5
5
5
5
5
5
5
5
5
5
5
5
5
5
5
5
5
5
5
5
5
5
5
5
5
5
5
5
5
5
5
5
5
5
5
5
5
5
5
5
5
5
5
5
5
5
5
5
5
5
5
5
5
5
5
5
5
5
5
5
5
5
5
5
5
5
5
5
5
5
5
5
5
5
5
5
5
5
5
5
5
5
5
5
5
5
5
5
5
5
5
5
5
5
5
5
5
5
5
5
5
5
5
5
5
5
5
5
5
5
5
5
5
5
5
5
5
5
5
5
5
5
5
5
5
5
5
5
5
5
5
5
5
5
5
5
5
5
5
5
5
5
5
5
5
5
5
5
5
5
5
5
5
5
5
5
5
5
5
5
5
5
5
5
5
5
5
5
5
5
5
5
5
5
5
5
5
5
5
5
5
5
5
5
5
5
5
5
5
5
5
5
5
5
5
5
5
5
5
5
5
5
5
5
5
5
5
5
5
5
5
5
5
5
5
5
5
5
5
5
5
5
5
5
5
5
5
5
5
5
5
5
5
5
5
5
5
5
5
5
5
5
5
5
5
5
5
5
5
5
5
5
5
5
5
5
5
5
5
5
5
5
5
5
5
5
5
5
5
5
5
5
5
5
5
5
5
5
5
5
5
5
5
5
5
5
5
5
5
5
5
5
5
5
5
5
5
5
5
5
5
5
5
5
5
5
5
5
5
5
5
5
5
5
5
5
5
5
5
5
5
5
5
5
5
5
5
5
5
5
5
5
5
5
5
5
5
5
5
5
5
5
5
5
5
5
5
5
5
5
5
5
5
5
5
5
5
5
5
5
5
5
5
5
5
5
5
5
5
5
5
5
5
5
5
5
5
5
5
5
5
5
5
5
5
5
5
5
5
5
5
5
5
5
5
5
5
5
5
5
5
5
5
5
5
5
5
5
5
5
5
5
5
5
5
5
5
5
5
5
5
5
5
5
5
5
5
5
5
5
5
5
5
5
5
5
5
5
5
5
5
5
5
5
5
5
5
5
5
5
5
5
5
5
5
5
5
5
5
5
5
5
5
5
5
5
5
5
5
5
5
5
5
5
5
5
5
5
5
5
5
5
5
5
5
5
5
5
5
5
5
5
5
5
5
5
5
5
5
5
5
5
5
5
5
5
5
5
5
5
5
5
5
5
5
5
5
5
5
5
5
5
5
5
5
5
5
5
5
5
5
5
5
5
5
5
5
5
5
5
5
5
5
5
5
5
5
5
5
5
5
5
5
5
5
5
5
5
5
5
5
5
5
5
5
5
5
5
5
5
5
5
5
5
5
5
5
5
5
5
5
5
5
5
5
5
5
5
5
5
5
5
5
5
5
5
5
5
5
5
5
5
5
5
5
5
5
5
5
5
5
5
5
5
5
5
5
5
5
5
5
5
5
5
5
5
5
5
5
5
5
5
5
5
5
5
5
5
5
5
5
5
5
5
5
5
5
5
5
5
5
5
5
5
5
5
5
5
5
5
5
5
5
5
5
5
5
5
5
5
5
5
5
5
5
5
5
5
5
5
5

POINT_DATA 687
FIELD FieldData 2
displacement 3 687 float
0 0 0 0 0 -5.8 0 0 -5.8 
0 0 -5.8 0 0 -5.8 0 0 -5.8 
0 0 -5.8 0 0 -5.8 0 0 -5.8 
0 0 -5.8 0 0 -5.8 0 0 -5.8 
0 0 -5.8 0 0 -5.8 0 0 -5.8 
0 0 -5.8 0 0 -5.8 0 0 -5.8 
0 0 -5.8 0 0 -5.8 0 0 -5.8 
0 0 -5.8 0 0 -5.8 0 0 -5.8 
0 0 -5.8 0 0 -5.8 0 0 -5.8 
0 0 -5.8 0 0 -5.8 0 0 -5.8 
0 0 -5.8 0 0 -5.8 0 0 -5.8 
0 0 -5.8 0 0 -5.8 0 0 -5.8 
0 0 -5.8 0 0 -5.8 0 0 -5.8 
0 0 -5.8 0 0 -5.8 0 0 -5.8 
0 0 -5.8 0 0 -5.8 0 0 -5.8 
0 0 -5.8 0 0 -5.8 0 0 -5.8 
0 0 -5.8 0 0 -5.8 0 0 -5.8 
0 0 -5.8 0 0 -5.8 0 0 -5.8 
0 0 -5.8 0 0 -5.8 0 0 -5.8 
0 0 -5.8 0 0 -5.8 0 0 -5.8 
0 0 -5.8 0 0 -5.8 0 0 -5.8 
0 0 -5.8 0 0 -5.8 0 0 -5.8 
0 0 -5.8 0 0 -5.8 0 0 -5.8 
0 0 -5.8 0 0 -5.8 0 0 -5.8 
0 0 -5.8 0 0 -5.8 0 0 -5.8 
0 0 -5.8 0 0 -5.8 0 0 -5.8 
0 0 -5.8 0 0 -5.8 0 0 -5.8 
0 0 -5.8 0 0 -5.8 0 0 -5.8 
0 0 -5.8 0 0 -5.8 0 0 -5.8 
0 0 -5.8 0 0 -5.8 0 0 -5.8 
0 0 -5.8 0 0 -5.8 0 0 -5.8 
0 0 -5.8 0 0 -5.8 0 0 -5.8 
0 0 -5.8 0 0 -5.8 0 0 -5.8 
0 0 -5.8 0 0 -5.8 0 0 -5.8 
0 0 -5.8 0 0 -5.8 0 0 -5.8 
0 0 -5.8 0 0 -5.8 0 0 -5.8 
0 0 -5.8 0 0 -5.8 0 0 -5.8 
0 0 -5.8 0 0 -5.8 0 0 -5.8 
0 0 -5.8 0 0 -5.8 0 0 -5.8 
0 0 -5.8 0 0 -5.8 0 0 -5.8 
0 0 -5.8 0 0 -5.8 0 0 -5.8 
0 0 -5.8 0 0 -5.8 0 0 -5.8 
0 0 -5.8 0 0 -5.8 0 0 -5.8 
0 0 -5.8 0 0 -5.8 0 0 -5.8 
0 0 -5.8 0 0 -5.8 0 0 -5.8 
0 0 -5.8 0 0 -5.8 0 0 -5.8 
0 0 -5.8 0 0 -5.8 0 0 -5.8 
0 0 -5.8 0 0 -5.8 0 0 -5.8 
0 0 -5.8 0 0 -5.8 0 0 -5.8 
0 0 -5.8 0 0 -5.8 0 0 -5.8 
0 0 8.15 0 0 8.15 0 0 8.15 
0 0 8.15 0 0 8.15 0 0 8.15 
0 0 8.15 0 0 8.15 0 0 8.15 
0 0 8.15 0 0 8.15 0 0 8.15 
0 0 8.15 0 0 8.15 0 0 8.15 
0 0 8.15 0 0 8.15 0 0 8.15 
0 0 8.15 0 0 8.15 0 0 8.15 
0 0 8.15 0 0 8.15 0 0 8.15 
0 0 8.15 0 0 8.15 0 0 0 
0 0 0 0 0 0 0 0 0 
0 0 0 0 0 0 0 0 0 
0 0 0 0 0 0 0 0 0 
0 0 0 0 0 0 0 0 0 
0 0 0 0 0 0 0 0 0 
0 0 0 0 0 0 0 0 0 
0 0 0 0 -0.98459 1.44474 0 -1.38103 3.01811 
0 -0.92935 4.1446 0 -0.041372 3.71807 0 -0.373079 0.2 
0 -0.284986 3.02354 0 0.273573 2.85852 0 0.30645 1.2 
0 0.44672 1.2 0 0.68559 1.07463 0 0.173941 -0.8 
0 0.227001 -0.8 0 0.18755 -1.8 0 -0.654282 2.6408 
0 0.134341 2.97646 0 0.549591 2.15946 0 0.376423 0.991526 
0 0 0 0 0 0 0 0 0 
0 0 0 0 0 0 0 0 0 
0 0 0 0 0 0 0 0 0 
0 0 0 0 0 0 0 0 0 
0 0 0 0 0 0 0 0 0 
0 0 0 0 0 0 0 0 0 
0 0.42641 -1.38595 0 0.21484 -2.72608 0 -0.71681 -2.68301 
0 -1.20555 -1.21006 0 -0.056469 2.15 -0 -0.214772 1.15 
0 -0.360969 1.15 0 -0.48246 1.15 -0 -0.50653 1.15 
0 -0.565995 1.15 0 -0.695068 1.15 0 -0.901594 1.22405 
0 -0.120528 4.15 0 1.8319 -0.709452 0 0.961664 -2.11131 
0 0.178595 -1.83851 0 -0.04888 -0.900677 0 -0.933031 2.06806 
0 -0.78544 2.74383 0 -0.49795 3.46246 0 -0.694114 2.33587 
0 -0.606672 1.03608 0 -0.306666 0.2 0 -0.058481 1.15 
0 0.0884 1.31387 0 -0.081558 2.15 0 0.30416 -0.8 
0 0.33597 -1.17225 -0 0.172491 -1.8 0 1.32752 2.10542 
0 -0.137782 4.15 0 0.245402 2.14759 0 -0.410332 0.2 
0 -0.799511 0.730939 0 -0.03339 2.15 0 -0.976361 0.828282 
0 0.20265 -1.8 1.70079 -0.49815 0.43633 1.44918 -0.719877 0.774542 
0.994857 -0.761818 1.26123 1.89996 -0.387842 2.61297 3.07433 -0.214442 2.18492 
3.06942 -0.04408 1.35423 1.98874 -0.079006 1.62015 0.995283 -0.081443 2.82549 
1.30523 0.24001 2.12099 1.64951 0.54104 1.89967 2.74309 0.00985 0.362769 
1.79221 -0.234009 -0.069075 0.714987 -0.241508 0.91029 1.07325 -0.35611 0.6582 
1.03878 0.25339 -0.32866 0.676001 0.22443 -0.55698 1.71253 0.25046 0.63052 
0.563716 0.290689 -1.95311 1.24946 1.20687 -1.6669 1.27632 0.083244 -1.68982 
1.62076 -0.280462 -1.06914 2.8159 0.395088 -0.969396 2.27803 -0.582378 -0.451544 
2.10942 -0.88678 0.309663 3.65961 -0.709823 1.00046 0.781718 1.6793 0.134996 
2.20859 0.776542 0.700312 1.54684 1.3799 0.24812 3.31931 -0.354331 1.68743 
3.13117 0.113599 0.807082 0.591585 -0.884063 1.55994 1.19254 -0.680207 1.70113 
1.76053 -0.457838 1.88831 2.50993 -0.333677 1.89655 2.75673 -0.266181 2.20357 
2.23509 -1.1589 1.22923 1.55209 -1.23982 1.71837 2.76178 -1.04794 3.11207 
1.11595 -1.37501 2.55135 0.598214 -1.31804 3.27137 1.29182 -0.96722 3.87004 
2.10816 -0.246547 2.93384 3.13597 -0.534416 2.50016 0.683319 -0.283364 3.88862 
1.44769 -0.177601 3.57261 2.43547 -0.308211 2.47041 1.6974 -0.381122 2.37456 
1.16092 -0.448832 2.52624 0.494858 -0.540026 2.65255 0.470323 -0.1327 1.02723 
1.56693 -0.018379 0.149294 0.972188 -0.076371 0.63032 2.60579 -0.01315 0.20547 
2.324 -0.09153 -0.092758 0.651192 -1.10936 -1.68493 1.16997 -0.245849 -2.80597 
1.51981 -0.84619 -1.71475 2.07092 -0.55492 -0.980698 2.71604 0.140449 -1.97928 
3.08001 -0.020719 -0.737944 3.26381 0.157 0.119034 3.57936 0.5831 0.071657 
0.626833 0.379631 -2.28004 1.55733 0.635891 -1.32807 1.21603 0.497372 -2.00588 
2.04411 0.80547 0.019908 2.19436 0.754452 -0.80385 1.55606 0.28348 0.225865 
2.3298 0.110309 0.516146 0.45523 0.25815 -0.67556 0.954718 0.267509 -0.27613 
3.06247 0.071798 0.975303 2.02342 -0.389681 1.21092 2.69259 0.26153 2.12659 
1.48803 -0.631389 1.85911 0.644204 -0.870038 1.72111 1.14739 -0.12496 2.92776 
1.54974 0.711807 1.3918 2.20077 0.802189 0.859242 0.525669 0.516178 2.38627 
1.20827 0.604061 2.10423 0.185101 -0.03038 -1.23891 0.376161 -0.08114 -1.05774 
0.573344 -0.12799 -0.969226 0.662315 -0.18761 -0.765831 0.717173 -0.25128 -0.513871 
1.05775 -0.37617 -0.483285 1.1373 -0.4591 -0.308535 1.08916 -0.50627 -0.105635 
1.08718 -0.59803 0.11201 0.356385 1.53772 1.16865 1.02043 0.902608 2.10783 
0.596104 1.08124 2.29065 1.76346 0.458828 1.8058 1.34239 0.658977 2.06035 
2.68612 -0.006474 1.45834 2.21767 0.220143 1.5213 3.05748 -0.346637 1.89967 
2.97678 -0.223805 1.66403 0.264928 -0.928484 1.94592 0.522954 -0.825479 2.35242 
0.774224 -0.624376 2.72652 1.21666 -0.539968 2.41376 1.59009 -0.3919 2.35997 
2.0391 -0.323507 2.28514 2.41876 -0.295334 2.09581 2.71042 -0.272393 2.08725 
2.77884 -0.295852 2.19113 1.07409 -0.65598 0.306429 1.07891 -0.76621 0.561866 
0.908496 -0.77 0.705286 0.778759 -0.81591 0.864237 0.641702 -0.83695 1.00341 
0.494864 -0.88974 1.17553 0.258442 -0.81853 1.11642 0.388463 -1.23989 2.2126 
2.7057 -0.442099 2.35581 2.97838 -0.439626 2.17324 1.78316 -0.270949 2.18478 
2.24365 -0.375991 2.40446 1.25396 -0.005865 2.32759 1.37435 -0.20712 1.85752 
0.550246 0.117331 3.03283 0.656357 0.126823 1.93822 2.67241 -0.308755 2.29197 
2.37273 -0.36375 2.24236 1.99695 -0.374888 2.01578 1.55537 -0.439547 1.78192 
1.19896 -0.5193 1.71629 0.767424 -0.567239 1.37743 0.51191 -0.666818 1.78708 
0.298723 -0.673176 2.05974 0.22702 -0.079701 1.11953 0.704851 0.069509 0.970243 
0.453064 -0.002069 1.01347 1.49058 0.02993 0.454283 1.10574 0.067239 0.63059 
2.28887 -0.022421 0.093881 1.92358 -0.004589 0.29462 2.66945 0.00873 0.168998 
2.56941 -0.03928 0.066276 0.294374 -1.0014 0.098145 0.705038 -0.87961 0.21548 
1.24795 -0.744952 -0.187344 1.34294 -0.370319 0.398533 1.74097 -0.329408 -0.004796 
2.18371 -0.184071 -0.273538 2.64899 -0.036829 -0.302917 2.92584 0.077369 -0.114892 
3.00744 0.116489 0.135069 0.258512 0.40324 -1.86289 0.478691 0.387569 -0.895984 
0.322881 0.403961 -1.21115 0.700836 0.411949 -0.601585 0.737905 0.45417 -0.899146 
1.08475 0.54887 -0.429519 1.02263 0.524731 -0.594992 1.04742 0.54726 0.005821 
1.05306 0.52901 -0.200578 2.3161 0.118629 0.262659 2.58868 0.0383 0.285584 
1.49 0.251549 -0.126398 1.93655 0.1789 0.06316 0.699018 0.341219 -0.72905 
1.09589 0.32618 -0.336959 0.219942 0.289339 -0.76927 0.43754 0.340738 -0.694197 
2.93087 0.128368 0.386272 2.64785 0.058531 0.583768 2.17098 -0.055771 0.564765 
1.70071 -0.17367 0.265188 1.31024 -0.190369 -0.131446 1.22343 -0.537411 0.446437 
0.722274 -0.65336 0.141882 0.384381 -0.76305 0.354469 1.09205 0.57787 0.445508 
1.05676 0.543148 0.210178 0.689521 0.445622 0.60375 1.02812 0.562099 0.61204 
0.546363 0.49419 1.1008 0.642716 0.473259 0.87405 0.178902 0.496502 1.4087 
0.364832 0.469829 1.18897 0.25059 -0.137824 4.11498 0.217371 -0.125225 4.12438 
0.507715 -0.117429 4.00342 0.812434 -0.073347 3.73029 0.507112 -0.103814 4.0061 
0.364116 -0.113759 4.07732 0.701393 -0.113699 3.82998 0.61747 -0.114617 3.91524 
1.09123 -0.112682 3.39619 1.49761 -0.127989 2.89416 1.0516 -0.15895 3.45142 
0.876821 -0.130816 3.64176 1.47025 -0.181037 2.93279 1.27545 -0.172228 3.17876 
1.95615 -0.155806 2.33357 2.52012 -0.158808 1.85272 1.89068 -0.209529 2.41999 
1.66145 -0.194125 2.68977 2.40696 -0.216816 2.04456 2.18265 -0.20951 2.17455 
2.79245 -0.266327 1.9386 2.96375 -0.362544 2.04156 2.71368 -0.271144 2.02166 
2.5793 -0.23883 2.0008 2.85795 -0.342284 2.11153 2.82757 -0.310104 2.06393 
0.175129 -0.776295 2.76376 0.289951 -0.522787 3.38201 0.495554 -0.502977 3.29706 
0.605554 -0.36789 3.44934 0.719722 -0.31642 3.43206 0.936948 -0.35229 3.18229 
1.1301 -0.384259 2.93917 1.30834 -0.351682 2.80546 1.5161 -0.329357 2.61442 
1.74251 -0.295302 2.42267 1.9805 -0.285826 2.3 2.20126 -0.276689 2.16836 
2.3961 -0.27225 2.09888 2.58439 -0.273536 2.06692 2.70072 -0.279986 2.08476 
2.77929 -0.293974 2.12366 2.78916 -0.311864 2.17523 2.79926 -0.40806 2.20925 
2.53663 -0.445334 2.27007 2.74378 -0.382411 2.22115 2.83859 -0.36785 2.1666 
2.42777 -0.422167 2.21064 2.59527 -0.407721 2.2398 2.02107 -0.437309 1.99926 
1.56494 -0.456109 1.45223 1.99753 -0.428694 1.97573 2.24577 -0.429348 2.13827 
1.51902 -0.430735 1.43374 1.72903 -0.436716 1.71026 1.13713 -0.418983 0.96858 
0.827153 -0.409374 0.6314 1.10134 -0.386312 0.92609 1.33666 -0.417123 1.20501 
0.701596 -0.362072 0.51231 0.901561 -0.375813 0.7109 0.472688 -0.372498 0.33568 
0.231539 -0.181816 0.774714 0.46374 -0.322527 0.32828 0.595231 -0.338084 0.42136 
0.164264 -0.367143 0.21574 0.275508 -0.327263 0.24411 2.76095 -0.330349 2.22839 
2.66343 -0.344496 2.26027 2.53794 -0.369139 2.25944 2.36026 -0.385253 2.21062 
2.15525 -0.401425 2.10925 1.93845 -0.400873 1.93153 1.72784 -0.405145 1.68737 
1.52662 -0.392252 1.41053 1.31973 -0.37705 1.15732 1.1335 -0.405229 1.16946 
0.929255 -0.36491 0.904024 0.735156 -0.294974 0.51929 0.617045 -0.33946 0.588743 
0.494205 -0.483555 0.850607 0.283746 -0.535372 0.893751 0.218552 -0.664448 1.54983 
0.17921 0.02795 1.17 0.459732 0.074231 1.30276 0.258323 0.07428 1.34473 
0.708266 0.048759 1.38162 0.590932 0.058469 1.38602 1.07824 0.060859 0.99243 
0.906641 0.05894 1.18626 1.49363 0.03158 0.656141 1.26057 0.04624 0.860146 
1.8988 0.004441 0.30088 1.71527 0.011888 0.411864 2.28803 -0.00716 0.101953 
2.10436 -0.00034 0.175161 2.58033 -0.006941 0.073494 2.47081 -0.006432 0.063224 
2.70375 0.02787 0.150579 2.65639 0.002979 0.102248 0.105398 -0.057381 2.14429 
0.260778 -0.023738 2.11439 0.282378 -0.06682 2.10906 0.516137 -0.069589 2.01228 
0.578157 -0.033989 1.97321 0.675334 -0.056009 1.91121 0.757503 -0.035209 1.81459 
0.862609 -0.010161 1.68515 0.914582 -0.022921 1.63489 1.06521 -0.01852 1.45239 
1.1245 -0.004299 1.37494 1.27323 5.9e-05 1.18434 1.45763 0.010679 0.94255 
1.51672 0.016579 0.89422 1.62667 0.016479 0.71254 1.84098 0.011351 0.440217 
1.93275 0.00211 0.34961 2.12792 0.006509 0.194951 2.34917 0.011441 0.07876 
2.4719 0.010842 -0.050738 2.50869 0.021872 0.038443 2.63449 0.029661 0.048759 
2.7295 0.05246 0.012832 2.75401 0.052879 0.093389 2.79364 0.074079 0.1515 
2.90863 0.106791 0.139769 2.60131 0.063321 0.25813 2.68593 0.04628 0.217471 
2.34873 0.116609 0.248353 2.50429 0.087191 0.271675 1.91841 0.176041 0.0534 
2.12756 0.149219 0.171745 1.50007 0.218769 -0.321787 1.73076 0.192871 -0.066174 
1.07524 0.278148 -0.711069 1.24738 0.24439 -0.56412 0.749416 0.224239 -1.23009 
0.930062 0.281709 -0.865243 0.463288 0.31205 -1.17429 0.599762 0.250231 -1.27947 
0.176977 0.340669 -0.930162 0.267586 0.31921 -1.20677 2.77983 0.087129 0.203608 
2.69192 0.091339 0.248648 2.75618 0.10952 0.281002 2.54655 0.10931 0.272662 
2.3692 0.121059 0.244355 2.49212 0.114321 0.356374 2.14142 0.136841 0.131736 
1.85619 0.15868 -0.100284 1.94029 0.13624 -0.02155 1.63175 0.170971 -0.37975 
1.45653 0.172501 -0.60982 1.51152 0.157872 -0.57451 1.28989 0.174042 -0.82059 
1.07284 0.17696 -1.08651 1.11462 0.165859 -1.0419 0.885809 0.174369 -1.30706 
0.70648 0.175249 -1.49474 0.843242 0.162171 -1.35718 0.609486 0.175202 -1.58493 
0.493461 0.17268 -1.67159 0.517264 0.18922 -1.65693 0.294764 0.175162 -1.75497 
0.182018 0.18725 -1.78277 0.256344 -0.22221 -0.949473 0.211929 -0.112311 4.12602 
0.408937 -0.101808 4.05925 0.529138 -0.14871 3.88106 0.64082 -0.125759 3.90766 
0.776734 -0.14405 3.7687 0.950629 -0.169679 3.57894 1.13416 -0.202036 3.37334 
1.30487 -0.212643 3.16639 1.50167 -0.226088 2.9162 1.75132 -0.234021 2.58634 
1.98656 -0.24573 2.30873 2.18928 -0.244294 2.1786 2.40802 -0.246436 2.07864 
2.61045 -0.261858 2.04112 2.73501 -0.28261 2.06774 2.7951 -0.303442 2.10259 
2.82827 -0.328304 2.15307 2.77975 -0.356372 2.20907 2.67719 -0.369828 2.24952 
2.54846 -0.388421 2.24504 2.38579 -0.405934 2.21033 2.1353 -0.418437 2.08179 
1.90579 -0.419531 1.90736 1.70717 -0.419402 1.68556 1.50761 -0.411806 1.41395 
1.2655 -0.391208 1.11217 1.11701 -0.361572 0.92104 0.960307 -0.356052 0.75945 
0.7687 -0.332738 0.56787 0.612862 -0.310965 0.4255 0.514801 -0.292917 0.35242 
0.374815 -0.289679 0.27881 0.191179 -0.285925 0.21992 0.16475 0.020831 1.75605 
0.363481 0.03059 1.68939 0.50663 0.02792 1.61458 0.634108 -0.03042 1.7331 
0.813169 -0.04998 1.7681 0.972564 -0.0341 1.58017 1.12985 -0.024512 1.37848 
1.27836 -0.0054 1.17945 1.4375 0.007059 0.96531 1.67356 0.01664 0.64252 
1.9204 0.003941 0.323704 2.11475 0.00304 0.192288 2.32281 0.00281 0.092189 
2.52077 0.01181 0.054168 2.6362 0.014031 0.068914 2.70952 0.029652 0.113206 
2.75518 0.05521 0.163618 2.7166 0.071838 0.22003 2.62245 0.08176 0.258407 
2.47325 0.10335 0.262665 2.31399 0.124128 0.22493 2.12516 0.142882 0.137821 
1.93721 0.159969 0.016466 1.68445 0.176719 -0.29561 1.43846 0.18297 -0.62976 
1.22912 0.18376 -0.89646 1.09189 0.183679 -1.07123 0.916377 0.180701 -1.2785 
0.750615 0.177639 -1.45836 0.63887 0.174169 -1.57107 0.547949 0.16267 -1.6431 
0.392315 0.169121 -1.64761 0.194826 0.17926 -1.65995 2.89482 -0.356556 1.62193 
2.71228 0.14617 2.46742 2.56205 -0.21236 0.65051 2.46137 0.2204 1.17411 

thickness 1 687 float
0.907029 0.907029 0.907029 0.907029 0.907029 0.907029 0.907029 0.907029 0.907029 
0.907029 0.907029 0.907029 0.907029 0.907029 0.907029 0.907029 0.907029 0.907029 
0.907029 0.907029 0.907029 0.907029 0.907029 0.907029 0.907029 0.907029 0.907029 
0.907029 0.907029 0.907029 0.907029 0.907029 0.907029 0.907029 0.907029 0.907029 
0.907029 0.907029 0.907029 0.907029 0.907029 0.907029 0.907029 0.907029 0.907029 
0.907029 0.907029 0.907029 0.907029 0.907029 0.907029 0.907029 0.907029 0.907029 
0.907029 0.907029 0.907029 0.907029 0.907029 0.907029 0.907029 0.907029 0.907029 
0.907029 0.907029 0.907029 0.907029 0.907029 0.907029 0.907029 0.907029 0.907029 
0.907029 0.907029 0.907029 0.907029 0.907029 0.907029 0.907029 0.907029 0.907029 
0.907029 0.907029 0.907029 0.907029 0.907029 0.907029 0.907029 0.907029 0.907029 
0.907029 0.907029 0.907029 0.907029 0.907029 0.907029 0.907029 0.907029 0.907029 
0.907029 0.907029 0.907029 0.907029 0.907029 0.907029 0.907029 0.907029 0.907029 
0.907029 0.907029 0.907029 0.907029 0.907029 0.907029 0.907029 0.907029 0.907029 
0.907029 0.907029 0.907029 0.907029 0.907029 0.907029 0.907029 0.907029 0.907029 
0.907029 0.907029 0.907029 0.907029 0.907029 0.907029 0.907029 0.907029 0.907029 
0.907029 0.907029 0.907029 0.907029 0.907029 0.907029 0.907029 0.907029 0.907029 
0.907029 0.907029 0.907029 0.907029 0.907029 0.907029 0.907029 0.907029 0.907029 
0.907029 0.907029 0.907029 0.907029 0.907029 0.907029 0.907029 0.907029 0.907029 
0.907029 0.907029 0.907029 0.907029 0.907029 0.907029 0.907029 0.907029 0.907029 
0.907029 0.907029 0.907029 0.907029 0.907029 0.685377 0.777327 0.618347 0.689353 
0.628478 0.712158 0.676155 0.694108 0.683855 0.772073 0.710715 0.789338 0.7159 
0.790284 0.71873 0.786186 0.707794 0.775264 0.726224 0.744706 0.633649 0.462788 
0.367415 0.350662 0.574135 0.431759 0.447284 0.500363 0.50897 0.5298 0.594716 
0.603551 0.597441 0.362057 0.395811 0.498212 0.644207 0.733179 0.674091 0.745067 
0.677416 0.756648 0.715584 0.723654 0.699658 0.779779 0.709801 0.777095 0.696301 
0.716363 0.70819 0.697265 0.687735 0.73064 0.681479 0.586717 0.423932 0.355691 
0.359991 0.583605 0.571457 0.57599 0.556405 0.53519 0.51786 0.508766 0.505122 
0.604654 0.340609 0.359762 0.448665 0.587706 0.515337 0.526945 0.5586 0.451322 
0.479654 0.557722 0.565314 0.566501 0.573641 0.595605 0.590503 0.593496 0.372083 
0.539433 0.375533 0.480727 0.383 0.529523 0.371316 0.481211 0.566674 0.519747 
0.514912 0.632433 0.753668 0.660516 0.611911 0.447901 0.522807 0.585141 0.713117 
0.652735 0.599713 0.596972 0.63953 0.637685 0.705582 0.422166 0.363178 0.45439 
0.499495 0.421701 0.50178 0.542462 0.457326 0.35612 0.508596 0.413209 0.572216 
0.541218 0.521428 0.561382 0.63923 0.745231 0.740367 0.524019 0.541316 0.429374 
0.502002 0.428095 0.377789 0.485191 0.525609 0.352593 0.389862 0.720067 0.596202 
0.500415 0.453886 0.5829 0.653338 0.616787 0.740558 0.713192 0.36711 0.38443 
0.406446 0.502702 0.430179 0.537686 0.573359 0.463763 0.453938 0.521668 0.483108 
0.546197 0.515624 0.689194 0.736338 0.611308 0.64925 0.540559 0.507623 0.435828 
0.416068 0.382041 0.387636 0.528765 0.51853 0.465869 0.49107 0.512235 0.562615 
0.543091 0.593472 0.61404 0.599075 0.593418 0.644939 0.629627 0.359827 0.426733 
0.410076 0.568818 0.521249 0.660893 0.650732 0.658242 0.674423 0.516371 0.53604 
0.575445 0.629321 0.679208 0.742857 0.803288 0.777847 0.768983 0.661393 0.624658 
0.663097 0.635791 0.65777 0.614996 0.648776 0.517808 0.622731 0.648853 0.555508 
0.613113 0.435414 0.532242 0.365584 0.41476 0.755711 0.76379 0.70654 0.618802 
0.561549 0.503065 0.475148 0.457161 0.570923 0.598674 0.582633 0.661583 0.632589 
0.764206 0.715542 0.761159 0.7524 0.36842 0.424997 0.456645 0.560361 0.577475 
0.638879 0.643434 0.659132 0.655965 0.498785 0.611352 0.59086 0.637996 0.604424 
0.606691 0.618766 0.629473 0.652086 0.77958 0.760567 0.69162 0.736104 0.62573 
0.66239 0.600376 0.605625 0.659853 0.644521 0.640868 0.576243 0.560074 0.459744 
0.43289 0.396606 0.610219 0.654117 0.64674 0.623918 0.588464 0.634703 0.565191 
0.613577 0.489226 0.609634 0.619143 0.592488 0.664456 0.617185 0.716739 0.694835 
0.702946 0.699638 0.748824 0.736833 0.778972 0.764632 0.789429 0.761604 0.818892 
0.798185 0.804613 0.813625 0.759648 0.717667 0.782973 0.792833 0.749716 0.763205 
0.523614 0.525652 0.533028 0.560033 0.616711 0.642885 0.638107 0.672656 0.717263 
0.751111 0.783273 0.81031 0.803357 0.795395 0.782971 0.774584 0.768847 0.723098 
0.700285 0.74726 0.743239 0.738098 0.741574 0.716648 0.64783 0.74046 0.736935 
0.698868 0.722338 0.628785 0.541321 0.658486 0.674555 0.633294 0.646219 0.570319 
0.460713 0.607429 0.625261 0.566835 0.585445 0.760673 0.758583 0.75849 0.759977 
0.756821 0.754272 0.71647 0.673844 0.631661 0.588114 0.593417 0.568202 0.541599 
0.498757 0.478027 0.463393 0.567759 0.584826 0.571964 0.598993 0.586292 0.624597 
0.616585 0.690649 0.655972 0.740737 0.710346 0.762918 0.766151 0.757143 0.762465 
0.75866 0.75638 0.585025 0.484471 0.585942 0.592718 0.59153 0.650715 0.682335 
0.581091 0.691644 0.700866 0.670765 0.71383 0.732588 0.679052 0.749423 0.771578 
0.74884 0.7669 0.761786 0.726885 0.755157 0.754384 0.733284 0.745048 0.7405 
0.710533 0.764138 0.75912 0.774264 0.769809 0.756053 0.778912 0.716298 0.732131 
0.643313 0.686195 0.657906 0.637616 0.589573 0.616669 0.594865 0.590104 0.741745 
0.754812 0.73357 0.760229 0.767663 0.730081 0.774781 0.779799 0.755394 0.75753 
0.739764 0.683184 0.723551 0.713403 0.678932 0.703968 0.688615 0.582802 0.674473 
0.633228 0.604141 0.604241 0.585515 0.455952 0.583107 0.57145 0.591549 0.644426 
0.700124 0.719132 0.695651 0.722085 0.754049 0.802738 0.806899 0.81504 0.807438 
0.794629 0.782323 0.771445 0.761651 0.754309 0.755194 0.752291 0.751146 0.747446 
0.745378 0.730591 0.703637 0.675249 0.642281 0.647765 0.635856 0.621605 0.575283 
0.544597 0.525824 0.571757 0.574878 0.577786 0.604909 0.650484 0.671615 0.662452 
0.69074 0.712147 0.740885 0.761449 0.77031 0.765632 0.760774 0.757255 0.754406 
0.750988 0.7547 0.763427 0.769083 0.775301 0.781442 0.776689 0.756466 0.730472 
0.715279 0.665612 0.681146 0.691082 0.662234 0.598161 0.585903 0.58837 0.640978 
0.668456 0.671434 0.717127 
