

 time = 30.000000 
 Rx1 = 16.000000, Rx2 = 0.000000, Rx3 = 0.000000, Ry2 = 16.000000, Ry3 = 0.000000, Rz3 = 16.000000 
 Natoms = 64
 Atomic_Numbers = 
  30,   26,   24,   48,   26,   26,   26,   26,   30,   48,   24,   26,   26,   30,   26,   48,   48,   48,   48,   48,   24,   24,   24,   24,   48,   48,   26,   24,   48,   48,   26,   26,   48,   48,   48,   30,   26,   48,   48,   26,   24,   24,   24,   26,   24,   30,   26,   24,   26,   48,   26,   48,   24,   24,   48,   24,   26,   26,   30,   26,   26,   26,   24,   48

0, (2,2,2), 1.35
  8, (0,0,0) (0,0,4) (0,4,4) (0,4,0) (4,4,0) (4,4,4) (4,0,0) (4,0,4)
  6, (0,1,2,3) (2,5,4,3) (0,3,4,6) (1,7,5,2) (4,5,7,6) (0,6,7,1)

1, (2,2,6), 1.45
  8, (0,0,4) (0,0,8) (0,4,8) (0,4,4) (4,4,4) (4,4,8) (4,0,4) (4,0,8)
  6, (0,1,2,3) (2,5,4,3) (0,3,4,6) (1,7,5,2) (4,5,7,6) (0,6,7,1)

2, (2,2,10), 1.3
  8, (0,0,8) (0,0,12) (0,4,12) (0,4,8) (4,4,8) (4,4,12) (4,0,8) (4,0,12)
  6, (0,1,2,3) (2,5,4,3) (0,3,4,6) (1,7,5,2) (4,5,7,6) (0,6,7,1)

3, (2,2,14), 1.53
  8, (0,0,12) (0,0,16) (0,4,16) (0,4,12) (4,4,12) (4,4,16) (4,0,12) (4,0,16)
  6, (0,1,2,3) (2,5,4,3) (0,3,4,6) (1,7,5,2) (4,5,7,6) (0,6,7,1)

4, (2,6,2), 1.45
  8, (0,4,0) (0,4,4) (0,8,4) (0,8,0) (4,8,0) (4,8,4) (4,4,0) (4,4,4)
  6, (0,1,2,3) (2,5,4,3) (0,3,4,6) (1,7,5,2) (4,5,7,6) (0,6,7,1)

5, (2,6,6), 1.45
  8, (0,4,4) (0,4,8) (0,8,8) (0,8,4) (4,8,4) (4,8,8) (4,4,4) (4,4,8)
  6, (0,1,2,3) (2,5,4,3) (0,3,4,6) (1,7,5,2) (4,5,7,6) (0,6,7,1)

6, (2,6,10), 1.45
  8, (0,4,8) (0,4,12) (0,8,12) (0,8,8) (4,8,8) (4,8,12) (4,4,8) (4,4,12)
  6, (0,1,2,3) (2,5,4,3) (0,3,4,6) (1,7,5,2) (4,5,7,6) (0,6,7,1)

7, (2,6,14), 1.45
  8, (0,4,12) (0,4,16) (0,8,16) (0,8,12) (4,8,12) (4,8,16) (4,4,12) (4,4,16)
  6, (0,1,2,3) (2,5,4,3) (0,3,4,6) (1,7,5,2) (4,5,7,6) (0,6,7,1)

8, (2,10,2), 1.35
  8, (0,8,0) (0,8,4) (0,12,4) (0,12,0) (4,12,0) (4,12,4) (4,8,0) (4,8,4)
  6, (0,1,2,3) (2,5,4,3) (0,3,4,6) (1,7,5,2) (4,5,7,6) (0,6,7,1)

9, (2,10,6), 1.53
  8, (0,8,4) (0,8,8) (0,12,8) (0,12,4) (4,12,4) (4,12,8) (4,8,4) (4,8,8)
  6, (0,1,2,3) (2,5,4,3) (0,3,4,6) (1,7,5,2) (4,5,7,6) (0,6,7,1)

10, (2,10,10), 1.3
  8, (0,8,8) (0,8,12) (0,12,12) (0,12,8) (4,12,8) (4,12,12) (4,8,8) (4,8,12)
  6, (0,1,2,3) (2,5,4,3) (0,3,4,6) (1,7,5,2) (4,5,7,6) (0,6,7,1)

11, (2,10,14), 1.45
  8, (0,8,12) (0,8,16) (0,12,16) (0,12,12) (4,12,12) (4,12,16) (4,8,12) (4,8,16)
  6, (0,1,2,3) (2,5,4,3) (0,3,4,6) (1,7,5,2) (4,5,7,6) (0,6,7,1)

12, (2,14,2), 1.45
  8, (0,12,0) (0,12,4) (0,16,4) (0,16,0) (4,16,0) (4,16,4) (4,12,0) (4,12,4)
  6, (0,1,2,3) (2,5,4,3) (0,3,4,6) (1,7,5,2) (4,5,7,6) (0,6,7,1)

13, (2,14,6), 1.35
  8, (0,12,4) (0,12,8) (0,16,8) (0,16,4) (4,16,4) (4,16,8) (4,12,4) (4,12,8)
  6, (0,1,2,3) (2,5,4,3) (0,3,4,6) (1,7,5,2) (4,5,7,6) (0,6,7,1)

14, (2,14,10), 1.45
  8, (0,12,8) (0,12,12) (0,16,12) (0,16,8) (4,16,8) (4,16,12) (4,12,8) (4,12,12)
  6, (0,1,2,3) (2,5,4,3) (0,3,4,6) (1,7,5,2) (4,5,7,6) (0,6,7,1)

15, (2,14,14), 1.53
  8, (0,12,12) (0,12,16) (0,16,16) (0,16,12) (4,16,12) (4,16,16) (4,12,12) (4,12,16)
  6, (0,1,2,3) (2,5,4,3) (0,3,4,6) (1,7,5,2) (4,5,7,6) (0,6,7,1)

16, (6,2,2), 1.53
  8, (4,0,0) (4,0,4) (4,4,4) (4,4,0) (8,4,0) (8,4,4) (8,0,0) (8,0,4)
  6, (0,1,2,3) (2,5,4,3) (0,3,4,6) (1,7,5,2) (4,5,7,6) (0,6,7,1)

17, (6,2,6), 1.53
  8, (4,0,4) (4,0,8) (4,4,8) (4,4,4) (8,4,4) (8,4,8) (8,0,4) (8,0,8)
  6, (0,1,2,3) (2,5,4,3) (0,3,4,6) (1,7,5,2) (4,5,7,6) (0,6,7,1)

18, (6,2,10), 1.53
  8, (4,0,8) (4,0,12) (4,4,12) (4,4,8) (8,4,8) (8,4,12) (8,0,8) (8,0,12)
  6, (0,1,2,3) (2,5,4,3) (0,3,4,6) (1,7,5,2) (4,5,7,6) (0,6,7,1)

19, (6,2,14), 1.53
  8, (4,0,12) (4,0,16) (4,4,16) (4,4,12) (8,4,12) (8,4,16) (8,0,12) (8,0,16)
  6, (0,1,2,3) (2,5,4,3) (0,3,4,6) (1,7,5,2) (4,5,7,6) (0,6,7,1)

20, (6,6,2), 1.3
  8, (4,4,0) (4,4,4) (4,8,4) (4,8,0) (8,8,0) (8,8,4) (8,4,0) (8,4,4)
  6, (0,1,2,3) (2,5,4,3) (0,3,4,6) (1,7,5,2) (4,5,7,6) (0,6,7,1)

21, (6,6,6), 1.3
  8, (4,4,4) (4,4,8) (4,8,8) (4,8,4) (8,8,4) (8,8,8) (8,4,4) (8,4,8)
  6, (0,1,2,3) (2,5,4,3) (0,3,4,6) (1,7,5,2) (4,5,7,6) (0,6,7,1)

22, (6,6,10), 1.3
  8, (4,4,8) (4,4,12) (4,8,12) (4,8,8) (8,8,8) (8,8,12) (8,4,8) (8,4,12)
  6, (0,1,2,3) (2,5,4,3) (0,3,4,6) (1,7,5,2) (4,5,7,6) (0,6,7,1)

23, (6,6,14), 1.3
  8, (4,4,12) (4,4,16) (4,8,16) (4,8,12) (8,8,12) (8,8,16) (8,4,12) (8,4,16)
  6, (0,1,2,3) (2,5,4,3) (0,3,4,6) (1,7,5,2) (4,5,7,6) (0,6,7,1)

24, (6,10,2), 1.53
  8, (4,8,0) (4,8,4) (4,12,4) (4,12,0) (8,12,0) (8,12,4) (8,8,0) (8,8,4)
  6, (0,1,2,3) (2,5,4,3) (0,3,4,6) (1,7,5,2) (4,5,7,6) (0,6,7,1)

25, (6,10,6), 1.53
  8, (4,8,4) (4,8,8) (4,12,8) (4,12,4) (8,12,4) (8,12,8) (8,8,4) (8,8,8)
  6, (0,1,2,3) (2,5,4,3) (0,3,4,6) (1,7,5,2) (4,5,7,6) (0,6,7,1)

26, (6,10,10), 1.45
  8, (4,8,8) (4,8,12) (4,12,12) (4,12,8) (8,12,8) (8,12,12) (8,8,8) (8,8,12)
  6, (0,1,2,3) (2,5,4,3) (0,3,4,6) (1,7,5,2) (4,5,7,6) (0,6,7,1)

27, (6,10,14), 1.3
  8, (4,8,12) (4,8,16) (4,12,16) (4,12,12) (8,12,12) (8,12,16) (8,8,12) (8,8,16)
  6, (0,1,2,3) (2,5,4,3) (0,3,4,6) (1,7,5,2) (4,5,7,6) (0,6,7,1)

28, (6,14,2), 1.53
  8, (4,12,0) (4,12,4) (4,16,4) (4,16,0) (8,16,0) (8,16,4) (8,12,0) (8,12,4)
  6, (0,1,2,3) (2,5,4,3) (0,3,4,6) (1,7,5,2) (4,5,7,6) (0,6,7,1)

29, (6,14,6), 1.53
  8, (4,12,4) (4,12,8) (4,16,8) (4,16,4) (8,16,4) (8,16,8) (8,12,4) (8,12,8)
  6, (0,1,2,3) (2,5,4,3) (0,3,4,6) (1,7,5,2) (4,5,7,6) (0,6,7,1)

30, (6,14,10), 1.45
  8, (4,12,8) (4,12,12) (4,16,12) (4,16,8) (8,16,8) (8,16,12) (8,12,8) (8,12,12)
  6, (0,1,2,3) (2,5,4,3) (0,3,4,6) (1,7,5,2) (4,5,7,6) (0,6,7,1)

31, (6,14,14), 1.45
  8, (4,12,12) (4,12,16) (4,16,16) (4,16,12) (8,16,12) (8,16,16) (8,12,12) (8,12,16)
  6, (0,1,2,3) (2,5,4,3) (0,3,4,6) (1,7,5,2) (4,5,7,6) (0,6,7,1)

32, (10,2,2), 1.53
  8, (8,0,0) (8,0,4) (8,4,4) (8,4,0) (12,4,0) (12,4,4) (12,0,0) (12,0,4)
  6, (0,1,2,3) (2,5,4,3) (0,3,4,6) (1,7,5,2) (4,5,7,6) (0,6,7,1)

33, (10,2,6), 1.53
  8, (8,0,4) (8,0,8) (8,4,8) (8,4,4) (12,4,4) (12,4,8) (12,0,4) (12,0,8)
  6, (0,1,2,3) (2,5,4,3) (0,3,4,6) (1,7,5,2) (4,5,7,6) (0,6,7,1)

34, (10,2,10), 1.53
  8, (8,0,8) (8,0,12) (8,4,12) (8,4,8) (12,4,8) (12,4,12) (12,0,8) (12,0,12)
  6, (0,1,2,3) (2,5,4,3) (0,3,4,6) (1,7,5,2) (4,5,7,6) (0,6,7,1)

35, (10,2,14), 1.35
  8, (8,0,12) (8,0,16) (8,4,16) (8,4,12) (12,4,12) (12,4,16) (12,0,12) (12,0,16)
  6, (0,1,2,3) (2,5,4,3) (0,3,4,6) (1,7,5,2) (4,5,7,6) (0,6,7,1)

36, (10,6,2), 1.45
  8, (8,4,0) (8,4,4) (8,8,4) (8,8,0) (12,8,0) (12,8,4) (12,4,0) (12,4,4)
  6, (0,1,2,3) (2,5,4,3) (0,3,4,6) (1,7,5,2) (4,5,7,6) (0,6,7,1)

37, (10,6,6), 1.53
  8, (8,4,4) (8,4,8) (8,8,8) (8,8,4) (12,8,4) (12,8,8) (12,4,4) (12,4,8)
  6, (0,1,2,3) (2,5,4,3) (0,3,4,6) (1,7,5,2) (4,5,7,6) (0,6,7,1)

38, (10,6,10), 1.53
  8, (8,4,8) (8,4,12) (8,8,12) (8,8,8) (12,8,8) (12,8,12) (12,4,8) (12,4,12)
  6, (0,1,2,3) (2,5,4,3) (0,3,4,6) (1,7,5,2) (4,5,7,6) (0,6,7,1)

39, (10,6,14), 1.45
  8, (8,4,12) (8,4,16) (8,8,16) (8,8,12) (12,8,12) (12,8,16) (12,4,12) (12,4,16)
  6, (0,1,2,3) (2,5,4,3) (0,3,4,6) (1,7,5,2) (4,5,7,6) (0,6,7,1)

40, (10,10,2), 1.3
  8, (8,8,0) (8,8,4) (8,12,4) (8,12,0) (12,12,0) (12,12,4) (12,8,0) (12,8,4)
  6, (0,1,2,3) (2,5,4,3) (0,3,4,6) (1,7,5,2) (4,5,7,6) (0,6,7,1)

41, (10,10,6), 1.3
  8, (8,8,4) (8,8,8) (8,12,8) (8,12,4) (12,12,4) (12,12,8) (12,8,4) (12,8,8)
  6, (0,1,2,3) (2,5,4,3) (0,3,4,6) (1,7,5,2) (4,5,7,6) (0,6,7,1)

42, (10,10,10), 1.3
  8, (8,8,8) (8,8,12) (8,12,12) (8,12,8) (12,12,8) (12,12,12) (12,8,8) (12,8,12)
  6, (0,1,2,3) (2,5,4,3) (0,3,4,6) (1,7,5,2) (4,5,7,6) (0,6,7,1)

43, (10,10,14), 1.45
  8, (8,8,12) (8,8,16) (8,12,16) (8,12,12) (12,12,12) (12,12,16) (12,8,12) (12,8,16)
  6, (0,1,2,3) (2,5,4,3) (0,3,4,6) (1,7,5,2) (4,5,7,6) (0,6,7,1)

44, (10,14,2), 1.3
  8, (8,12,0) (8,12,4) (8,16,4) (8,16,0) (12,16,0) (12,16,4) (12,12,0) (12,12,4)
  6, (0,1,2,3) (2,5,4,3) (0,3,4,6) (1,7,5,2) (4,5,7,6) (0,6,7,1)

45, (10,14,6), 1.35
  8, (8,12,4) (8,12,8) (8,16,8) (8,16,4) (12,16,4) (12,16,8) (12,12,4) (12,12,8)
  6, (0,1,2,3) (2,5,4,3) (0,3,4,6) (1,7,5,2) (4,5,7,6) (0,6,7,1)

46, (10,14,10), 1.45
  8, (8,12,8) (8,12,12) (8,16,12) (8,16,8) (12,16,8) (12,16,12) (12,12,8) (12,12,12)
  6, (0,1,2,3) (2,5,4,3) (0,3,4,6) (1,7,5,2) (4,5,7,6) (0,6,7,1)

47, (10,14,14), 1.3
  8, (8,12,12) (8,12,16) (8,16,16) (8,16,12) (12,16,12) (12,16,16) (12,12,12) (12,12,16)
  6, (0,1,2,3) (2,5,4,3) (0,3,4,6) (1,7,5,2) (4,5,7,6) (0,6,7,1)

48, (14,2,2), 1.45
  8, (12,0,0) (12,0,4) (12,4,4) (12,4,0) (16,4,0) (16,4,4) (16,0,0) (16,0,4)
  6, (0,1,2,3) (2,5,4,3) (0,3,4,6) (1,7,5,2) (4,5,7,6) (0,6,7,1)

49, (14,2,6), 1.53
  8, (12,0,4) (12,0,8) (12,4,8) (12,4,4) (16,4,4) (16,4,8) (16,0,4) (16,0,8)
  6, (0,1,2,3) (2,5,4,3) (0,3,4,6) (1,7,5,2) (4,5,7,6) (0,6,7,1)

50, (14,2,10), 1.45
  8, (12,0,8) (12,0,12) (12,4,12) (12,4,8) (16,4,8) (16,4,12) (16,0,8) (16,0,12)
  6, (0,1,2,3) (2,5,4,3) (0,3,4,6) (1,7,5,2) (4,5,7,6) (0,6,7,1)

51, (14,2,14), 1.53
  8, (12,0,12) (12,0,16) (12,4,16) (12,4,12) (16,4,12) (16,4,16) (16,0,12) (16,0,16)
  6, (0,1,2,3) (2,5,4,3) (0,3,4,6) (1,7,5,2) (4,5,7,6) (0,6,7,1)

52, (14,6,2), 1.3
  8, (12,4,0) (12,4,4) (12,8,4) (12,8,0) (16,8,0) (16,8,4) (16,4,0) (16,4,4)
  6, (0,1,2,3) (2,5,4,3) (0,3,4,6) (1,7,5,2) (4,5,7,6) (0,6,7,1)

53, (14,6,6), 1.3
  8, (12,4,4) (12,4,8) (12,8,8) (12,8,4) (16,8,4) (16,8,8) (16,4,4) (16,4,8)
  6, (0,1,2,3) (2,5,4,3) (0,3,4,6) (1,7,5,2) (4,5,7,6) (0,6,7,1)

54, (14,6,10), 1.53
  8, (12,4,8) (12,4,12) (12,8,12) (12,8,8) (16,8,8) (16,8,12) (16,4,8) (16,4,12)
  6, (0,1,2,3) (2,5,4,3) (0,3,4,6) (1,7,5,2) (4,5,7,6) (0,6,7,1)

55, (14,6,14), 1.3
  8, (12,4,12) (12,4,16) (12,8,16) (12,8,12) (16,8,12) (16,8,16) (16,4,12) (16,4,16)
  6, (0,1,2,3) (2,5,4,3) (0,3,4,6) (1,7,5,2) (4,5,7,6) (0,6,7,1)

56, (14,10,2), 1.45
  8, (12,8,0) (12,8,4) (12,12,4) (12,12,0) (16,12,0) (16,12,4) (16,8,0) (16,8,4)
  6, (0,1,2,3) (2,5,4,3) (0,3,4,6) (1,7,5,2) (4,5,7,6) (0,6,7,1)

57, (14,10,6), 1.45
  8, (12,8,4) (12,8,8) (12,12,8) (12,12,4) (16,12,4) (16,12,8) (16,8,4) (16,8,8)
  6, (0,1,2,3) (2,5,4,3) (0,3,4,6) (1,7,5,2) (4,5,7,6) (0,6,7,1)

58, (14,10,10), 1.35
  8, (12,8,8) (12,8,12) (12,12,12) (12,12,8) (16,12,8) (16,12,12) (16,8,8) (16,8,12)
  6, (0,1,2,3) (2,5,4,3) (0,3,4,6) (1,7,5,2) (4,5,7,6) (0,6,7,1)

59, (14,10,14), 1.45
  8, (12,8,12) (12,8,16) (12,12,16) (12,12,12) (16,12,12) (16,12,16) (16,8,12) (16,8,16)
  6, (0,1,2,3) (2,5,4,3) (0,3,4,6) (1,7,5,2) (4,5,7,6) (0,6,7,1)

60, (14,14,2), 1.45
  8, (12,12,0) (12,12,4) (12,16,4) (12,16,0) (16,16,0) (16,16,4) (16,12,0) (16,12,4)
  6, (0,1,2,3) (2,5,4,3) (0,3,4,6) (1,7,5,2) (4,5,7,6) (0,6,7,1)

61, (14,14,6), 1.45
  8, (12,12,4) (12,12,8) (12,16,8) (12,16,4) (16,16,4) (16,16,8) (16,12,4) (16,12,8)
  6, (0,1,2,3) (2,5,4,3) (0,3,4,6) (1,7,5,2) (4,5,7,6) (0,6,7,1)

62, (14,14,10), 1.3
  8, (12,12,8) (12,12,12) (12,16,12) (12,16,8) (16,16,8) (16,16,12) (16,12,8) (16,12,12)
  6, (0,1,2,3) (2,5,4,3) (0,3,4,6) (1,7,5,2) (4,5,7,6) (0,6,7,1)

63, (14,14,14), 1.53
  8, (12,12,12) (12,12,16) (12,16,16) (12,16,12) (16,16,12) (16,16,16) (16,12,12) (16,12,16)
  6, (0,1,2,3) (2,5,4,3) (0,3,4,6) (1,7,5,2) (4,5,7,6) (0,6,7,1)



 time = 100.000000 
 Rx1 = 16.000000, Rx2 = 0.000000, Rx3 = 0.000000, Ry2 = 16.000000, Ry3 = 0.000000, Rz3 = 16.000000 
 Natoms = 64
 Atomic_Numbers = 
  26,   26,   26,   26,   24,   30,   26,   24,   26,   30,   26,   26,   48,   24,   26,   30,   48,   48,   26,   48,   30,   48,   48,   48,   24,   24,   24,   24,   26,   24,   26,   48,   48,   24,   48,   24,   24,   26,   48,   26,   48,   26,   26,   26,   30,   26,   26,   30,   48,   24,   24,   24,   24,   26,   26,   48,   48,   48,   48,   48,   48,   26,   24,   48

0, (2,2,2), 1.45
  8, (0,0,0) (0,0,4) (0,4,4) (0,4,0) (4,4,0) (4,4,4) (4,0,0) (4,0,4)
  6, (0,1,2,3) (2,5,4,3) (0,3,4,6) (1,7,5,2) (4,5,7,6) (0,6,7,1)

1, (2,2,6), 1.45
  8, (0,0,4) (0,0,8) (0,4,8) (0,4,4) (4,4,4) (4,4,8) (4,0,4) (4,0,8)
  6, (0,1,2,3) (2,5,4,3) (0,3,4,6) (1,7,5,2) (4,5,7,6) (0,6,7,1)

2, (2,2,10), 1.45
  8, (0,0,8) (0,0,12) (0,4,12) (0,4,8) (4,4,8) (4,4,12) (4,0,8) (4,0,12)
  6, (0,1,2,3) (2,5,4,3) (0,3,4,6) (1,7,5,2) (4,5,7,6) (0,6,7,1)

3, (2,2,14), 1.45
  8, (0,0,12) (0,0,16) (0,4,16) (0,4,12) (4,4,12) (4,4,16) (4,0,12) (4,0,16)
  6, (0,1,2,3) (2,5,4,3) (0,3,4,6) (1,7,5,2) (4,5,7,6) (0,6,7,1)

4, (2,6,2), 1.3
  8, (0,4,0) (0,4,4) (0,8,4) (0,8,0) (4,8,0) (4,8,4) (4,4,0) (4,4,4)
  6, (0,1,2,3) (2,5,4,3) (0,3,4,6) (1,7,5,2) (4,5,7,6) (0,6,7,1)

5, (2,6,6), 1.35
  8, (0,4,4) (0,4,8) (0,8,8) (0,8,4) (4,8,4) (4,8,8) (4,4,4) (4,4,8)
  6, (0,1,2,3) (2,5,4,3) (0,3,4,6) (1,7,5,2) (4,5,7,6) (0,6,7,1)

6, (2,6,10), 1.45
  8, (0,4,8) (0,4,12) (0,8,12) (0,8,8) (4,8,8) (4,8,12) (4,4,8) (4,4,12)
  6, (0,1,2,3) (2,5,4,3) (0,3,4,6) (1,7,5,2) (4,5,7,6) (0,6,7,1)

7, (2,6,14), 1.3
  8, (0,4,12) (0,4,16) (0,8,16) (0,8,12) (4,8,12) (4,8,16) (4,4,12) (4,4,16)
  6, (0,1,2,3) (2,5,4,3) (0,3,4,6) (1,7,5,2) (4,5,7,6) (0,6,7,1)

8, (2,10,2), 1.45
  8, (0,8,0) (0,8,4) (0,12,4) (0,12,0) (4,12,0) (4,12,4) (4,8,0) (4,8,4)
  6, (0,1,2,3) (2,5,4,3) (0,3,4,6) (1,7,5,2) (4,5,7,6) (0,6,7,1)

9, (2,10,6), 1.35
  8, (0,8,4) (0,8,8) (0,12,8) (0,12,4) (4,12,4) (4,12,8) (4,8,4) (4,8,8)
  6, (0,1,2,3) (2,5,4,3) (0,3,4,6) (1,7,5,2) (4,5,7,6) (0,6,7,1)

10, (2,10,10), 1.45
  8, (0,8,8) (0,8,12) (0,12,12) (0,12,8) (4,12,8) (4,12,12) (4,8,8) (4,8,12)
  6, (0,1,2,3) (2,5,4,3) (0,3,4,6) (1,7,5,2) (4,5,7,6) (0,6,7,1)

11, (2,10,14), 1.45
  8, (0,8,12) (0,8,16) (0,12,16) (0,12,12) (4,12,12) (4,12,16) (4,8,12) (4,8,16)
  6, (0,1,2,3) (2,5,4,3) (0,3,4,6) (1,7,5,2) (4,5,7,6) (0,6,7,1)

12, (2,14,2), 1.53
  8, (0,12,0) (0,12,4) (0,16,4) (0,16,0) (4,16,0) (4,16,4) (4,12,0) (4,12,4)
  6, (0,1,2,3) (2,5,4,3) (0,3,4,6) (1,7,5,2) (4,5,7,6) (0,6,7,1)

13, (2,14,6), 1.3
  8, (0,12,4) (0,12,8) (0,16,8) (0,16,4) (4,16,4) (4,16,8) (4,12,4) (4,12,8)
  6, (0,1,2,3) (2,5,4,3) (0,3,4,6) (1,7,5,2) (4,5,7,6) (0,6,7,1)

14, (2,14,10), 1.45
  8, (0,12,8) (0,12,12) (0,16,12) (0,16,8) (4,16,8) (4,16,12) (4,12,8) (4,12,12)
  6, (0,1,2,3) (2,5,4,3) (0,3,4,6) (1,7,5,2) (4,5,7,6) (0,6,7,1)

15, (2,14,14), 1.35
  8, (0,12,12) (0,12,16) (0,16,16) (0,16,12) (4,16,12) (4,16,16) (4,12,12) (4,12,16)
  6, (0,1,2,3) (2,5,4,3) (0,3,4,6) (1,7,5,2) (4,5,7,6) (0,6,7,1)

16, (6,2,2), 1.53
  8, (4,0,0) (4,0,4) (4,4,4) (4,4,0) (8,4,0) (8,4,4) (8,0,0) (8,0,4)
  6, (0,1,2,3) (2,5,4,3) (0,3,4,6) (1,7,5,2) (4,5,7,6) (0,6,7,1)

17, (6,2,6), 1.53
  8, (4,0,4) (4,0,8) (4,4,8) (4,4,4) (8,4,4) (8,4,8) (8,0,4) (8,0,8)
  6, (0,1,2,3) (2,5,4,3) (0,3,4,6) (1,7,5,2) (4,5,7,6) (0,6,7,1)

18, (6,2,10), 1.45
  8, (4,0,8) (4,0,12) (4,4,12) (4,4,8) (8,4,8) (8,4,12) (8,0,8) (8,0,12)
  6, (0,1,2,3) (2,5,4,3) (0,3,4,6) (1,7,5,2) (4,5,7,6) (0,6,7,1)

19, (6,2,14), 1.53
  8, (4,0,12) (4,0,16) (4,4,16) (4,4,12) (8,4,12) (8,4,16) (8,0,12) (8,0,16)
  6, (0,1,2,3) (2,5,4,3) (0,3,4,6) (1,7,5,2) (4,5,7,6) (0,6,7,1)

20, (6,6,2), 1.35
  8, (4,4,0) (4,4,4) (4,8,4) (4,8,0) (8,8,0) (8,8,4) (8,4,0) (8,4,4)
  6, (0,1,2,3) (2,5,4,3) (0,3,4,6) (1,7,5,2) (4,5,7,6) (0,6,7,1)

21, (6,6,6), 1.53
  8, (4,4,4) (4,4,8) (4,8,8) (4,8,4) (8,8,4) (8,8,8) (8,4,4) (8,4,8)
  6, (0,1,2,3) (2,5,4,3) (0,3,4,6) (1,7,5,2) (4,5,7,6) (0,6,7,1)

22, (6,6,10), 1.53
  8, (4,4,8) (4,4,12) (4,8,12) (4,8,8) (8,8,8) (8,8,12) (8,4,8) (8,4,12)
  6, (0,1,2,3) (2,5,4,3) (0,3,4,6) (1,7,5,2) (4,5,7,6) (0,6,7,1)

23, (6,6,14), 1.53
  8, (4,4,12) (4,4,16) (4,8,16) (4,8,12) (8,8,12) (8,8,16) (8,4,12) (8,4,16)
  6, (0,1,2,3) (2,5,4,3) (0,3,4,6) (1,7,5,2) (4,5,7,6) (0,6,7,1)

24, (6,10,2), 1.3
  8, (4,8,0) (4,8,4) (4,12,4) (4,12,0) (8,12,0) (8,12,4) (8,8,0) (8,8,4)
  6, (0,1,2,3) (2,5,4,3) (0,3,4,6) (1,7,5,2) (4,5,7,6) (0,6,7,1)

25, (6,10,6), 1.3
  8, (4,8,4) (4,8,8) (4,12,8) (4,12,4) (8,12,4) (8,12,8) (8,8,4) (8,8,8)
  6, (0,1,2,3) (2,5,4,3) (0,3,4,6) (1,7,5,2) (4,5,7,6) (0,6,7,1)

26, (6,10,10), 1.3
  8, (4,8,8) (4,8,12) (4,12,12) (4,12,8) (8,12,8) (8,12,12) (8,8,8) (8,8,12)
  6, (0,1,2,3) (2,5,4,3) (0,3,4,6) (1,7,5,2) (4,5,7,6) (0,6,7,1)

27, (6,10,14), 1.3
  8, (4,8,12) (4,8,16) (4,12,16) (4,12,12) (8,12,12) (8,12,16) (8,8,12) (8,8,16)
  6, (0,1,2,3) (2,5,4,3) (0,3,4,6) (1,7,5,2) (4,5,7,6) (0,6,7,1)

28, (6,14,2), 1.45
  8, (4,12,0) (4,12,4) (4,16,4) (4,16,0) (8,16,0) (8,16,4) (8,12,0) (8,12,4)
  6, (0,1,2,3) (2,5,4,3) (0,3,4,6) (1,7,5,2) (4,5,7,6) (0,6,7,1)

29, (6,14,6), 1.3
  8, (4,12,4) (4,12,8) (4,16,8) (4,16,4) (8,16,4) (8,16,8) (8,12,4) (8,12,8)
  6, (0,1,2,3) (2,5,4,3) (0,3,4,6) (1,7,5,2) (4,5,7,6) (0,6,7,1)

30, (6,14,10), 1.45
  8, (4,12,8) (4,12,12) (4,16,12) (4,16,8) (8,16,8) (8,16,12) (8,12,8) (8,12,12)
  6, (0,1,2,3) (2,5,4,3) (0,3,4,6) (1,7,5,2) (4,5,7,6) (0,6,7,1)

31, (6,14,14), 1.53
  8, (4,12,12) (4,12,16) (4,16,16) (4,16,12) (8,16,12) (8,16,16) (8,12,12) (8,12,16)
  6, (0,1,2,3) (2,5,4,3) (0,3,4,6) (1,7,5,2) (4,5,7,6) (0,6,7,1)

32, (10,2,2), 1.53
  8, (8,0,0) (8,0,4) (8,4,4) (8,4,0) (12,4,0) (12,4,4) (12,0,0) (12,0,4)
  6, (0,1,2,3) (2,5,4,3) (0,3,4,6) (1,7,5,2) (4,5,7,6) (0,6,7,1)

33, (10,2,6), 1.3
  8, (8,0,4) (8,0,8) (8,4,8) (8,4,4) (12,4,4) (12,4,8) (12,0,4) (12,0,8)
  6, (0,1,2,3) (2,5,4,3) (0,3,4,6) (1,7,5,2) (4,5,7,6) (0,6,7,1)

34, (10,2,10), 1.53
  8, (8,0,8) (8,0,12) (8,4,12) (8,4,8) (12,4,8) (12,4,12) (12,0,8) (12,0,12)
  6, (0,1,2,3) (2,5,4,3) (0,3,4,6) (1,7,5,2) (4,5,7,6) (0,6,7,1)

35, (10,2,14), 1.3
  8, (8,0,12) (8,0,16) (8,4,16) (8,4,12) (12,4,12) (12,4,16) (12,0,12) (12,0,16)
  6, (0,1,2,3) (2,5,4,3) (0,3,4,6) (1,7,5,2) (4,5,7,6) (0,6,7,1)

36, (10,6,2), 1.3
  8, (8,4,0) (8,4,4) (8,8,4) (8,8,0) (12,8,0) (12,8,4) (12,4,0) (12,4,4)
  6, (0,1,2,3) (2,5,4,3) (0,3,4,6) (1,7,5,2) (4,5,7,6) (0,6,7,1)

37, (10,6,6), 1.45
  8, (8,4,4) (8,4,8) (8,8,8) (8,8,4) (12,8,4) (12,8,8) (12,4,4) (12,4,8)
  6, (0,1,2,3) (2,5,4,3) (0,3,4,6) (1,7,5,2) (4,5,7,6) (0,6,7,1)

38, (10,6,10), 1.53
  8, (8,4,8) (8,4,12) (8,8,12) (8,8,8) (12,8,8) (12,8,12) (12,4,8) (12,4,12)
  6, (0,1,2,3) (2,5,4,3) (0,3,4,6) (1,7,5,2) (4,5,7,6) (0,6,7,1)

39, (10,6,14), 1.45
  8, (8,4,12) (8,4,16) (8,8,16) (8,8,12) (12,8,12) (12,8,16) (12,4,12) (12,4,16)
  6, (0,1,2,3) (2,5,4,3) (0,3,4,6) (1,7,5,2) (4,5,7,6) (0,6,7,1)

40, (10,10,2), 1.53
  8, (8,8,0) (8,8,4) (8,12,4) (8,12,0) (12,12,0) (12,12,4) (12,8,0) (12,8,4)
  6, (0,1,2,3) (2,5,4,3) (0,3,4,6) (1,7,5,2) (4,5,7,6) (0,6,7,1)

41, (10,10,6), 1.45
  8, (8,8,4) (8,8,8) (8,12,8) (8,12,4) (12,12,4) (12,12,8) (12,8,4) (12,8,8)
  6, (0,1,2,3) (2,5,4,3) (0,3,4,6) (1,7,5,2) (4,5,7,6) (0,6,7,1)

42, (10,10,10), 1.45
  8, (8,8,8) (8,8,12) (8,12,12) (8,12,8) (12,12,8) (12,12,12) (12,8,8) (12,8,12)
  6, (0,1,2,3) (2,5,4,3) (0,3,4,6) (1,7,5,2) (4,5,7,6) (0,6,7,1)

43, (10,10,14), 1.45
  8, (8,8,12) (8,8,16) (8,12,16) (8,12,12) (12,12,12) (12,12,16) (12,8,12) (12,8,16)
  6, (0,1,2,3) (2,5,4,3) (0,3,4,6) (1,7,5,2) (4,5,7,6) (0,6,7,1)

44, (10,14,2), 1.35
  8, (8,12,0) (8,12,4) (8,16,4) (8,16,0) (12,16,0) (12,16,4) (12,12,0) (12,12,4)
  6, (0,1,2,3) (2,5,4,3) (0,3,4,6) (1,7,5,2) (4,5,7,6) (0,6,7,1)

45, (10,14,6), 1.45
  8, (8,12,4) (8,12,8) (8,16,8) (8,16,4) (12,16,4) (12,16,8) (12,12,4) (12,12,8)
  6, (0,1,2,3) (2,5,4,3) (0,3,4,6) (1,7,5,2) (4,5,7,6) (0,6,7,1)

46, (10,14,10), 1.45
  8, (8,12,8) (8,12,12) (8,16,12) (8,16,8) (12,16,8) (12,16,12) (12,12,8) (12,12,12)
  6, (0,1,2,3) (2,5,4,3) (0,3,4,6) (1,7,5,2) (4,5,7,6) (0,6,7,1)

47, (10,14,14), 1.35
  8, (8,12,12) (8,12,16) (8,16,16) (8,16,12) (12,16,12) (12,16,16) (12,12,12) (12,12,16)
  6, (0,1,2,3) (2,5,4,3) (0,3,4,6) (1,7,5,2) (4,5,7,6) (0,6,7,1)

48, (14,2,2), 1.53
  8, (12,0,0) (12,0,4) (12,4,4) (12,4,0) (16,4,0) (16,4,4) (16,0,0) (16,0,4)
  6, (0,1,2,3) (2,5,4,3) (0,3,4,6) (1,7,5,2) (4,5,7,6) (0,6,7,1)

49, (14,2,6), 1.3
  8, (12,0,4) (12,0,8) (12,4,8) (12,4,4) (16,4,4) (16,4,8) (16,0,4) (16,0,8)
  6, (0,1,2,3) (2,5,4,3) (0,3,4,6) (1,7,5,2) (4,5,7,6) (0,6,7,1)

50, (14,2,10), 1.3
  8, (12,0,8) (12,0,12) (12,4,12) (12,4,8) (16,4,8) (16,4,12) (16,0,8) (16,0,12)
  6, (0,1,2,3) (2,5,4,3) (0,3,4,6) (1,7,5,2) (4,5,7,6) (0,6,7,1)

51, (14,2,14), 1.3
  8, (12,0,12) (12,0,16) (12,4,16) (12,4,12) (16,4,12) (16,4,16) (16,0,12) (16,0,16)
  6, (0,1,2,3) (2,5,4,3) (0,3,4,6) (1,7,5,2) (4,5,7,6) (0,6,7,1)

52, (14,6,2), 1.3
  8, (12,4,0) (12,4,4) (12,8,4) (12,8,0) (16,8,0) (16,8,4) (16,4,0) (16,4,4)
  6, (0,1,2,3) (2,5,4,3) (0,3,4,6) (1,7,5,2) (4,5,7,6) (0,6,7,1)

53, (14,6,6), 1.45
  8, (12,4,4) (12,4,8) (12,8,8) (12,8,4) (16,8,4) (16,8,8) (16,4,4) (16,4,8)
  6, (0,1,2,3) (2,5,4,3) (0,3,4,6) (1,7,5,2) (4,5,7,6) (0,6,7,1)

54, (14,6,10), 1.45
  8, (12,4,8) (12,4,12) (12,8,12) (12,8,8) (16,8,8) (16,8,12) (16,4,8) (16,4,12)
  6, (0,1,2,3) (2,5,4,3) (0,3,4,6) (1,7,5,2) (4,5,7,6) (0,6,7,1)

55, (14,6,14), 1.53
  8, (12,4,12) (12,4,16) (12,8,16) (12,8,12) (16,8,12) (16,8,16) (16,4,12) (16,4,16)
  6, (0,1,2,3) (2,5,4,3) (0,3,4,6) (1,7,5,2) (4,5,7,6) (0,6,7,1)

56, (14,10,2), 1.53
  8, (12,8,0) (12,8,4) (12,12,4) (12,12,0) (16,12,0) (16,12,4) (16,8,0) (16,8,4)
  6, (0,1,2,3) (2,5,4,3) (0,3,4,6) (1,7,5,2) (4,5,7,6) (0,6,7,1)

57, (14,10,6), 1.53
  8, (12,8,4) (12,8,8) (12,12,8) (12,12,4) (16,12,4) (16,12,8) (16,8,4) (16,8,8)
  6, (0,1,2,3) (2,5,4,3) (0,3,4,6) (1,7,5,2) (4,5,7,6) (0,6,7,1)

58, (14,10,10), 1.53
  8, (12,8,8) (12,8,12) (12,12,12) (12,12,8) (16,12,8) (16,12,12) (16,8,8) (16,8,12)
  6, (0,1,2,3) (2,5,4,3) (0,3,4,6) (1,7,5,2) (4,5,7,6) (0,6,7,1)

59, (14,10,14), 1.53
  8, (12,8,12) (12,8,16) (12,12,16) (12,12,12) (16,12,12) (16,12,16) (16,8,12) (16,8,16)
  6, (0,1,2,3) (2,5,4,3) (0,3,4,6) (1,7,5,2) (4,5,7,6) (0,6,7,1)

60, (14,14,2), 1.53
  8, (12,12,0) (12,12,4) (12,16,4) (12,16,0) (16,16,0) (16,16,4) (16,12,0) (16,12,4)
  6, (0,1,2,3) (2,5,4,3) (0,3,4,6) (1,7,5,2) (4,5,7,6) (0,6,7,1)

61, (14,14,6), 1.45
  8, (12,12,4) (12,12,8) (12,16,8) (12,16,4) (16,16,4) (16,16,8) (16,12,4) (16,12,8)
  6, (0,1,2,3) (2,5,4,3) (0,3,4,6) (1,7,5,2) (4,5,7,6) (0,6,7,1)

62, (14,14,10), 1.3
  8, (12,12,8) (12,12,12) (12,16,12) (12,16,8) (16,16,8) (16,16,12) (16,12,8) (16,12,12)
  6, (0,1,2,3) (2,5,4,3) (0,3,4,6) (1,7,5,2) (4,5,7,6) (0,6,7,1)

63, (14,14,14), 1.53
  8, (12,12,12) (12,12,16) (12,16,16) (12,16,12) (16,16,12) (16,16,16) (16,12,12) (16,12,16)
  6, (0,1,2,3) (2,5,4,3) (0,3,4,6) (1,7,5,2) (4,5,7,6) (0,6,7,1)



 time = 170.000000 
 Rx1 = 16.000000, Rx2 = 0.000000, Rx3 = 0.000000, Ry2 = 16.000000, Ry3 = 0.000000, Rz3 = 16.000000 
 Natoms = 64
 Atomic_Numbers = 
  26,   26,   26,   26,   26,   24,   26,   24,   24,   48,   26,   30,   24,   48,   26,   48,   48,   24,   48,   26,   30,   30,   24,   24,   26,   48,   30,   26,   24,   30,   26,   24,   48,   48,   26,   24,   24,   26,   30,   26,   48,   48,   26,   48,   26,   48,   24,   26,   48,   24,   48,   24,   24,   26,   48,   26,   48,   24,   48,   48,   48,   26,   26,   48

0, (2,2,2), 1.45
  8, (0,0,0) (0,0,4) (0,4,4) (0,4,0) (4,4,0) (4,4,4) (4,0,0) (4,0,4)
  6, (0,1,2,3) (2,5,4,3) (0,3,4,6) (1,7,5,2) (4,5,7,6) (0,6,7,1)

1, (2,2,6), 1.45
  8, (0,0,4) (0,0,8) (0,4,8) (0,4,4) (4,4,4) (4,4,8) (4,0,4) (4,0,8)
  6, (0,1,2,3) (2,5,4,3) (0,3,4,6) (1,7,5,2) (4,5,7,6) (0,6,7,1)

2, (2,2,10), 1.45
  8, (0,0,8) (0,0,12) (0,4,12) (0,4,8) (4,4,8) (4,4,12) (4,0,8) (4,0,12)
  6, (0,1,2,3) (2,5,4,3) (0,3,4,6) (1,7,5,2) (4,5,7,6) (0,6,7,1)

3, (2,2,14), 1.45
  8, (0,0,12) (0,0,16) (0,4,16) (0,4,12) (4,4,12) (4,4,16) (4,0,12) (4,0,16)
  6, (0,1,2,3) (2,5,4,3) (0,3,4,6) (1,7,5,2) (4,5,7,6) (0,6,7,1)

4, (2,6,2), 1.45
  8, (0,4,0) (0,4,4) (0,8,4) (0,8,0) (4,8,0) (4,8,4) (4,4,0) (4,4,4)
  6, (0,1,2,3) (2,5,4,3) (0,3,4,6) (1,7,5,2) (4,5,7,6) (0,6,7,1)

5, (2,6,6), 1.3
  8, (0,4,4) (0,4,8) (0,8,8) (0,8,4) (4,8,4) (4,8,8) (4,4,4) (4,4,8)
  6, (0,1,2,3) (2,5,4,3) (0,3,4,6) (1,7,5,2) (4,5,7,6) (0,6,7,1)

6, (2,6,10), 1.45
  8, (0,4,8) (0,4,12) (0,8,12) (0,8,8) (4,8,8) (4,8,12) (4,4,8) (4,4,12)
  6, (0,1,2,3) (2,5,4,3) (0,3,4,6) (1,7,5,2) (4,5,7,6) (0,6,7,1)

7, (2,6,14), 1.3
  8, (0,4,12) (0,4,16) (0,8,16) (0,8,12) (4,8,12) (4,8,16) (4,4,12) (4,4,16)
  6, (0,1,2,3) (2,5,4,3) (0,3,4,6) (1,7,5,2) (4,5,7,6) (0,6,7,1)

8, (2,10,2), 1.3
  8, (0,8,0) (0,8,4) (0,12,4) (0,12,0) (4,12,0) (4,12,4) (4,8,0) (4,8,4)
  6, (0,1,2,3) (2,5,4,3) (0,3,4,6) (1,7,5,2) (4,5,7,6) (0,6,7,1)

9, (2,10,6), 1.53
  8, (0,8,4) (0,8,8) (0,12,8) (0,12,4) (4,12,4) (4,12,8) (4,8,4) (4,8,8)
  6, (0,1,2,3) (2,5,4,3) (0,3,4,6) (1,7,5,2) (4,5,7,6) (0,6,7,1)

10, (2,10,10), 1.45
  8, (0,8,8) (0,8,12) (0,12,12) (0,12,8) (4,12,8) (4,12,12) (4,8,8) (4,8,12)
  6, (0,1,2,3) (2,5,4,3) (0,3,4,6) (1,7,5,2) (4,5,7,6) (0,6,7,1)

11, (2,10,14), 1.35
  8, (0,8,12) (0,8,16) (0,12,16) (0,12,12) (4,12,12) (4,12,16) (4,8,12) (4,8,16)
  6, (0,1,2,3) (2,5,4,3) (0,3,4,6) (1,7,5,2) (4,5,7,6) (0,6,7,1)

12, (2,14,2), 1.3
  8, (0,12,0) (0,12,4) (0,16,4) (0,16,0) (4,16,0) (4,16,4) (4,12,0) (4,12,4)
  6, (0,1,2,3) (2,5,4,3) (0,3,4,6) (1,7,5,2) (4,5,7,6) (0,6,7,1)

13, (2,14,6), 1.53
  8, (0,12,4) (0,12,8) (0,16,8) (0,16,4) (4,16,4) (4,16,8) (4,12,4) (4,12,8)
  6, (0,1,2,3) (2,5,4,3) (0,3,4,6) (1,7,5,2) (4,5,7,6) (0,6,7,1)

14, (2,14,10), 1.45
  8, (0,12,8) (0,12,12) (0,16,12) (0,16,8) (4,16,8) (4,16,12) (4,12,8) (4,12,12)
  6, (0,1,2,3) (2,5,4,3) (0,3,4,6) (1,7,5,2) (4,5,7,6) (0,6,7,1)

15, (2,14,14), 1.53
  8, (0,12,12) (0,12,16) (0,16,16) (0,16,12) (4,16,12) (4,16,16) (4,12,12) (4,12,16)
  6, (0,1,2,3) (2,5,4,3) (0,3,4,6) (1,7,5,2) (4,5,7,6) (0,6,7,1)

16, (6,2,2), 1.53
  8, (4,0,0) (4,0,4) (4,4,4) (4,4,0) (8,4,0) (8,4,4) (8,0,0) (8,0,4)
  6, (0,1,2,3) (2,5,4,3) (0,3,4,6) (1,7,5,2) (4,5,7,6) (0,6,7,1)

17, (6,2,6), 1.3
  8, (4,0,4) (4,0,8) (4,4,8) (4,4,4) (8,4,4) (8,4,8) (8,0,4) (8,0,8)
  6, (0,1,2,3) (2,5,4,3) (0,3,4,6) (1,7,5,2) (4,5,7,6) (0,6,7,1)

18, (6,2,10), 1.53
  8, (4,0,8) (4,0,12) (4,4,12) (4,4,8) (8,4,8) (8,4,12) (8,0,8) (8,0,12)
  6, (0,1,2,3) (2,5,4,3) (0,3,4,6) (1,7,5,2) (4,5,7,6) (0,6,7,1)

19, (6,2,14), 1.45
  8, (4,0,12) (4,0,16) (4,4,16) (4,4,12) (8,4,12) (8,4,16) (8,0,12) (8,0,16)
  6, (0,1,2,3) (2,5,4,3) (0,3,4,6) (1,7,5,2) (4,5,7,6) (0,6,7,1)

20, (6,6,2), 1.35
  8, (4,4,0) (4,4,4) (4,8,4) (4,8,0) (8,8,0) (8,8,4) (8,4,0) (8,4,4)
  6, (0,1,2,3) (2,5,4,3) (0,3,4,6) (1,7,5,2) (4,5,7,6) (0,6,7,1)

21, (6,6,6), 1.35
  8, (4,4,4) (4,4,8) (4,8,8) (4,8,4) (8,8,4) (8,8,8) (8,4,4) (8,4,8)
  6, (0,1,2,3) (2,5,4,3) (0,3,4,6) (1,7,5,2) (4,5,7,6) (0,6,7,1)

22, (6,6,10), 1.3
  8, (4,4,8) (4,4,12) (4,8,12) (4,8,8) (8,8,8) (8,8,12) (8,4,8) (8,4,12)
  6, (0,1,2,3) (2,5,4,3) (0,3,4,6) (1,7,5,2) (4,5,7,6) (0,6,7,1)

23, (6,6,14), 1.3
  8, (4,4,12) (4,4,16) (4,8,16) (4,8,12) (8,8,12) (8,8,16) (8,4,12) (8,4,16)
  6, (0,1,2,3) (2,5,4,3) (0,3,4,6) (1,7,5,2) (4,5,7,6) (0,6,7,1)

24, (6,10,2), 1.45
  8, (4,8,0) (4,8,4) (4,12,4) (4,12,0) (8,12,0) (8,12,4) (8,8,0) (8,8,4)
  6, (0,1,2,3) (2,5,4,3) (0,3,4,6) (1,7,5,2) (4,5,7,6) (0,6,7,1)

25, (6,10,6), 1.53
  8, (4,8,4) (4,8,8) (4,12,8) (4,12,4) (8,12,4) (8,12,8) (8,8,4) (8,8,8)
  6, (0,1,2,3) (2,5,4,3) (0,3,4,6) (1,7,5,2) (4,5,7,6) (0,6,7,1)

26, (6,10,10), 1.35
  8, (4,8,8) (4,8,12) (4,12,12) (4,12,8) (8,12,8) (8,12,12) (8,8,8) (8,8,12)
  6, (0,1,2,3) (2,5,4,3) (0,3,4,6) (1,7,5,2) (4,5,7,6) (0,6,7,1)

27, (6,10,14), 1.45
  8, (4,8,12) (4,8,16) (4,12,16) (4,12,12) (8,12,12) (8,12,16) (8,8,12) (8,8,16)
  6, (0,1,2,3) (2,5,4,3) (0,3,4,6) (1,7,5,2) (4,5,7,6) (0,6,7,1)

28, (6,14,2), 1.3
  8, (4,12,0) (4,12,4) (4,16,4) (4,16,0) (8,16,0) (8,16,4) (8,12,0) (8,12,4)
  6, (0,1,2,3) (2,5,4,3) (0,3,4,6) (1,7,5,2) (4,5,7,6) (0,6,7,1)

29, (6,14,6), 1.35
  8, (4,12,4) (4,12,8) (4,16,8) (4,16,4) (8,16,4) (8,16,8) (8,12,4) (8,12,8)
  6, (0,1,2,3) (2,5,4,3) (0,3,4,6) (1,7,5,2) (4,5,7,6) (0,6,7,1)

30, (6,14,10), 1.45
  8, (4,12,8) (4,12,12) (4,16,12) (4,16,8) (8,16,8) (8,16,12) (8,12,8) (8,12,12)
  6, (0,1,2,3) (2,5,4,3) (0,3,4,6) (1,7,5,2) (4,5,7,6) (0,6,7,1)

31, (6,14,14), 1.3
  8, (4,12,12) (4,12,16) (4,16,16) (4,16,12) (8,16,12) (8,16,16) (8,12,12) (8,12,16)
  6, (0,1,2,3) (2,5,4,3) (0,3,4,6) (1,7,5,2) (4,5,7,6) (0,6,7,1)

32, (10,2,2), 1.53
  8, (8,0,0) (8,0,4) (8,4,4) (8,4,0) (12,4,0) (12,4,4) (12,0,0) (12,0,4)
  6, (0,1,2,3) (2,5,4,3) (0,3,4,6) (1,7,5,2) (4,5,7,6) (0,6,7,1)

33, (10,2,6), 1.53
  8, (8,0,4) (8,0,8) (8,4,8) (8,4,4) (12,4,4) (12,4,8) (12,0,4) (12,0,8)
  6, (0,1,2,3) (2,5,4,3) (0,3,4,6) (1,7,5,2) (4,5,7,6) (0,6,7,1)

34, (10,2,10), 1.45
  8, (8,0,8) (8,0,12) (8,4,12) (8,4,8) (12,4,8) (12,4,12) (12,0,8) (12,0,12)
  6, (0,1,2,3) (2,5,4,3) (0,3,4,6) (1,7,5,2) (4,5,7,6) (0,6,7,1)

35, (10,2,14), 1.3
  8, (8,0,12) (8,0,16) (8,4,16) (8,4,12) (12,4,12) (12,4,16) (12,0,12) (12,0,16)
  6, (0,1,2,3) (2,5,4,3) (0,3,4,6) (1,7,5,2) (4,5,7,6) (0,6,7,1)

36, (10,6,2), 1.3
  8, (8,4,0) (8,4,4) (8,8,4) (8,8,0) (12,8,0) (12,8,4) (12,4,0) (12,4,4)
  6, (0,1,2,3) (2,5,4,3) (0,3,4,6) (1,7,5,2) (4,5,7,6) (0,6,7,1)

37, (10,6,6), 1.45
  8, (8,4,4) (8,4,8) (8,8,8) (8,8,4) (12,8,4) (12,8,8) (12,4,4) (12,4,8)
  6, (0,1,2,3) (2,5,4,3) (0,3,4,6) (1,7,5,2) (4,5,7,6) (0,6,7,1)

38, (10,6,10), 1.35
  8, (8,4,8) (8,4,12) (8,8,12) (8,8,8) (12,8,8) (12,8,12) (12,4,8) (12,4,12)
  6, (0,1,2,3) (2,5,4,3) (0,3,4,6) (1,7,5,2) (4,5,7,6) (0,6,7,1)

39, (10,6,14), 1.45
  8, (8,4,12) (8,4,16) (8,8,16) (8,8,12) (12,8,12) (12,8,16) (12,4,12) (12,4,16)
  6, (0,1,2,3) (2,5,4,3) (0,3,4,6) (1,7,5,2) (4,5,7,6) (0,6,7,1)

40, (10,10,2), 1.53
  8, (8,8,0) (8,8,4) (8,12,4) (8,12,0) (12,12,0) (12,12,4) (12,8,0) (12,8,4)
  6, (0,1,2,3) (2,5,4,3) (0,3,4,6) (1,7,5,2) (4,5,7,6) (0,6,7,1)

41, (10,10,6), 1.53
  8, (8,8,4) (8,8,8) (8,12,8) (8,12,4) (12,12,4) (12,12,8) (12,8,4) (12,8,8)
  6, (0,1,2,3) (2,5,4,3) (0,3,4,6) (1,7,5,2) (4,5,7,6) (0,6,7,1)

42, (10,10,10), 1.45
  8, (8,8,8) (8,8,12) (8,12,12) (8,12,8) (12,12,8) (12,12,12) (12,8,8) (12,8,12)
  6, (0,1,2,3) (2,5,4,3) (0,3,4,6) (1,7,5,2) (4,5,7,6) (0,6,7,1)

43, (10,10,14), 1.53
  8, (8,8,12) (8,8,16) (8,12,16) (8,12,12) (12,12,12) (12,12,16) (12,8,12) (12,8,16)
  6, (0,1,2,3) (2,5,4,3) (0,3,4,6) (1,7,5,2) (4,5,7,6) (0,6,7,1)

44, (10,14,2), 1.45
  8, (8,12,0) (8,12,4) (8,16,4) (8,16,0) (12,16,0) (12,16,4) (12,12,0) (12,12,4)
  6, (0,1,2,3) (2,5,4,3) (0,3,4,6) (1,7,5,2) (4,5,7,6) (0,6,7,1)

45, (10,14,6), 1.53
  8, (8,12,4) (8,12,8) (8,16,8) (8,16,4) (12,16,4) (12,16,8) (12,12,4) (12,12,8)
  6, (0,1,2,3) (2,5,4,3) (0,3,4,6) (1,7,5,2) (4,5,7,6) (0,6,7,1)

46, (10,14,10), 1.3
  8, (8,12,8) (8,12,12) (8,16,12) (8,16,8) (12,16,8) (12,16,12) (12,12,8) (12,12,12)
  6, (0,1,2,3) (2,5,4,3) (0,3,4,6) (1,7,5,2) (4,5,7,6) (0,6,7,1)

47, (10,14,14), 1.45
  8, (8,12,12) (8,12,16) (8,16,16) (8,16,12) (12,16,12) (12,16,16) (12,12,12) (12,12,16)
  6, (0,1,2,3) (2,5,4,3) (0,3,4,6) (1,7,5,2) (4,5,7,6) (0,6,7,1)

48, (14,2,2), 1.53
  8, (12,0,0) (12,0,4) (12,4,4) (12,4,0) (16,4,0) (16,4,4) (16,0,0) (16,0,4)
  6, (0,1,2,3) (2,5,4,3) (0,3,4,6) (1,7,5,2) (4,5,7,6) (0,6,7,1)

49, (14,2,6), 1.3
  8, (12,0,4) (12,0,8) (12,4,8) (12,4,4) (16,4,4) (16,4,8) (16,0,4) (16,0,8)
  6, (0,1,2,3) (2,5,4,3) (0,3,4,6) (1,7,5,2) (4,5,7,6) (0,6,7,1)

50, (14,2,10), 1.53
  8, (12,0,8) (12,0,12) (12,4,12) (12,4,8) (16,4,8) (16,4,12) (16,0,8) (16,0,12)
  6, (0,1,2,3) (2,5,4,3) (0,3,4,6) (1,7,5,2) (4,5,7,6) (0,6,7,1)

51, (14,2,14), 1.3
  8, (12,0,12) (12,0,16) (12,4,16) (12,4,12) (16,4,12) (16,4,16) (16,0,12) (16,0,16)
  6, (0,1,2,3) (2,5,4,3) (0,3,4,6) (1,7,5,2) (4,5,7,6) (0,6,7,1)

52, (14,6,2), 1.3
  8, (12,4,0) (12,4,4) (12,8,4) (12,8,0) (16,8,0) (16,8,4) (16,4,0) (16,4,4)
  6, (0,1,2,3) (2,5,4,3) (0,3,4,6) (1,7,5,2) (4,5,7,6) (0,6,7,1)

53, (14,6,6), 1.45
  8, (12,4,4) (12,4,8) (12,8,8) (12,8,4) (16,8,4) (16,8,8) (16,4,4) (16,4,8)
  6, (0,1,2,3) (2,5,4,3) (0,3,4,6) (1,7,5,2) (4,5,7,6) (0,6,7,1)

54, (14,6,10), 1.53
  8, (12,4,8) (12,4,12) (12,8,12) (12,8,8) (16,8,8) (16,8,12) (16,4,8) (16,4,12)
  6, (0,1,2,3) (2,5,4,3) (0,3,4,6) (1,7,5,2) (4,5,7,6) (0,6,7,1)

55, (14,6,14), 1.45
  8, (12,4,12) (12,4,16) (12,8,16) (12,8,12) (16,8,12) (16,8,16) (16,4,12) (16,4,16)
  6, (0,1,2,3) (2,5,4,3) (0,3,4,6) (1,7,5,2) (4,5,7,6) (0,6,7,1)

56, (14,10,2), 1.53
  8, (12,8,0) (12,8,4) (12,12,4) (12,12,0) (16,12,0) (16,12,4) (16,8,0) (16,8,4)
  6, (0,1,2,3) (2,5,4,3) (0,3,4,6) (1,7,5,2) (4,5,7,6) (0,6,7,1)

57, (14,10,6), 1.3
  8, (12,8,4) (12,8,8) (12,12,8) (12,12,4) (16,12,4) (16,12,8) (16,8,4) (16,8,8)
  6, (0,1,2,3) (2,5,4,3) (0,3,4,6) (1,7,5,2) (4,5,7,6) (0,6,7,1)

58, (14,10,10), 1.53
  8, (12,8,8) (12,8,12) (12,12,12) (12,12,8) (16,12,8) (16,12,12) (16,8,8) (16,8,12)
  6, (0,1,2,3) (2,5,4,3) (0,3,4,6) (1,7,5,2) (4,5,7,6) (0,6,7,1)

59, (14,10,14), 1.53
  8, (12,8,12) (12,8,16) (12,12,16) (12,12,12) (16,12,12) (16,12,16) (16,8,12) (16,8,16)
  6, (0,1,2,3) (2,5,4,3) (0,3,4,6) (1,7,5,2) (4,5,7,6) (0,6,7,1)

60, (14,14,2), 1.53
  8, (12,12,0) (12,12,4) (12,16,4) (12,16,0) (16,16,0) (16,16,4) (16,12,0) (16,12,4)
  6, (0,1,2,3) (2,5,4,3) (0,3,4,6) (1,7,5,2) (4,5,7,6) (0,6,7,1)

61, (14,14,6), 1.45
  8, (12,12,4) (12,12,8) (12,16,8) (12,16,4) (16,16,4) (16,16,8) (16,12,4) (16,12,8)
  6, (0,1,2,3) (2,5,4,3) (0,3,4,6) (1,7,5,2) (4,5,7,6) (0,6,7,1)

62, (14,14,10), 1.45
  8, (12,12,8) (12,12,12) (12,16,12) (12,16,8) (16,16,8) (16,16,12) (16,12,8) (16,12,12)
  6, (0,1,2,3) (2,5,4,3) (0,3,4,6) (1,7,5,2) (4,5,7,6) (0,6,7,1)

63, (14,14,14), 1.53
  8, (12,12,12) (12,12,16) (12,16,16) (12,16,12) (16,16,12) (16,16,16) (16,12,12) (16,12,16)
  6, (0,1,2,3) (2,5,4,3) (0,3,4,6) (1,7,5,2) (4,5,7,6) (0,6,7,1)



 time = 240.000000 
 Rx1 = 16.000000, Rx2 = 0.000000, Rx3 = 0.000000, Ry2 = 16.000000, Ry3 = 0.000000, Rz3 = 16.000000 
 Natoms = 64
 Atomic_Numbers = 
  48,   24,   24,   26,   26,   26,   26,   24,   48,   48,   26,   26,   48,   26,   24,   26,   48,   48,   48,   26,   48,   48,   26,   24,   24,   30,   26,   30,   48,   48,   30,   26,   26,   48,   26,   26,   24,   48,   30,   24,   26,   24,   26,   26,   48,   24,   26,   26,   48,   26,   24,   48,   24,   26,   48,   24,   30,   30,   24,   48,   24,   48,   48,   24

0, (2,2,2), 1.53
  8, (0,0,0) (0,0,4) (0,4,4) (0,4,0) (4,4,0) (4,4,4) (4,0,0) (4,0,4)
  6, (0,1,2,3) (2,5,4,3) (0,3,4,6) (1,7,5,2) (4,5,7,6) (0,6,7,1)

1, (2,2,6), 1.3
  8, (0,0,4) (0,0,8) (0,4,8) (0,4,4) (4,4,4) (4,4,8) (4,0,4) (4,0,8)
  6, (0,1,2,3) (2,5,4,3) (0,3,4,6) (1,7,5,2) (4,5,7,6) (0,6,7,1)

2, (2,2,10), 1.3
  8, (0,0,8) (0,0,12) (0,4,12) (0,4,8) (4,4,8) (4,4,12) (4,0,8) (4,0,12)
  6, (0,1,2,3) (2,5,4,3) (0,3,4,6) (1,7,5,2) (4,5,7,6) (0,6,7,1)

3, (2,2,14), 1.45
  8, (0,0,12) (0,0,16) (0,4,16) (0,4,12) (4,4,12) (4,4,16) (4,0,12) (4,0,16)
  6, (0,1,2,3) (2,5,4,3) (0,3,4,6) (1,7,5,2) (4,5,7,6) (0,6,7,1)

4, (2,6,2), 1.45
  8, (0,4,0) (0,4,4) (0,8,4) (0,8,0) (4,8,0) (4,8,4) (4,4,0) (4,4,4)
  6, (0,1,2,3) (2,5,4,3) (0,3,4,6) (1,7,5,2) (4,5,7,6) (0,6,7,1)

5, (2,6,6), 1.45
  8, (0,4,4) (0,4,8) (0,8,8) (0,8,4) (4,8,4) (4,8,8) (4,4,4) (4,4,8)
  6, (0,1,2,3) (2,5,4,3) (0,3,4,6) (1,7,5,2) (4,5,7,6) (0,6,7,1)

6, (2,6,10), 1.45
  8, (0,4,8) (0,4,12) (0,8,12) (0,8,8) (4,8,8) (4,8,12) (4,4,8) (4,4,12)
  6, (0,1,2,3) (2,5,4,3) (0,3,4,6) (1,7,5,2) (4,5,7,6) (0,6,7,1)

7, (2,6,14), 1.3
  8, (0,4,12) (0,4,16) (0,8,16) (0,8,12) (4,8,12) (4,8,16) (4,4,12) (4,4,16)
  6, (0,1,2,3) (2,5,4,3) (0,3,4,6) (1,7,5,2) (4,5,7,6) (0,6,7,1)

8, (2,10,2), 1.53
  8, (0,8,0) (0,8,4) (0,12,4) (0,12,0) (4,12,0) (4,12,4) (4,8,0) (4,8,4)
  6, (0,1,2,3) (2,5,4,3) (0,3,4,6) (1,7,5,2) (4,5,7,6) (0,6,7,1)

9, (2,10,6), 1.53
  8, (0,8,4) (0,8,8) (0,12,8) (0,12,4) (4,12,4) (4,12,8) (4,8,4) (4,8,8)
  6, (0,1,2,3) (2,5,4,3) (0,3,4,6) (1,7,5,2) (4,5,7,6) (0,6,7,1)

10, (2,10,10), 1.45
  8, (0,8,8) (0,8,12) (0,12,12) (0,12,8) (4,12,8) (4,12,12) (4,8,8) (4,8,12)
  6, (0,1,2,3) (2,5,4,3) (0,3,4,6) (1,7,5,2) (4,5,7,6) (0,6,7,1)

11, (2,10,14), 1.45
  8, (0,8,12) (0,8,16) (0,12,16) (0,12,12) (4,12,12) (4,12,16) (4,8,12) (4,8,16)
  6, (0,1,2,3) (2,5,4,3) (0,3,4,6) (1,7,5,2) (4,5,7,6) (0,6,7,1)

12, (2,14,2), 1.53
  8, (0,12,0) (0,12,4) (0,16,4) (0,16,0) (4,16,0) (4,16,4) (4,12,0) (4,12,4)
  6, (0,1,2,3) (2,5,4,3) (0,3,4,6) (1,7,5,2) (4,5,7,6) (0,6,7,1)

13, (2,14,6), 1.45
  8, (0,12,4) (0,12,8) (0,16,8) (0,16,4) (4,16,4) (4,16,8) (4,12,4) (4,12,8)
  6, (0,1,2,3) (2,5,4,3) (0,3,4,6) (1,7,5,2) (4,5,7,6) (0,6,7,1)

14, (2,14,10), 1.3
  8, (0,12,8) (0,12,12) (0,16,12) (0,16,8) (4,16,8) (4,16,12) (4,12,8) (4,12,12)
  6, (0,1,2,3) (2,5,4,3) (0,3,4,6) (1,7,5,2) (4,5,7,6) (0,6,7,1)

15, (2,14,14), 1.45
  8, (0,12,12) (0,12,16) (0,16,16) (0,16,12) (4,16,12) (4,16,16) (4,12,12) (4,12,16)
  6, (0,1,2,3) (2,5,4,3) (0,3,4,6) (1,7,5,2) (4,5,7,6) (0,6,7,1)

16, (6,2,2), 1.53
  8, (4,0,0) (4,0,4) (4,4,4) (4,4,0) (8,4,0) (8,4,4) (8,0,0) (8,0,4)
  6, (0,1,2,3) (2,5,4,3) (0,3,4,6) (1,7,5,2) (4,5,7,6) (0,6,7,1)

17, (6,2,6), 1.53
  8, (4,0,4) (4,0,8) (4,4,8) (4,4,4) (8,4,4) (8,4,8) (8,0,4) (8,0,8)
  6, (0,1,2,3) (2,5,4,3) (0,3,4,6) (1,7,5,2) (4,5,7,6) (0,6,7,1)

18, (6,2,10), 1.53
  8, (4,0,8) (4,0,12) (4,4,12) (4,4,8) (8,4,8) (8,4,12) (8,0,8) (8,0,12)
  6, (0,1,2,3) (2,5,4,3) (0,3,4,6) (1,7,5,2) (4,5,7,6) (0,6,7,1)

19, (6,2,14), 1.45
  8, (4,0,12) (4,0,16) (4,4,16) (4,4,12) (8,4,12) (8,4,16) (8,0,12) (8,0,16)
  6, (0,1,2,3) (2,5,4,3) (0,3,4,6) (1,7,5,2) (4,5,7,6) (0,6,7,1)

20, (6,6,2), 1.53
  8, (4,4,0) (4,4,4) (4,8,4) (4,8,0) (8,8,0) (8,8,4) (8,4,0) (8,4,4)
  6, (0,1,2,3) (2,5,4,3) (0,3,4,6) (1,7,5,2) (4,5,7,6) (0,6,7,1)

21, (6,6,6), 1.53
  8, (4,4,4) (4,4,8) (4,8,8) (4,8,4) (8,8,4) (8,8,8) (8,4,4) (8,4,8)
  6, (0,1,2,3) (2,5,4,3) (0,3,4,6) (1,7,5,2) (4,5,7,6) (0,6,7,1)

22, (6,6,10), 1.45
  8, (4,4,8) (4,4,12) (4,8,12) (4,8,8) (8,8,8) (8,8,12) (8,4,8) (8,4,12)
  6, (0,1,2,3) (2,5,4,3) (0,3,4,6) (1,7,5,2) (4,5,7,6) (0,6,7,1)

23, (6,6,14), 1.3
  8, (4,4,12) (4,4,16) (4,8,16) (4,8,12) (8,8,12) (8,8,16) (8,4,12) (8,4,16)
  6, (0,1,2,3) (2,5,4,3) (0,3,4,6) (1,7,5,2) (4,5,7,6) (0,6,7,1)

24, (6,10,2), 1.3
  8, (4,8,0) (4,8,4) (4,12,4) (4,12,0) (8,12,0) (8,12,4) (8,8,0) (8,8,4)
  6, (0,1,2,3) (2,5,4,3) (0,3,4,6) (1,7,5,2) (4,5,7,6) (0,6,7,1)

25, (6,10,6), 1.35
  8, (4,8,4) (4,8,8) (4,12,8) (4,12,4) (8,12,4) (8,12,8) (8,8,4) (8,8,8)
  6, (0,1,2,3) (2,5,4,3) (0,3,4,6) (1,7,5,2) (4,5,7,6) (0,6,7,1)

26, (6,10,10), 1.45
  8, (4,8,8) (4,8,12) (4,12,12) (4,12,8) (8,12,8) (8,12,12) (8,8,8) (8,8,12)
  6, (0,1,2,3) (2,5,4,3) (0,3,4,6) (1,7,5,2) (4,5,7,6) (0,6,7,1)

27, (6,10,14), 1.35
  8, (4,8,12) (4,8,16) (4,12,16) (4,12,12) (8,12,12) (8,12,16) (8,8,12) (8,8,16)
  6, (0,1,2,3) (2,5,4,3) (0,3,4,6) (1,7,5,2) (4,5,7,6) (0,6,7,1)

28, (6,14,2), 1.53
  8, (4,12,0) (4,12,4) (4,16,4) (4,16,0) (8,16,0) (8,16,4) (8,12,0) (8,12,4)
  6, (0,1,2,3) (2,5,4,3) (0,3,4,6) (1,7,5,2) (4,5,7,6) (0,6,7,1)

29, (6,14,6), 1.53
  8, (4,12,4) (4,12,8) (4,16,8) (4,16,4) (8,16,4) (8,16,8) (8,12,4) (8,12,8)
  6, (0,1,2,3) (2,5,4,3) (0,3,4,6) (1,7,5,2) (4,5,7,6) (0,6,7,1)

30, (6,14,10), 1.35
  8, (4,12,8) (4,12,12) (4,16,12) (4,16,8) (8,16,8) (8,16,12) (8,12,8) (8,12,12)
  6, (0,1,2,3) (2,5,4,3) (0,3,4,6) (1,7,5,2) (4,5,7,6) (0,6,7,1)

31, (6,14,14), 1.45
  8, (4,12,12) (4,12,16) (4,16,16) (4,16,12) (8,16,12) (8,16,16) (8,12,12) (8,12,16)
  6, (0,1,2,3) (2,5,4,3) (0,3,4,6) (1,7,5,2) (4,5,7,6) (0,6,7,1)

32, (10,2,2), 1.45
  8, (8,0,0) (8,0,4) (8,4,4) (8,4,0) (12,4,0) (12,4,4) (12,0,0) (12,0,4)
  6, (0,1,2,3) (2,5,4,3) (0,3,4,6) (1,7,5,2) (4,5,7,6) (0,6,7,1)

33, (10,2,6), 1.53
  8, (8,0,4) (8,0,8) (8,4,8) (8,4,4) (12,4,4) (12,4,8) (12,0,4) (12,0,8)
  6, (0,1,2,3) (2,5,4,3) (0,3,4,6) (1,7,5,2) (4,5,7,6) (0,6,7,1)

34, (10,2,10), 1.45
  8, (8,0,8) (8,0,12) (8,4,12) (8,4,8) (12,4,8) (12,4,12) (12,0,8) (12,0,12)
  6, (0,1,2,3) (2,5,4,3) (0,3,4,6) (1,7,5,2) (4,5,7,6) (0,6,7,1)

35, (10,2,14), 1.45
  8, (8,0,12) (8,0,16) (8,4,16) (8,4,12) (12,4,12) (12,4,16) (12,0,12) (12,0,16)
  6, (0,1,2,3) (2,5,4,3) (0,3,4,6) (1,7,5,2) (4,5,7,6) (0,6,7,1)

36, (10,6,2), 1.3
  8, (8,4,0) (8,4,4) (8,8,4) (8,8,0) (12,8,0) (12,8,4) (12,4,0) (12,4,4)
  6, (0,1,2,3) (2,5,4,3) (0,3,4,6) (1,7,5,2) (4,5,7,6) (0,6,7,1)

37, (10,6,6), 1.53
  8, (8,4,4) (8,4,8) (8,8,8) (8,8,4) (12,8,4) (12,8,8) (12,4,4) (12,4,8)
  6, (0,1,2,3) (2,5,4,3) (0,3,4,6) (1,7,5,2) (4,5,7,6) (0,6,7,1)

38, (10,6,10), 1.35
  8, (8,4,8) (8,4,12) (8,8,12) (8,8,8) (12,8,8) (12,8,12) (12,4,8) (12,4,12)
  6, (0,1,2,3) (2,5,4,3) (0,3,4,6) (1,7,5,2) (4,5,7,6) (0,6,7,1)

39, (10,6,14), 1.3
  8, (8,4,12) (8,4,16) (8,8,16) (8,8,12) (12,8,12) (12,8,16) (12,4,12) (12,4,16)
  6, (0,1,2,3) (2,5,4,3) (0,3,4,6) (1,7,5,2) (4,5,7,6) (0,6,7,1)

40, (10,10,2), 1.45
  8, (8,8,0) (8,8,4) (8,12,4) (8,12,0) (12,12,0) (12,12,4) (12,8,0) (12,8,4)
  6, (0,1,2,3) (2,5,4,3) (0,3,4,6) (1,7,5,2) (4,5,7,6) (0,6,7,1)

41, (10,10,6), 1.3
  8, (8,8,4) (8,8,8) (8,12,8) (8,12,4) (12,12,4) (12,12,8) (12,8,4) (12,8,8)
  6, (0,1,2,3) (2,5,4,3) (0,3,4,6) (1,7,5,2) (4,5,7,6) (0,6,7,1)

42, (10,10,10), 1.45
  8, (8,8,8) (8,8,12) (8,12,12) (8,12,8) (12,12,8) (12,12,12) (12,8,8) (12,8,12)
  6, (0,1,2,3) (2,5,4,3) (0,3,4,6) (1,7,5,2) (4,5,7,6) (0,6,7,1)

43, (10,10,14), 1.45
  8, (8,8,12) (8,8,16) (8,12,16) (8,12,12) (12,12,12) (12,12,16) (12,8,12) (12,8,16)
  6, (0,1,2,3) (2,5,4,3) (0,3,4,6) (1,7,5,2) (4,5,7,6) (0,6,7,1)

44, (10,14,2), 1.53
  8, (8,12,0) (8,12,4) (8,16,4) (8,16,0) (12,16,0) (12,16,4) (12,12,0) (12,12,4)
  6, (0,1,2,3) (2,5,4,3) (0,3,4,6) (1,7,5,2) (4,5,7,6) (0,6,7,1)

45, (10,14,6), 1.3
  8, (8,12,4) (8,12,8) (8,16,8) (8,16,4) (12,16,4) (12,16,8) (12,12,4) (12,12,8)
  6, (0,1,2,3) (2,5,4,3) (0,3,4,6) (1,7,5,2) (4,5,7,6) (0,6,7,1)

46, (10,14,10), 1.45
  8, (8,12,8) (8,12,12) (8,16,12) (8,16,8) (12,16,8) (12,16,12) (12,12,8) (12,12,12)
  6, (0,1,2,3) (2,5,4,3) (0,3,4,6) (1,7,5,2) (4,5,7,6) (0,6,7,1)

47, (10,14,14), 1.45
  8, (8,12,12) (8,12,16) (8,16,16) (8,16,12) (12,16,12) (12,16,16) (12,12,12) (12,12,16)
  6, (0,1,2,3) (2,5,4,3) (0,3,4,6) (1,7,5,2) (4,5,7,6) (0,6,7,1)

48, (14,2,2), 1.53
  8, (12,0,0) (12,0,4) (12,4,4) (12,4,0) (16,4,0) (16,4,4) (16,0,0) (16,0,4)
  6, (0,1,2,3) (2,5,4,3) (0,3,4,6) (1,7,5,2) (4,5,7,6) (0,6,7,1)

49, (14,2,6), 1.45
  8, (12,0,4) (12,0,8) (12,4,8) (12,4,4) (16,4,4) (16,4,8) (16,0,4) (16,0,8)
  6, (0,1,2,3) (2,5,4,3) (0,3,4,6) (1,7,5,2) (4,5,7,6) (0,6,7,1)

50, (14,2,10), 1.3
  8, (12,0,8) (12,0,12) (12,4,12) (12,4,8) (16,4,8) (16,4,12) (16,0,8) (16,0,12)
  6, (0,1,2,3) (2,5,4,3) (0,3,4,6) (1,7,5,2) (4,5,7,6) (0,6,7,1)

51, (14,2,14), 1.53
  8, (12,0,12) (12,0,16) (12,4,16) (12,4,12) (16,4,12) (16,4,16) (16,0,12) (16,0,16)
  6, (0,1,2,3) (2,5,4,3) (0,3,4,6) (1,7,5,2) (4,5,7,6) (0,6,7,1)

52, (14,6,2), 1.3
  8, (12,4,0) (12,4,4) (12,8,4) (12,8,0) (16,8,0) (16,8,4) (16,4,0) (16,4,4)
  6, (0,1,2,3) (2,5,4,3) (0,3,4,6) (1,7,5,2) (4,5,7,6) (0,6,7,1)

53, (14,6,6), 1.45
  8, (12,4,4) (12,4,8) (12,8,8) (12,8,4) (16,8,4) (16,8,8) (16,4,4) (16,4,8)
  6, (0,1,2,3) (2,5,4,3) (0,3,4,6) (1,7,5,2) (4,5,7,6) (0,6,7,1)

54, (14,6,10), 1.53
  8, (12,4,8) (12,4,12) (12,8,12) (12,8,8) (16,8,8) (16,8,12) (16,4,8) (16,4,12)
  6, (0,1,2,3) (2,5,4,3) (0,3,4,6) (1,7,5,2) (4,5,7,6) (0,6,7,1)

55, (14,6,14), 1.3
  8, (12,4,12) (12,4,16) (12,8,16) (12,8,12) (16,8,12) (16,8,16) (16,4,12) (16,4,16)
  6, (0,1,2,3) (2,5,4,3) (0,3,4,6) (1,7,5,2) (4,5,7,6) (0,6,7,1)

56, (14,10,2), 1.35
  8, (12,8,0) (12,8,4) (12,12,4) (12,12,0) (16,12,0) (16,12,4) (16,8,0) (16,8,4)
  6, (0,1,2,3) (2,5,4,3) (0,3,4,6) (1,7,5,2) (4,5,7,6) (0,6,7,1)

57, (14,10,6), 1.35
  8, (12,8,4) (12,8,8) (12,12,8) (12,12,4) (16,12,4) (16,12,8) (16,8,4) (16,8,8)
  6, (0,1,2,3) (2,5,4,3) (0,3,4,6) (1,7,5,2) (4,5,7,6) (0,6,7,1)

58, (14,10,10), 1.3
  8, (12,8,8) (12,8,12) (12,12,12) (12,12,8) (16,12,8) (16,12,12) (16,8,8) (16,8,12)
  6, (0,1,2,3) (2,5,4,3) (0,3,4,6) (1,7,5,2) (4,5,7,6) (0,6,7,1)

59, (14,10,14), 1.53
  8, (12,8,12) (12,8,16) (12,12,16) (12,12,12) (16,12,12) (16,12,16) (16,8,12) (16,8,16)
  6, (0,1,2,3) (2,5,4,3) (0,3,4,6) (1,7,5,2) (4,5,7,6) (0,6,7,1)

60, (14,14,2), 1.3
  8, (12,12,0) (12,12,4) (12,16,4) (12,16,0) (16,16,0) (16,16,4) (16,12,0) (16,12,4)
  6, (0,1,2,3) (2,5,4,3) (0,3,4,6) (1,7,5,2) (4,5,7,6) (0,6,7,1)

61, (14,14,6), 1.53
  8, (12,12,4) (12,12,8) (12,16,8) (12,16,4) (16,16,4) (16,16,8) (16,12,4) (16,12,8)
  6, (0,1,2,3) (2,5,4,3) (0,3,4,6) (1,7,5,2) (4,5,7,6) (0,6,7,1)

62, (14,14,10), 1.53
  8, (12,12,8) (12,12,12) (12,16,12) (12,16,8) (16,16,8) (16,16,12) (16,12,8) (16,12,12)
  6, (0,1,2,3) (2,5,4,3) (0,3,4,6) (1,7,5,2) (4,5,7,6) (0,6,7,1)

63, (14,14,14), 1.3
  8, (12,12,12) (12,12,16) (12,16,16) (12,16,12) (16,16,12) (16,16,16) (16,12,12) (16,12,16)
  6, (0,1,2,3) (2,5,4,3) (0,3,4,6) (1,7,5,2) (4,5,7,6) (0,6,7,1)



 time = 310.000000 
 Rx1 = 16.000000, Rx2 = 0.000000, Rx3 = 0.000000, Ry2 = 16.000000, Ry3 = 0.000000, Rz3 = 16.000000 
 Natoms = 64
 Atomic_Numbers = 
  24,   48,   48,   26,   24,   26,   26,   48,   30,   48,   26,   48,   24,   26,   26,   24,   26,   48,   26,   26,   26,   48,   26,   48,   48,   24,   48,   24,   48,   26,   26,   26,   48,   48,   24,   48,   30,   24,   26,   24,   24,   26,   48,   30,   26,   48,   30,   26,   48,   26,   24,   26,   24,   24,   26,   48,   48,   30,   24,   48,   24,   26,   24,   30

0, (2,2,2), 1.3
  8, (0,0,0) (0,0,4) (0,4,4) (0,4,0) (4,4,0) (4,4,4) (4,0,0) (4,0,4)
  6, (0,1,2,3) (2,5,4,3) (0,3,4,6) (1,7,5,2) (4,5,7,6) (0,6,7,1)

1, (2,2,6), 1.53
  8, (0,0,4) (0,0,8) (0,4,8) (0,4,4) (4,4,4) (4,4,8) (4,0,4) (4,0,8)
  6, (0,1,2,3) (2,5,4,3) (0,3,4,6) (1,7,5,2) (4,5,7,6) (0,6,7,1)

2, (2,2,10), 1.53
  8, (0,0,8) (0,0,12) (0,4,12) (0,4,8) (4,4,8) (4,4,12) (4,0,8) (4,0,12)
  6, (0,1,2,3) (2,5,4,3) (0,3,4,6) (1,7,5,2) (4,5,7,6) (0,6,7,1)

3, (2,2,14), 1.45
  8, (0,0,12) (0,0,16) (0,4,16) (0,4,12) (4,4,12) (4,4,16) (4,0,12) (4,0,16)
  6, (0,1,2,3) (2,5,4,3) (0,3,4,6) (1,7,5,2) (4,5,7,6) (0,6,7,1)

4, (2,6,2), 1.3
  8, (0,4,0) (0,4,4) (0,8,4) (0,8,0) (4,8,0) (4,8,4) (4,4,0) (4,4,4)
  6, (0,1,2,3) (2,5,4,3) (0,3,4,6) (1,7,5,2) (4,5,7,6) (0,6,7,1)

5, (2,6,6), 1.45
  8, (0,4,4) (0,4,8) (0,8,8) (0,8,4) (4,8,4) (4,8,8) (4,4,4) (4,4,8)
  6, (0,1,2,3) (2,5,4,3) (0,3,4,6) (1,7,5,2) (4,5,7,6) (0,6,7,1)

6, (2,6,10), 1.45
  8, (0,4,8) (0,4,12) (0,8,12) (0,8,8) (4,8,8) (4,8,12) (4,4,8) (4,4,12)
  6, (0,1,2,3) (2,5,4,3) (0,3,4,6) (1,7,5,2) (4,5,7,6) (0,6,7,1)

7, (2,6,14), 1.53
  8, (0,4,12) (0,4,16) (0,8,16) (0,8,12) (4,8,12) (4,8,16) (4,4,12) (4,4,16)
  6, (0,1,2,3) (2,5,4,3) (0,3,4,6) (1,7,5,2) (4,5,7,6) (0,6,7,1)

8, (2,10,2), 1.35
  8, (0,8,0) (0,8,4) (0,12,4) (0,12,0) (4,12,0) (4,12,4) (4,8,0) (4,8,4)
  6, (0,1,2,3) (2,5,4,3) (0,3,4,6) (1,7,5,2) (4,5,7,6) (0,6,7,1)

9, (2,10,6), 1.53
  8, (0,8,4) (0,8,8) (0,12,8) (0,12,4) (4,12,4) (4,12,8) (4,8,4) (4,8,8)
  6, (0,1,2,3) (2,5,4,3) (0,3,4,6) (1,7,5,2) (4,5,7,6) (0,6,7,1)

10, (2,10,10), 1.45
  8, (0,8,8) (0,8,12) (0,12,12) (0,12,8) (4,12,8) (4,12,12) (4,8,8) (4,8,12)
  6, (0,1,2,3) (2,5,4,3) (0,3,4,6) (1,7,5,2) (4,5,7,6) (0,6,7,1)

11, (2,10,14), 1.53
  8, (0,8,12) (0,8,16) (0,12,16) (0,12,12) (4,12,12) (4,12,16) (4,8,12) (4,8,16)
  6, (0,1,2,3) (2,5,4,3) (0,3,4,6) (1,7,5,2) (4,5,7,6) (0,6,7,1)

12, (2,14,2), 1.3
  8, (0,12,0) (0,12,4) (0,16,4) (0,16,0) (4,16,0) (4,16,4) (4,12,0) (4,12,4)
  6, (0,1,2,3) (2,5,4,3) (0,3,4,6) (1,7,5,2) (4,5,7,6) (0,6,7,1)

13, (2,14,6), 1.45
  8, (0,12,4) (0,12,8) (0,16,8) (0,16,4) (4,16,4) (4,16,8) (4,12,4) (4,12,8)
  6, (0,1,2,3) (2,5,4,3) (0,3,4,6) (1,7,5,2) (4,5,7,6) (0,6,7,1)

14, (2,14,10), 1.45
  8, (0,12,8) (0,12,12) (0,16,12) (0,16,8) (4,16,8) (4,16,12) (4,12,8) (4,12,12)
  6, (0,1,2,3) (2,5,4,3) (0,3,4,6) (1,7,5,2) (4,5,7,6) (0,6,7,1)

15, (2,14,14), 1.3
  8, (0,12,12) (0,12,16) (0,16,16) (0,16,12) (4,16,12) (4,16,16) (4,12,12) (4,12,16)
  6, (0,1,2,3) (2,5,4,3) (0,3,4,6) (1,7,5,2) (4,5,7,6) (0,6,7,1)

16, (6,2,2), 1.45
  8, (4,0,0) (4,0,4) (4,4,4) (4,4,0) (8,4,0) (8,4,4) (8,0,0) (8,0,4)
  6, (0,1,2,3) (2,5,4,3) (0,3,4,6) (1,7,5,2) (4,5,7,6) (0,6,7,1)

17, (6,2,6), 1.53
  8, (4,0,4) (4,0,8) (4,4,8) (4,4,4) (8,4,4) (8,4,8) (8,0,4) (8,0,8)
  6, (0,1,2,3) (2,5,4,3) (0,3,4,6) (1,7,5,2) (4,5,7,6) (0,6,7,1)

18, (6,2,10), 1.45
  8, (4,0,8) (4,0,12) (4,4,12) (4,4,8) (8,4,8) (8,4,12) (8,0,8) (8,0,12)
  6, (0,1,2,3) (2,5,4,3) (0,3,4,6) (1,7,5,2) (4,5,7,6) (0,6,7,1)

19, (6,2,14), 1.45
  8, (4,0,12) (4,0,16) (4,4,16) (4,4,12) (8,4,12) (8,4,16) (8,0,12) (8,0,16)
  6, (0,1,2,3) (2,5,4,3) (0,3,4,6) (1,7,5,2) (4,5,7,6) (0,6,7,1)

20, (6,6,2), 1.45
  8, (4,4,0) (4,4,4) (4,8,4) (4,8,0) (8,8,0) (8,8,4) (8,4,0) (8,4,4)
  6, (0,1,2,3) (2,5,4,3) (0,3,4,6) (1,7,5,2) (4,5,7,6) (0,6,7,1)

21, (6,6,6), 1.53
  8, (4,4,4) (4,4,8) (4,8,8) (4,8,4) (8,8,4) (8,8,8) (8,4,4) (8,4,8)
  6, (0,1,2,3) (2,5,4,3) (0,3,4,6) (1,7,5,2) (4,5,7,6) (0,6,7,1)

22, (6,6,10), 1.45
  8, (4,4,8) (4,4,12) (4,8,12) (4,8,8) (8,8,8) (8,8,12) (8,4,8) (8,4,12)
  6, (0,1,2,3) (2,5,4,3) (0,3,4,6) (1,7,5,2) (4,5,7,6) (0,6,7,1)

23, (6,6,14), 1.53
  8, (4,4,12) (4,4,16) (4,8,16) (4,8,12) (8,8,12) (8,8,16) (8,4,12) (8,4,16)
  6, (0,1,2,3) (2,5,4,3) (0,3,4,6) (1,7,5,2) (4,5,7,6) (0,6,7,1)

24, (6,10,2), 1.53
  8, (4,8,0) (4,8,4) (4,12,4) (4,12,0) (8,12,0) (8,12,4) (8,8,0) (8,8,4)
  6, (0,1,2,3) (2,5,4,3) (0,3,4,6) (1,7,5,2) (4,5,7,6) (0,6,7,1)

25, (6,10,6), 1.3
  8, (4,8,4) (4,8,8) (4,12,8) (4,12,4) (8,12,4) (8,12,8) (8,8,4) (8,8,8)
  6, (0,1,2,3) (2,5,4,3) (0,3,4,6) (1,7,5,2) (4,5,7,6) (0,6,7,1)

26, (6,10,10), 1.53
  8, (4,8,8) (4,8,12) (4,12,12) (4,12,8) (8,12,8) (8,12,12) (8,8,8) (8,8,12)
  6, (0,1,2,3) (2,5,4,3) (0,3,4,6) (1,7,5,2) (4,5,7,6) (0,6,7,1)

27, (6,10,14), 1.3
  8, (4,8,12) (4,8,16) (4,12,16) (4,12,12) (8,12,12) (8,12,16) (8,8,12) (8,8,16)
  6, (0,1,2,3) (2,5,4,3) (0,3,4,6) (1,7,5,2) (4,5,7,6) (0,6,7,1)

28, (6,14,2), 1.53
  8, (4,12,0) (4,12,4) (4,16,4) (4,16,0) (8,16,0) (8,16,4) (8,12,0) (8,12,4)
  6, (0,1,2,3) (2,5,4,3) (0,3,4,6) (1,7,5,2) (4,5,7,6) (0,6,7,1)

29, (6,14,6), 1.45
  8, (4,12,4) (4,12,8) (4,16,8) (4,16,4) (8,16,4) (8,16,8) (8,12,4) (8,12,8)
  6, (0,1,2,3) (2,5,4,3) (0,3,4,6) (1,7,5,2) (4,5,7,6) (0,6,7,1)

30, (6,14,10), 1.45
  8, (4,12,8) (4,12,12) (4,16,12) (4,16,8) (8,16,8) (8,16,12) (8,12,8) (8,12,12)
  6, (0,1,2,3) (2,5,4,3) (0,3,4,6) (1,7,5,2) (4,5,7,6) (0,6,7,1)

31, (6,14,14), 1.45
  8, (4,12,12) (4,12,16) (4,16,16) (4,16,12) (8,16,12) (8,16,16) (8,12,12) (8,12,16)
  6, (0,1,2,3) (2,5,4,3) (0,3,4,6) (1,7,5,2) (4,5,7,6) (0,6,7,1)

32, (10,2,2), 1.53
  8, (8,0,0) (8,0,4) (8,4,4) (8,4,0) (12,4,0) (12,4,4) (12,0,0) (12,0,4)
  6, (0,1,2,3) (2,5,4,3) (0,3,4,6) (1,7,5,2) (4,5,7,6) (0,6,7,1)

33, (10,2,6), 1.53
  8, (8,0,4) (8,0,8) (8,4,8) (8,4,4) (12,4,4) (12,4,8) (12,0,4) (12,0,8)
  6, (0,1,2,3) (2,5,4,3) (0,3,4,6) (1,7,5,2) (4,5,7,6) (0,6,7,1)

34, (10,2,10), 1.3
  8, (8,0,8) (8,0,12) (8,4,12) (8,4,8) (12,4,8) (12,4,12) (12,0,8) (12,0,12)
  6, (0,1,2,3) (2,5,4,3) (0,3,4,6) (1,7,5,2) (4,5,7,6) (0,6,7,1)

35, (10,2,14), 1.53
  8, (8,0,12) (8,0,16) (8,4,16) (8,4,12) (12,4,12) (12,4,16) (12,0,12) (12,0,16)
  6, (0,1,2,3) (2,5,4,3) (0,3,4,6) (1,7,5,2) (4,5,7,6) (0,6,7,1)

36, (10,6,2), 1.35
  8, (8,4,0) (8,4,4) (8,8,4) (8,8,0) (12,8,0) (12,8,4) (12,4,0) (12,4,4)
  6, (0,1,2,3) (2,5,4,3) (0,3,4,6) (1,7,5,2) (4,5,7,6) (0,6,7,1)

37, (10,6,6), 1.3
  8, (8,4,4) (8,4,8) (8,8,8) (8,8,4) (12,8,4) (12,8,8) (12,4,4) (12,4,8)
  6, (0,1,2,3) (2,5,4,3) (0,3,4,6) (1,7,5,2) (4,5,7,6) (0,6,7,1)

38, (10,6,10), 1.45
  8, (8,4,8) (8,4,12) (8,8,12) (8,8,8) (12,8,8) (12,8,12) (12,4,8) (12,4,12)
  6, (0,1,2,3) (2,5,4,3) (0,3,4,6) (1,7,5,2) (4,5,7,6) (0,6,7,1)

39, (10,6,14), 1.3
  8, (8,4,12) (8,4,16) (8,8,16) (8,8,12) (12,8,12) (12,8,16) (12,4,12) (12,4,16)
  6, (0,1,2,3) (2,5,4,3) (0,3,4,6) (1,7,5,2) (4,5,7,6) (0,6,7,1)

40, (10,10,2), 1.3
  8, (8,8,0) (8,8,4) (8,12,4) (8,12,0) (12,12,0) (12,12,4) (12,8,0) (12,8,4)
  6, (0,1,2,3) (2,5,4,3) (0,3,4,6) (1,7,5,2) (4,5,7,6) (0,6,7,1)

41, (10,10,6), 1.45
  8, (8,8,4) (8,8,8) (8,12,8) (8,12,4) (12,12,4) (12,12,8) (12,8,4) (12,8,8)
  6, (0,1,2,3) (2,5,4,3) (0,3,4,6) (1,7,5,2) (4,5,7,6) (0,6,7,1)

42, (10,10,10), 1.53
  8, (8,8,8) (8,8,12) (8,12,12) (8,12,8) (12,12,8) (12,12,12) (12,8,8) (12,8,12)
  6, (0,1,2,3) (2,5,4,3) (0,3,4,6) (1,7,5,2) (4,5,7,6) (0,6,7,1)

43, (10,10,14), 1.35
  8, (8,8,12) (8,8,16) (8,12,16) (8,12,12) (12,12,12) (12,12,16) (12,8,12) (12,8,16)
  6, (0,1,2,3) (2,5,4,3) (0,3,4,6) (1,7,5,2) (4,5,7,6) (0,6,7,1)

44, (10,14,2), 1.45
  8, (8,12,0) (8,12,4) (8,16,4) (8,16,0) (12,16,0) (12,16,4) (12,12,0) (12,12,4)
  6, (0,1,2,3) (2,5,4,3) (0,3,4,6) (1,7,5,2) (4,5,7,6) (0,6,7,1)

45, (10,14,6), 1.53
  8, (8,12,4) (8,12,8) (8,16,8) (8,16,4) (12,16,4) (12,16,8) (12,12,4) (12,12,8)
  6, (0,1,2,3) (2,5,4,3) (0,3,4,6) (1,7,5,2) (4,5,7,6) (0,6,7,1)

46, (10,14,10), 1.35
  8, (8,12,8) (8,12,12) (8,16,12) (8,16,8) (12,16,8) (12,16,12) (12,12,8) (12,12,12)
  6, (0,1,2,3) (2,5,4,3) (0,3,4,6) (1,7,5,2) (4,5,7,6) (0,6,7,1)

47, (10,14,14), 1.45
  8, (8,12,12) (8,12,16) (8,16,16) (8,16,12) (12,16,12) (12,16,16) (12,12,12) (12,12,16)
  6, (0,1,2,3) (2,5,4,3) (0,3,4,6) (1,7,5,2) (4,5,7,6) (0,6,7,1)

48, (14,2,2), 1.53
  8, (12,0,0) (12,0,4) (12,4,4) (12,4,0) (16,4,0) (16,4,4) (16,0,0) (16,0,4)
  6, (0,1,2,3) (2,5,4,3) (0,3,4,6) (1,7,5,2) (4,5,7,6) (0,6,7,1)

49, (14,2,6), 1.45
  8, (12,0,4) (12,0,8) (12,4,8) (12,4,4) (16,4,4) (16,4,8) (16,0,4) (16,0,8)
  6, (0,1,2,3) (2,5,4,3) (0,3,4,6) (1,7,5,2) (4,5,7,6) (0,6,7,1)

50, (14,2,10), 1.3
  8, (12,0,8) (12,0,12) (12,4,12) (12,4,8) (16,4,8) (16,4,12) (16,0,8) (16,0,12)
  6, (0,1,2,3) (2,5,4,3) (0,3,4,6) (1,7,5,2) (4,5,7,6) (0,6,7,1)

51, (14,2,14), 1.45
  8, (12,0,12) (12,0,16) (12,4,16) (12,4,12) (16,4,12) (16,4,16) (16,0,12) (16,0,16)
  6, (0,1,2,3) (2,5,4,3) (0,3,4,6) (1,7,5,2) (4,5,7,6) (0,6,7,1)

52, (14,6,2), 1.3
  8, (12,4,0) (12,4,4) (12,8,4) (12,8,0) (16,8,0) (16,8,4) (16,4,0) (16,4,4)
  6, (0,1,2,3) (2,5,4,3) (0,3,4,6) (1,7,5,2) (4,5,7,6) (0,6,7,1)

53, (14,6,6), 1.3
  8, (12,4,4) (12,4,8) (12,8,8) (12,8,4) (16,8,4) (16,8,8) (16,4,4) (16,4,8)
  6, (0,1,2,3) (2,5,4,3) (0,3,4,6) (1,7,5,2) (4,5,7,6) (0,6,7,1)

54, (14,6,10), 1.45
  8, (12,4,8) (12,4,12) (12,8,12) (12,8,8) (16,8,8) (16,8,12) (16,4,8) (16,4,12)
  6, (0,1,2,3) (2,5,4,3) (0,3,4,6) (1,7,5,2) (4,5,7,6) (0,6,7,1)

55, (14,6,14), 1.53
  8, (12,4,12) (12,4,16) (12,8,16) (12,8,12) (16,8,12) (16,8,16) (16,4,12) (16,4,16)
  6, (0,1,2,3) (2,5,4,3) (0,3,4,6) (1,7,5,2) (4,5,7,6) (0,6,7,1)

56, (14,10,2), 1.53
  8, (12,8,0) (12,8,4) (12,12,4) (12,12,0) (16,12,0) (16,12,4) (16,8,0) (16,8,4)
  6, (0,1,2,3) (2,5,4,3) (0,3,4,6) (1,7,5,2) (4,5,7,6) (0,6,7,1)

57, (14,10,6), 1.35
  8, (12,8,4) (12,8,8) (12,12,8) (12,12,4) (16,12,4) (16,12,8) (16,8,4) (16,8,8)
  6, (0,1,2,3) (2,5,4,3) (0,3,4,6) (1,7,5,2) (4,5,7,6) (0,6,7,1)

58, (14,10,10), 1.3
  8, (12,8,8) (12,8,12) (12,12,12) (12,12,8) (16,12,8) (16,12,12) (16,8,8) (16,8,12)
  6, (0,1,2,3) (2,5,4,3) (0,3,4,6) (1,7,5,2) (4,5,7,6) (0,6,7,1)

59, (14,10,14), 1.53
  8, (12,8,12) (12,8,16) (12,12,16) (12,12,12) (16,12,12) (16,12,16) (16,8,12) (16,8,16)
  6, (0,1,2,3) (2,5,4,3) (0,3,4,6) (1,7,5,2) (4,5,7,6) (0,6,7,1)

60, (14,14,2), 1.3
  8, (12,12,0) (12,12,4) (12,16,4) (12,16,0) (16,16,0) (16,16,4) (16,12,0) (16,12,4)
  6, (0,1,2,3) (2,5,4,3) (0,3,4,6) (1,7,5,2) (4,5,7,6) (0,6,7,1)

61, (14,14,6), 1.45
  8, (12,12,4) (12,12,8) (12,16,8) (12,16,4) (16,16,4) (16,16,8) (16,12,4) (16,12,8)
  6, (0,1,2,3) (2,5,4,3) (0,3,4,6) (1,7,5,2) (4,5,7,6) (0,6,7,1)

62, (14,14,10), 1.3
  8, (12,12,8) (12,12,12) (12,16,12) (12,16,8) (16,16,8) (16,16,12) (16,12,8) (16,12,12)
  6, (0,1,2,3) (2,5,4,3) (0,3,4,6) (1,7,5,2) (4,5,7,6) (0,6,7,1)

63, (14,14,14), 1.35
  8, (12,12,12) (12,12,16) (12,16,16) (12,16,12) (16,16,12) (16,16,16) (16,12,12) (16,12,16)
  6, (0,1,2,3) (2,5,4,3) (0,3,4,6) (1,7,5,2) (4,5,7,6) (0,6,7,1)



 time = 380.000000 
 Rx1 = 16.000000, Rx2 = 0.000000, Rx3 = 0.000000, Ry2 = 16.000000, Ry3 = 0.000000, Rz3 = 16.000000 
 Natoms = 64
 Atomic_Numbers = 
  48,   48,   26,   26,   30,   48,   48,   26,   48,   48,   30,   30,   48,   24,   24,   24,   26,   24,   30,   48,   48,   26,   30,   24,   24,   24,   30,   26,   24,   24,   48,   26,   26,   26,   26,   24,   26,   48,   26,   26,   48,   24,   48,   26,   26,   26,   26,   24,   26,   48,   48,   24,   48,   26,   26,   26,   48,   48,   26,   24,   24,   24,   48,   48

0, (2,2,2), 1.53
  8, (0,0,0) (0,0,4) (0,4,4) (0,4,0) (4,4,0) (4,4,4) (4,0,0) (4,0,4)
  6, (0,1,2,3) (2,5,4,3) (0,3,4,6) (1,7,5,2) (4,5,7,6) (0,6,7,1)

1, (2,2,6), 1.53
  8, (0,0,4) (0,0,8) (0,4,8) (0,4,4) (4,4,4) (4,4,8) (4,0,4) (4,0,8)
  6, (0,1,2,3) (2,5,4,3) (0,3,4,6) (1,7,5,2) (4,5,7,6) (0,6,7,1)

2, (2,2,10), 1.45
  8, (0,0,8) (0,0,12) (0,4,12) (0,4,8) (4,4,8) (4,4,12) (4,0,8) (4,0,12)
  6, (0,1,2,3) (2,5,4,3) (0,3,4,6) (1,7,5,2) (4,5,7,6) (0,6,7,1)

3, (2,2,14), 1.45
  8, (0,0,12) (0,0,16) (0,4,16) (0,4,12) (4,4,12) (4,4,16) (4,0,12) (4,0,16)
  6, (0,1,2,3) (2,5,4,3) (0,3,4,6) (1,7,5,2) (4,5,7,6) (0,6,7,1)

4, (2,6,2), 1.35
  8, (0,4,0) (0,4,4) (0,8,4) (0,8,0) (4,8,0) (4,8,4) (4,4,0) (4,4,4)
  6, (0,1,2,3) (2,5,4,3) (0,3,4,6) (1,7,5,2) (4,5,7,6) (0,6,7,1)

5, (2,6,6), 1.53
  8, (0,4,4) (0,4,8) (0,8,8) (0,8,4) (4,8,4) (4,8,8) (4,4,4) (4,4,8)
  6, (0,1,2,3) (2,5,4,3) (0,3,4,6) (1,7,5,2) (4,5,7,6) (0,6,7,1)

6, (2,6,10), 1.53
  8, (0,4,8) (0,4,12) (0,8,12) (0,8,8) (4,8,8) (4,8,12) (4,4,8) (4,4,12)
  6, (0,1,2,3) (2,5,4,3) (0,3,4,6) (1,7,5,2) (4,5,7,6) (0,6,7,1)

7, (2,6,14), 1.45
  8, (0,4,12) (0,4,16) (0,8,16) (0,8,12) (4,8,12) (4,8,16) (4,4,12) (4,4,16)
  6, (0,1,2,3) (2,5,4,3) (0,3,4,6) (1,7,5,2) (4,5,7,6) (0,6,7,1)

8, (2,10,2), 1.53
  8, (0,8,0) (0,8,4) (0,12,4) (0,12,0) (4,12,0) (4,12,4) (4,8,0) (4,8,4)
  6, (0,1,2,3) (2,5,4,3) (0,3,4,6) (1,7,5,2) (4,5,7,6) (0,6,7,1)

9, (2,10,6), 1.53
  8, (0,8,4) (0,8,8) (0,12,8) (0,12,4) (4,12,4) (4,12,8) (4,8,4) (4,8,8)
  6, (0,1,2,3) (2,5,4,3) (0,3,4,6) (1,7,5,2) (4,5,7,6) (0,6,7,1)

10, (2,10,10), 1.35
  8, (0,8,8) (0,8,12) (0,12,12) (0,12,8) (4,12,8) (4,12,12) (4,8,8) (4,8,12)
  6, (0,1,2,3) (2,5,4,3) (0,3,4,6) (1,7,5,2) (4,5,7,6) (0,6,7,1)

11, (2,10,14), 1.35
  8, (0,8,12) (0,8,16) (0,12,16) (0,12,12) (4,12,12) (4,12,16) (4,8,12) (4,8,16)
  6, (0,1,2,3) (2,5,4,3) (0,3,4,6) (1,7,5,2) (4,5,7,6) (0,6,7,1)

12, (2,14,2), 1.53
  8, (0,12,0) (0,12,4) (0,16,4) (0,16,0) (4,16,0) (4,16,4) (4,12,0) (4,12,4)
  6, (0,1,2,3) (2,5,4,3) (0,3,4,6) (1,7,5,2) (4,5,7,6) (0,6,7,1)

13, (2,14,6), 1.3
  8, (0,12,4) (0,12,8) (0,16,8) (0,16,4) (4,16,4) (4,16,8) (4,12,4) (4,12,8)
  6, (0,1,2,3) (2,5,4,3) (0,3,4,6) (1,7,5,2) (4,5,7,6) (0,6,7,1)

14, (2,14,10), 1.3
  8, (0,12,8) (0,12,12) (0,16,12) (0,16,8) (4,16,8) (4,16,12) (4,12,8) (4,12,12)
  6, (0,1,2,3) (2,5,4,3) (0,3,4,6) (1,7,5,2) (4,5,7,6) (0,6,7,1)

15, (2,14,14), 1.3
  8, (0,12,12) (0,12,16) (0,16,16) (0,16,12) (4,16,12) (4,16,16) (4,12,12) (4,12,16)
  6, (0,1,2,3) (2,5,4,3) (0,3,4,6) (1,7,5,2) (4,5,7,6) (0,6,7,1)

16, (6,2,2), 1.45
  8, (4,0,0) (4,0,4) (4,4,4) (4,4,0) (8,4,0) (8,4,4) (8,0,0) (8,0,4)
  6, (0,1,2,3) (2,5,4,3) (0,3,4,6) (1,7,5,2) (4,5,7,6) (0,6,7,1)

17, (6,2,6), 1.3
  8, (4,0,4) (4,0,8) (4,4,8) (4,4,4) (8,4,4) (8,4,8) (8,0,4) (8,0,8)
  6, (0,1,2,3) (2,5,4,3) (0,3,4,6) (1,7,5,2) (4,5,7,6) (0,6,7,1)

18, (6,2,10), 1.35
  8, (4,0,8) (4,0,12) (4,4,12) (4,4,8) (8,4,8) (8,4,12) (8,0,8) (8,0,12)
  6, (0,1,2,3) (2,5,4,3) (0,3,4,6) (1,7,5,2) (4,5,7,6) (0,6,7,1)

19, (6,2,14), 1.53
  8, (4,0,12) (4,0,16) (4,4,16) (4,4,12) (8,4,12) (8,4,16) (8,0,12) (8,0,16)
  6, (0,1,2,3) (2,5,4,3) (0,3,4,6) (1,7,5,2) (4,5,7,6) (0,6,7,1)

20, (6,6,2), 1.53
  8, (4,4,0) (4,4,4) (4,8,4) (4,8,0) (8,8,0) (8,8,4) (8,4,0) (8,4,4)
  6, (0,1,2,3) (2,5,4,3) (0,3,4,6) (1,7,5,2) (4,5,7,6) (0,6,7,1)

21, (6,6,6), 1.45
  8, (4,4,4) (4,4,8) (4,8,8) (4,8,4) (8,8,4) (8,8,8) (8,4,4) (8,4,8)
  6, (0,1,2,3) (2,5,4,3) (0,3,4,6) (1,7,5,2) (4,5,7,6) (0,6,7,1)

22, (6,6,10), 1.35
  8, (4,4,8) (4,4,12) (4,8,12) (4,8,8) (8,8,8) (8,8,12) (8,4,8) (8,4,12)
  6, (0,1,2,3) (2,5,4,3) (0,3,4,6) (1,7,5,2) (4,5,7,6) (0,6,7,1)

23, (6,6,14), 1.3
  8, (4,4,12) (4,4,16) (4,8,16) (4,8,12) (8,8,12) (8,8,16) (8,4,12) (8,4,16)
  6, (0,1,2,3) (2,5,4,3) (0,3,4,6) (1,7,5,2) (4,5,7,6) (0,6,7,1)

24, (6,10,2), 1.3
  8, (4,8,0) (4,8,4) (4,12,4) (4,12,0) (8,12,0) (8,12,4) (8,8,0) (8,8,4)
  6, (0,1,2,3) (2,5,4,3) (0,3,4,6) (1,7,5,2) (4,5,7,6) (0,6,7,1)

25, (6,10,6), 1.3
  8, (4,8,4) (4,8,8) (4,12,8) (4,12,4) (8,12,4) (8,12,8) (8,8,4) (8,8,8)
  6, (0,1,2,3) (2,5,4,3) (0,3,4,6) (1,7,5,2) (4,5,7,6) (0,6,7,1)

26, (6,10,10), 1.35
  8, (4,8,8) (4,8,12) (4,12,12) (4,12,8) (8,12,8) (8,12,12) (8,8,8) (8,8,12)
  6, (0,1,2,3) (2,5,4,3) (0,3,4,6) (1,7,5,2) (4,5,7,6) (0,6,7,1)

27, (6,10,14), 1.45
  8, (4,8,12) (4,8,16) (4,12,16) (4,12,12) (8,12,12) (8,12,16) (8,8,12) (8,8,16)
  6, (0,1,2,3) (2,5,4,3) (0,3,4,6) (1,7,5,2) (4,5,7,6) (0,6,7,1)

28, (6,14,2), 1.3
  8, (4,12,0) (4,12,4) (4,16,4) (4,16,0) (8,16,0) (8,16,4) (8,12,0) (8,12,4)
  6, (0,1,2,3) (2,5,4,3) (0,3,4,6) (1,7,5,2) (4,5,7,6) (0,6,7,1)

29, (6,14,6), 1.3
  8, (4,12,4) (4,12,8) (4,16,8) (4,16,4) (8,16,4) (8,16,8) (8,12,4) (8,12,8)
  6, (0,1,2,3) (2,5,4,3) (0,3,4,6) (1,7,5,2) (4,5,7,6) (0,6,7,1)

30, (6,14,10), 1.53
  8, (4,12,8) (4,12,12) (4,16,12) (4,16,8) (8,16,8) (8,16,12) (8,12,8) (8,12,12)
  6, (0,1,2,3) (2,5,4,3) (0,3,4,6) (1,7,5,2) (4,5,7,6) (0,6,7,1)

31, (6,14,14), 1.45
  8, (4,12,12) (4,12,16) (4,16,16) (4,16,12) (8,16,12) (8,16,16) (8,12,12) (8,12,16)
  6, (0,1,2,3) (2,5,4,3) (0,3,4,6) (1,7,5,2) (4,5,7,6) (0,6,7,1)

32, (10,2,2), 1.45
  8, (8,0,0) (8,0,4) (8,4,4) (8,4,0) (12,4,0) (12,4,4) (12,0,0) (12,0,4)
  6, (0,1,2,3) (2,5,4,3) (0,3,4,6) (1,7,5,2) (4,5,7,6) (0,6,7,1)

33, (10,2,6), 1.45
  8, (8,0,4) (8,0,8) (8,4,8) (8,4,4) (12,4,4) (12,4,8) (12,0,4) (12,0,8)
  6, (0,1,2,3) (2,5,4,3) (0,3,4,6) (1,7,5,2) (4,5,7,6) (0,6,7,1)

34, (10,2,10), 1.45
  8, (8,0,8) (8,0,12) (8,4,12) (8,4,8) (12,4,8) (12,4,12) (12,0,8) (12,0,12)
  6, (0,1,2,3) (2,5,4,3) (0,3,4,6) (1,7,5,2) (4,5,7,6) (0,6,7,1)

35, (10,2,14), 1.3
  8, (8,0,12) (8,0,16) (8,4,16) (8,4,12) (12,4,12) (12,4,16) (12,0,12) (12,0,16)
  6, (0,1,2,3) (2,5,4,3) (0,3,4,6) (1,7,5,2) (4,5,7,6) (0,6,7,1)

36, (10,6,2), 1.45
  8, (8,4,0) (8,4,4) (8,8,4) (8,8,0) (12,8,0) (12,8,4) (12,4,0) (12,4,4)
  6, (0,1,2,3) (2,5,4,3) (0,3,4,6) (1,7,5,2) (4,5,7,6) (0,6,7,1)

37, (10,6,6), 1.53
  8, (8,4,4) (8,4,8) (8,8,8) (8,8,4) (12,8,4) (12,8,8) (12,4,4) (12,4,8)
  6, (0,1,2,3) (2,5,4,3) (0,3,4,6) (1,7,5,2) (4,5,7,6) (0,6,7,1)

38, (10,6,10), 1.45
  8, (8,4,8) (8,4,12) (8,8,12) (8,8,8) (12,8,8) (12,8,12) (12,4,8) (12,4,12)
  6, (0,1,2,3) (2,5,4,3) (0,3,4,6) (1,7,5,2) (4,5,7,6) (0,6,7,1)

39, (10,6,14), 1.45
  8, (8,4,12) (8,4,16) (8,8,16) (8,8,12) (12,8,12) (12,8,16) (12,4,12) (12,4,16)
  6, (0,1,2,3) (2,5,4,3) (0,3,4,6) (1,7,5,2) (4,5,7,6) (0,6,7,1)

40, (10,10,2), 1.53
  8, (8,8,0) (8,8,4) (8,12,4) (8,12,0) (12,12,0) (12,12,4) (12,8,0) (12,8,4)
  6, (0,1,2,3) (2,5,4,3) (0,3,4,6) (1,7,5,2) (4,5,7,6) (0,6,7,1)

41, (10,10,6), 1.3
  8, (8,8,4) (8,8,8) (8,12,8) (8,12,4) (12,12,4) (12,12,8) (12,8,4) (12,8,8)
  6, (0,1,2,3) (2,5,4,3) (0,3,4,6) (1,7,5,2) (4,5,7,6) (0,6,7,1)

42, (10,10,10), 1.53
  8, (8,8,8) (8,8,12) (8,12,12) (8,12,8) (12,12,8) (12,12,12) (12,8,8) (12,8,12)
  6, (0,1,2,3) (2,5,4,3) (0,3,4,6) (1,7,5,2) (4,5,7,6) (0,6,7,1)

43, (10,10,14), 1.45
  8, (8,8,12) (8,8,16) (8,12,16) (8,12,12) (12,12,12) (12,12,16) (12,8,12) (12,8,16)
  6, (0,1,2,3) (2,5,4,3) (0,3,4,6) (1,7,5,2) (4,5,7,6) (0,6,7,1)

44, (10,14,2), 1.45
  8, (8,12,0) (8,12,4) (8,16,4) (8,16,0) (12,16,0) (12,16,4) (12,12,0) (12,12,4)
  6, (0,1,2,3) (2,5,4,3) (0,3,4,6) (1,7,5,2) (4,5,7,6) (0,6,7,1)

45, (10,14,6), 1.45
  8, (8,12,4) (8,12,8) (8,16,8) (8,16,4) (12,16,4) (12,16,8) (12,12,4) (12,12,8)
  6, (0,1,2,3) (2,5,4,3) (0,3,4,6) (1,7,5,2) (4,5,7,6) (0,6,7,1)

46, (10,14,10), 1.45
  8, (8,12,8) (8,12,12) (8,16,12) (8,16,8) (12,16,8) (12,16,12) (12,12,8) (12,12,12)
  6, (0,1,2,3) (2,5,4,3) (0,3,4,6) (1,7,5,2) (4,5,7,6) (0,6,7,1)

47, (10,14,14), 1.3
  8, (8,12,12) (8,12,16) (8,16,16) (8,16,12) (12,16,12) (12,16,16) (12,12,12) (12,12,16)
  6, (0,1,2,3) (2,5,4,3) (0,3,4,6) (1,7,5,2) (4,5,7,6) (0,6,7,1)

48, (14,2,2), 1.45
  8, (12,0,0) (12,0,4) (12,4,4) (12,4,0) (16,4,0) (16,4,4) (16,0,0) (16,0,4)
  6, (0,1,2,3) (2,5,4,3) (0,3,4,6) (1,7,5,2) (4,5,7,6) (0,6,7,1)

49, (14,2,6), 1.53
  8, (12,0,4) (12,0,8) (12,4,8) (12,4,4) (16,4,4) (16,4,8) (16,0,4) (16,0,8)
  6, (0,1,2,3) (2,5,4,3) (0,3,4,6) (1,7,5,2) (4,5,7,6) (0,6,7,1)

50, (14,2,10), 1.53
  8, (12,0,8) (12,0,12) (12,4,12) (12,4,8) (16,4,8) (16,4,12) (16,0,8) (16,0,12)
  6, (0,1,2,3) (2,5,4,3) (0,3,4,6) (1,7,5,2) (4,5,7,6) (0,6,7,1)

51, (14,2,14), 1.3
  8, (12,0,12) (12,0,16) (12,4,16) (12,4,12) (16,4,12) (16,4,16) (16,0,12) (16,0,16)
  6, (0,1,2,3) (2,5,4,3) (0,3,4,6) (1,7,5,2) (4,5,7,6) (0,6,7,1)

52, (14,6,2), 1.53
  8, (12,4,0) (12,4,4) (12,8,4) (12,8,0) (16,8,0) (16,8,4) (16,4,0) (16,4,4)
  6, (0,1,2,3) (2,5,4,3) (0,3,4,6) (1,7,5,2) (4,5,7,6) (0,6,7,1)

53, (14,6,6), 1.45
  8, (12,4,4) (12,4,8) (12,8,8) (12,8,4) (16,8,4) (16,8,8) (16,4,4) (16,4,8)
  6, (0,1,2,3) (2,5,4,3) (0,3,4,6) (1,7,5,2) (4,5,7,6) (0,6,7,1)

54, (14,6,10), 1.45
  8, (12,4,8) (12,4,12) (12,8,12) (12,8,8) (16,8,8) (16,8,12) (16,4,8) (16,4,12)
  6, (0,1,2,3) (2,5,4,3) (0,3,4,6) (1,7,5,2) (4,5,7,6) (0,6,7,1)

55, (14,6,14), 1.45
  8, (12,4,12) (12,4,16) (12,8,16) (12,8,12) (16,8,12) (16,8,16) (16,4,12) (16,4,16)
  6, (0,1,2,3) (2,5,4,3) (0,3,4,6) (1,7,5,2) (4,5,7,6) (0,6,7,1)

56, (14,10,2), 1.53
  8, (12,8,0) (12,8,4) (12,12,4) (12,12,0) (16,12,0) (16,12,4) (16,8,0) (16,8,4)
  6, (0,1,2,3) (2,5,4,3) (0,3,4,6) (1,7,5,2) (4,5,7,6) (0,6,7,1)

57, (14,10,6), 1.53
  8, (12,8,4) (12,8,8) (12,12,8) (12,12,4) (16,12,4) (16,12,8) (16,8,4) (16,8,8)
  6, (0,1,2,3) (2,5,4,3) (0,3,4,6) (1,7,5,2) (4,5,7,6) (0,6,7,1)

58, (14,10,10), 1.45
  8, (12,8,8) (12,8,12) (12,12,12) (12,12,8) (16,12,8) (16,12,12) (16,8,8) (16,8,12)
  6, (0,1,2,3) (2,5,4,3) (0,3,4,6) (1,7,5,2) (4,5,7,6) (0,6,7,1)

59, (14,10,14), 1.3
  8, (12,8,12) (12,8,16) (12,12,16) (12,12,12) (16,12,12) (16,12,16) (16,8,12) (16,8,16)
  6, (0,1,2,3) (2,5,4,3) (0,3,4,6) (1,7,5,2) (4,5,7,6) (0,6,7,1)

60, (14,14,2), 1.3
  8, (12,12,0) (12,12,4) (12,16,4) (12,16,0) (16,16,0) (16,16,4) (16,12,0) (16,12,4)
  6, (0,1,2,3) (2,5,4,3) (0,3,4,6) (1,7,5,2) (4,5,7,6) (0,6,7,1)

61, (14,14,6), 1.3
  8, (12,12,4) (12,12,8) (12,16,8) (12,16,4) (16,16,4) (16,16,8) (16,12,4) (16,12,8)
  6, (0,1,2,3) (2,5,4,3) (0,3,4,6) (1,7,5,2) (4,5,7,6) (0,6,7,1)

62, (14,14,10), 1.53
  8, (12,12,8) (12,12,12) (12,16,12) (12,16,8) (16,16,8) (16,16,12) (16,12,8) (16,12,12)
  6, (0,1,2,3) (2,5,4,3) (0,3,4,6) (1,7,5,2) (4,5,7,6) (0,6,7,1)

63, (14,14,14), 1.53
  8, (12,12,12) (12,12,16) (12,16,16) (12,16,12) (16,16,12) (16,16,16) (16,12,12) (16,12,16)
  6, (0,1,2,3) (2,5,4,3) (0,3,4,6) (1,7,5,2) (4,5,7,6) (0,6,7,1)



 time = 450.000000 
 Rx1 = 16.000000, Rx2 = 0.000000, Rx3 = 0.000000, Ry2 = 16.000000, Ry3 = 0.000000, Rz3 = 16.000000 
 Natoms = 64
 Atomic_Numbers = 
  24,   26,   30,   26,   48,   26,   24,   48,   48,   48,   30,   48,   48,   48,   26,   48,   24,   48,   26,   24,   24,   24,   26,   26,   48,   24,   26,   48,   26,   24,   26,   26,   48,   24,   24,   24,   24,   24,   26,   24,   26,   24,   26,   26,   30,   26,   48,   30,   30,   48,   26,   26,   30,   48,   48,   26,   48,   48,   26,   26,   24,   48,   48,   26

0, (2,2,2), 1.3
  8, (0,0,0) (0,0,4) (0,4,4) (0,4,0) (4,4,0) (4,4,4) (4,0,0) (4,0,4)
  6, (0,1,2,3) (2,5,4,3) (0,3,4,6) (1,7,5,2) (4,5,7,6) (0,6,7,1)

1, (2,2,6), 1.45
  8, (0,0,4) (0,0,8) (0,4,8) (0,4,4) (4,4,4) (4,4,8) (4,0,4) (4,0,8)
  6, (0,1,2,3) (2,5,4,3) (0,3,4,6) (1,7,5,2) (4,5,7,6) (0,6,7,1)

2, (2,2,10), 1.35
  8, (0,0,8) (0,0,12) (0,4,12) (0,4,8) (4,4,8) (4,4,12) (4,0,8) (4,0,12)
  6, (0,1,2,3) (2,5,4,3) (0,3,4,6) (1,7,5,2) (4,5,7,6) (0,6,7,1)

3, (2,2,14), 1.45
  8, (0,0,12) (0,0,16) (0,4,16) (0,4,12) (4,4,12) (4,4,16) (4,0,12) (4,0,16)
  6, (0,1,2,3) (2,5,4,3) (0,3,4,6) (1,7,5,2) (4,5,7,6) (0,6,7,1)

4, (2,6,2), 1.53
  8, (0,4,0) (0,4,4) (0,8,4) (0,8,0) (4,8,0) (4,8,4) (4,4,0) (4,4,4)
  6, (0,1,2,3) (2,5,4,3) (0,3,4,6) (1,7,5,2) (4,5,7,6) (0,6,7,1)

5, (2,6,6), 1.45
  8, (0,4,4) (0,4,8) (0,8,8) (0,8,4) (4,8,4) (4,8,8) (4,4,4) (4,4,8)
  6, (0,1,2,3) (2,5,4,3) (0,3,4,6) (1,7,5,2) (4,5,7,6) (0,6,7,1)

6, (2,6,10), 1.3
  8, (0,4,8) (0,4,12) (0,8,12) (0,8,8) (4,8,8) (4,8,12) (4,4,8) (4,4,12)
  6, (0,1,2,3) (2,5,4,3) (0,3,4,6) (1,7,5,2) (4,5,7,6) (0,6,7,1)

7, (2,6,14), 1.53
  8, (0,4,12) (0,4,16) (0,8,16) (0,8,12) (4,8,12) (4,8,16) (4,4,12) (4,4,16)
  6, (0,1,2,3) (2,5,4,3) (0,3,4,6) (1,7,5,2) (4,5,7,6) (0,6,7,1)

8, (2,10,2), 1.53
  8, (0,8,0) (0,8,4) (0,12,4) (0,12,0) (4,12,0) (4,12,4) (4,8,0) (4,8,4)
  6, (0,1,2,3) (2,5,4,3) (0,3,4,6) (1,7,5,2) (4,5,7,6) (0,6,7,1)

9, (2,10,6), 1.53
  8, (0,8,4) (0,8,8) (0,12,8) (0,12,4) (4,12,4) (4,12,8) (4,8,4) (4,8,8)
  6, (0,1,2,3) (2,5,4,3) (0,3,4,6) (1,7,5,2) (4,5,7,6) (0,6,7,1)

10, (2,10,10), 1.35
  8, (0,8,8) (0,8,12) (0,12,12) (0,12,8) (4,12,8) (4,12,12) (4,8,8) (4,8,12)
  6, (0,1,2,3) (2,5,4,3) (0,3,4,6) (1,7,5,2) (4,5,7,6) (0,6,7,1)

11, (2,10,14), 1.53
  8, (0,8,12) (0,8,16) (0,12,16) (0,12,12) (4,12,12) (4,12,16) (4,8,12) (4,8,16)
  6, (0,1,2,3) (2,5,4,3) (0,3,4,6) (1,7,5,2) (4,5,7,6) (0,6,7,1)

12, (2,14,2), 1.53
  8, (0,12,0) (0,12,4) (0,16,4) (0,16,0) (4,16,0) (4,16,4) (4,12,0) (4,12,4)
  6, (0,1,2,3) (2,5,4,3) (0,3,4,6) (1,7,5,2) (4,5,7,6) (0,6,7,1)

13, (2,14,6), 1.53
  8, (0,12,4) (0,12,8) (0,16,8) (0,16,4) (4,16,4) (4,16,8) (4,12,4) (4,12,8)
  6, (0,1,2,3) (2,5,4,3) (0,3,4,6) (1,7,5,2) (4,5,7,6) (0,6,7,1)

14, (2,14,10), 1.45
  8, (0,12,8) (0,12,12) (0,16,12) (0,16,8) (4,16,8) (4,16,12) (4,12,8) (4,12,12)
  6, (0,1,2,3) (2,5,4,3) (0,3,4,6) (1,7,5,2) (4,5,7,6) (0,6,7,1)

15, (2,14,14), 1.53
  8, (0,12,12) (0,12,16) (0,16,16) (0,16,12) (4,16,12) (4,16,16) (4,12,12) (4,12,16)
  6, (0,1,2,3) (2,5,4,3) (0,3,4,6) (1,7,5,2) (4,5,7,6) (0,6,7,1)

16, (6,2,2), 1.3
  8, (4,0,0) (4,0,4) (4,4,4) (4,4,0) (8,4,0) (8,4,4) (8,0,0) (8,0,4)
  6, (0,1,2,3) (2,5,4,3) (0,3,4,6) (1,7,5,2) (4,5,7,6) (0,6,7,1)

17, (6,2,6), 1.53
  8, (4,0,4) (4,0,8) (4,4,8) (4,4,4) (8,4,4) (8,4,8) (8,0,4) (8,0,8)
  6, (0,1,2,3) (2,5,4,3) (0,3,4,6) (1,7,5,2) (4,5,7,6) (0,6,7,1)

18, (6,2,10), 1.45
  8, (4,0,8) (4,0,12) (4,4,12) (4,4,8) (8,4,8) (8,4,12) (8,0,8) (8,0,12)
  6, (0,1,2,3) (2,5,4,3) (0,3,4,6) (1,7,5,2) (4,5,7,6) (0,6,7,1)

19, (6,2,14), 1.3
  8, (4,0,12) (4,0,16) (4,4,16) (4,4,12) (8,4,12) (8,4,16) (8,0,12) (8,0,16)
  6, (0,1,2,3) (2,5,4,3) (0,3,4,6) (1,7,5,2) (4,5,7,6) (0,6,7,1)

20, (6,6,2), 1.3
  8, (4,4,0) (4,4,4) (4,8,4) (4,8,0) (8,8,0) (8,8,4) (8,4,0) (8,4,4)
  6, (0,1,2,3) (2,5,4,3) (0,3,4,6) (1,7,5,2) (4,5,7,6) (0,6,7,1)

21, (6,6,6), 1.3
  8, (4,4,4) (4,4,8) (4,8,8) (4,8,4) (8,8,4) (8,8,8) (8,4,4) (8,4,8)
  6, (0,1,2,3) (2,5,4,3) (0,3,4,6) (1,7,5,2) (4,5,7,6) (0,6,7,1)

22, (6,6,10), 1.45
  8, (4,4,8) (4,4,12) (4,8,12) (4,8,8) (8,8,8) (8,8,12) (8,4,8) (8,4,12)
  6, (0,1,2,3) (2,5,4,3) (0,3,4,6) (1,7,5,2) (4,5,7,6) (0,6,7,1)

23, (6,6,14), 1.45
  8, (4,4,12) (4,4,16) (4,8,16) (4,8,12) (8,8,12) (8,8,16) (8,4,12) (8,4,16)
  6, (0,1,2,3) (2,5,4,3) (0,3,4,6) (1,7,5,2) (4,5,7,6) (0,6,7,1)

24, (6,10,2), 1.53
  8, (4,8,0) (4,8,4) (4,12,4) (4,12,0) (8,12,0) (8,12,4) (8,8,0) (8,8,4)
  6, (0,1,2,3) (2,5,4,3) (0,3,4,6) (1,7,5,2) (4,5,7,6) (0,6,7,1)

25, (6,10,6), 1.3
  8, (4,8,4) (4,8,8) (4,12,8) (4,12,4) (8,12,4) (8,12,8) (8,8,4) (8,8,8)
  6, (0,1,2,3) (2,5,4,3) (0,3,4,6) (1,7,5,2) (4,5,7,6) (0,6,7,1)

26, (6,10,10), 1.45
  8, (4,8,8) (4,8,12) (4,12,12) (4,12,8) (8,12,8) (8,12,12) (8,8,8) (8,8,12)
  6, (0,1,2,3) (2,5,4,3) (0,3,4,6) (1,7,5,2) (4,5,7,6) (0,6,7,1)

27, (6,10,14), 1.53
  8, (4,8,12) (4,8,16) (4,12,16) (4,12,12) (8,12,12) (8,12,16) (8,8,12) (8,8,16)
  6, (0,1,2,3) (2,5,4,3) (0,3,4,6) (1,7,5,2) (4,5,7,6) (0,6,7,1)

28, (6,14,2), 1.45
  8, (4,12,0) (4,12,4) (4,16,4) (4,16,0) (8,16,0) (8,16,4) (8,12,0) (8,12,4)
  6, (0,1,2,3) (2,5,4,3) (0,3,4,6) (1,7,5,2) (4,5,7,6) (0,6,7,1)

29, (6,14,6), 1.3
  8, (4,12,4) (4,12,8) (4,16,8) (4,16,4) (8,16,4) (8,16,8) (8,12,4) (8,12,8)
  6, (0,1,2,3) (2,5,4,3) (0,3,4,6) (1,7,5,2) (4,5,7,6) (0,6,7,1)

30, (6,14,10), 1.45
  8, (4,12,8) (4,12,12) (4,16,12) (4,16,8) (8,16,8) (8,16,12) (8,12,8) (8,12,12)
  6, (0,1,2,3) (2,5,4,3) (0,3,4,6) (1,7,5,2) (4,5,7,6) (0,6,7,1)

31, (6,14,14), 1.45
  8, (4,12,12) (4,12,16) (4,16,16) (4,16,12) (8,16,12) (8,16,16) (8,12,12) (8,12,16)
  6, (0,1,2,3) (2,5,4,3) (0,3,4,6) (1,7,5,2) (4,5,7,6) (0,6,7,1)

32, (10,2,2), 1.53
  8, (8,0,0) (8,0,4) (8,4,4) (8,4,0) (12,4,0) (12,4,4) (12,0,0) (12,0,4)
  6, (0,1,2,3) (2,5,4,3) (0,3,4,6) (1,7,5,2) (4,5,7,6) (0,6,7,1)

33, (10,2,6), 1.3
  8, (8,0,4) (8,0,8) (8,4,8) (8,4,4) (12,4,4) (12,4,8) (12,0,4) (12,0,8)
  6, (0,1,2,3) (2,5,4,3) (0,3,4,6) (1,7,5,2) (4,5,7,6) (0,6,7,1)

34, (10,2,10), 1.3
  8, (8,0,8) (8,0,12) (8,4,12) (8,4,8) (12,4,8) (12,4,12) (12,0,8) (12,0,12)
  6, (0,1,2,3) (2,5,4,3) (0,3,4,6) (1,7,5,2) (4,5,7,6) (0,6,7,1)

35, (10,2,14), 1.3
  8, (8,0,12) (8,0,16) (8,4,16) (8,4,12) (12,4,12) (12,4,16) (12,0,12) (12,0,16)
  6, (0,1,2,3) (2,5,4,3) (0,3,4,6) (1,7,5,2) (4,5,7,6) (0,6,7,1)

36, (10,6,2), 1.3
  8, (8,4,0) (8,4,4) (8,8,4) (8,8,0) (12,8,0) (12,8,4) (12,4,0) (12,4,4)
  6, (0,1,2,3) (2,5,4,3) (0,3,4,6) (1,7,5,2) (4,5,7,6) (0,6,7,1)

37, (10,6,6), 1.3
  8, (8,4,4) (8,4,8) (8,8,8) (8,8,4) (12,8,4) (12,8,8) (12,4,4) (12,4,8)
  6, (0,1,2,3) (2,5,4,3) (0,3,4,6) (1,7,5,2) (4,5,7,6) (0,6,7,1)

38, (10,6,10), 1.45
  8, (8,4,8) (8,4,12) (8,8,12) (8,8,8) (12,8,8) (12,8,12) (12,4,8) (12,4,12)
  6, (0,1,2,3) (2,5,4,3) (0,3,4,6) (1,7,5,2) (4,5,7,6) (0,6,7,1)

39, (10,6,14), 1.3
  8, (8,4,12) (8,4,16) (8,8,16) (8,8,12) (12,8,12) (12,8,16) (12,4,12) (12,4,16)
  6, (0,1,2,3) (2,5,4,3) (0,3,4,6) (1,7,5,2) (4,5,7,6) (0,6,7,1)

40, (10,10,2), 1.45
  8, (8,8,0) (8,8,4) (8,12,4) (8,12,0) (12,12,0) (12,12,4) (12,8,0) (12,8,4)
  6, (0,1,2,3) (2,5,4,3) (0,3,4,6) (1,7,5,2) (4,5,7,6) (0,6,7,1)

41, (10,10,6), 1.3
  8, (8,8,4) (8,8,8) (8,12,8) (8,12,4) (12,12,4) (12,12,8) (12,8,4) (12,8,8)
  6, (0,1,2,3) (2,5,4,3) (0,3,4,6) (1,7,5,2) (4,5,7,6) (0,6,7,1)

42, (10,10,10), 1.45
  8, (8,8,8) (8,8,12) (8,12,12) (8,12,8) (12,12,8) (12,12,12) (12,8,8) (12,8,12)
  6, (0,1,2,3) (2,5,4,3) (0,3,4,6) (1,7,5,2) (4,5,7,6) (0,6,7,1)

43, (10,10,14), 1.45
  8, (8,8,12) (8,8,16) (8,12,16) (8,12,12) (12,12,12) (12,12,16) (12,8,12) (12,8,16)
  6, (0,1,2,3) (2,5,4,3) (0,3,4,6) (1,7,5,2) (4,5,7,6) (0,6,7,1)

44, (10,14,2), 1.35
  8, (8,12,0) (8,12,4) (8,16,4) (8,16,0) (12,16,0) (12,16,4) (12,12,0) (12,12,4)
  6, (0,1,2,3) (2,5,4,3) (0,3,4,6) (1,7,5,2) (4,5,7,6) (0,6,7,1)

45, (10,14,6), 1.45
  8, (8,12,4) (8,12,8) (8,16,8) (8,16,4) (12,16,4) (12,16,8) (12,12,4) (12,12,8)
  6, (0,1,2,3) (2,5,4,3) (0,3,4,6) (1,7,5,2) (4,5,7,6) (0,6,7,1)

46, (10,14,10), 1.53
  8, (8,12,8) (8,12,12) (8,16,12) (8,16,8) (12,16,8) (12,16,12) (12,12,8) (12,12,12)
  6, (0,1,2,3) (2,5,4,3) (0,3,4,6) (1,7,5,2) (4,5,7,6) (0,6,7,1)

47, (10,14,14), 1.35
  8, (8,12,12) (8,12,16) (8,16,16) (8,16,12) (12,16,12) (12,16,16) (12,12,12) (12,12,16)
  6, (0,1,2,3) (2,5,4,3) (0,3,4,6) (1,7,5,2) (4,5,7,6) (0,6,7,1)

48, (14,2,2), 1.35
  8, (12,0,0) (12,0,4) (12,4,4) (12,4,0) (16,4,0) (16,4,4) (16,0,0) (16,0,4)
  6, (0,1,2,3) (2,5,4,3) (0,3,4,6) (1,7,5,2) (4,5,7,6) (0,6,7,1)

49, (14,2,6), 1.53
  8, (12,0,4) (12,0,8) (12,4,8) (12,4,4) (16,4,4) (16,4,8) (16,0,4) (16,0,8)
  6, (0,1,2,3) (2,5,4,3) (0,3,4,6) (1,7,5,2) (4,5,7,6) (0,6,7,1)

50, (14,2,10), 1.45
  8, (12,0,8) (12,0,12) (12,4,12) (12,4,8) (16,4,8) (16,4,12) (16,0,8) (16,0,12)
  6, (0,1,2,3) (2,5,4,3) (0,3,4,6) (1,7,5,2) (4,5,7,6) (0,6,7,1)

51, (14,2,14), 1.45
  8, (12,0,12) (12,0,16) (12,4,16) (12,4,12) (16,4,12) (16,4,16) (16,0,12) (16,0,16)
  6, (0,1,2,3) (2,5,4,3) (0,3,4,6) (1,7,5,2) (4,5,7,6) (0,6,7,1)

52, (14,6,2), 1.35
  8, (12,4,0) (12,4,4) (12,8,4) (12,8,0) (16,8,0) (16,8,4) (16,4,0) (16,4,4)
  6, (0,1,2,3) (2,5,4,3) (0,3,4,6) (1,7,5,2) (4,5,7,6) (0,6,7,1)

53, (14,6,6), 1.53
  8, (12,4,4) (12,4,8) (12,8,8) (12,8,4) (16,8,4) (16,8,8) (16,4,4) (16,4,8)
  6, (0,1,2,3) (2,5,4,3) (0,3,4,6) (1,7,5,2) (4,5,7,6) (0,6,7,1)

54, (14,6,10), 1.53
  8, (12,4,8) (12,4,12) (12,8,12) (12,8,8) (16,8,8) (16,8,12) (16,4,8) (16,4,12)
  6, (0,1,2,3) (2,5,4,3) (0,3,4,6) (1,7,5,2) (4,5,7,6) (0,6,7,1)

55, (14,6,14), 1.45
  8, (12,4,12) (12,4,16) (12,8,16) (12,8,12) (16,8,12) (16,8,16) (16,4,12) (16,4,16)
  6, (0,1,2,3) (2,5,4,3) (0,3,4,6) (1,7,5,2) (4,5,7,6) (0,6,7,1)

56, (14,10,2), 1.53
  8, (12,8,0) (12,8,4) (12,12,4) (12,12,0) (16,12,0) (16,12,4) (16,8,0) (16,8,4)
  6, (0,1,2,3) (2,5,4,3) (0,3,4,6) (1,7,5,2) (4,5,7,6) (0,6,7,1)

57, (14,10,6), 1.53
  8, (12,8,4) (12,8,8) (12,12,8) (12,12,4) (16,12,4) (16,12,8) (16,8,4) (16,8,8)
  6, (0,1,2,3) (2,5,4,3) (0,3,4,6) (1,7,5,2) (4,5,7,6) (0,6,7,1)

58, (14,10,10), 1.45
  8, (12,8,8) (12,8,12) (12,12,12) (12,12,8) (16,12,8) (16,12,12) (16,8,8) (16,8,12)
  6, (0,1,2,3) (2,5,4,3) (0,3,4,6) (1,7,5,2) (4,5,7,6) (0,6,7,1)

59, (14,10,14), 1.45
  8, (12,8,12) (12,8,16) (12,12,16) (12,12,12) (16,12,12) (16,12,16) (16,8,12) (16,8,16)
  6, (0,1,2,3) (2,5,4,3) (0,3,4,6) (1,7,5,2) (4,5,7,6) (0,6,7,1)

60, (14,14,2), 1.3
  8, (12,12,0) (12,12,4) (12,16,4) (12,16,0) (16,16,0) (16,16,4) (16,12,0) (16,12,4)
  6, (0,1,2,3) (2,5,4,3) (0,3,4,6) (1,7,5,2) (4,5,7,6) (0,6,7,1)

61, (14,14,6), 1.53
  8, (12,12,4) (12,12,8) (12,16,8) (12,16,4) (16,16,4) (16,16,8) (16,12,4) (16,12,8)
  6, (0,1,2,3) (2,5,4,3) (0,3,4,6) (1,7,5,2) (4,5,7,6) (0,6,7,1)

62, (14,14,10), 1.53
  8, (12,12,8) (12,12,12) (12,16,12) (12,16,8) (16,16,8) (16,16,12) (16,12,8) (16,12,12)
  6, (0,1,2,3) (2,5,4,3) (0,3,4,6) (1,7,5,2) (4,5,7,6) (0,6,7,1)

63, (14,14,14), 1.45
  8, (12,12,12) (12,12,16) (12,16,16) (12,16,12) (16,16,12) (16,16,16) (16,12,12) (16,12,16)
  6, (0,1,2,3) (2,5,4,3) (0,3,4,6) (1,7,5,2) (4,5,7,6) (0,6,7,1)



 time = 520.000000 
 Rx1 = 16.000000, Rx2 = 0.000000, Rx3 = 0.000000, Ry2 = 16.000000, Ry3 = 0.000000, Rz3 = 16.000000 
 Natoms = 64
 Atomic_Numbers = 
  48,   48,   26,   26,   26,   48,   24,   26,   30,   30,   48,   48,   24,   26,   30,   24,   26,   48,   24,   30,   26,   24,   26,   26,   24,   26,   48,   24,   26,   30,   26,   24,   26,   26,   48,   26,   48,   48,   26,   48,   24,   24,   48,   48,   24,   24,   24,   26,   24,   48,   24,   26,   26,   26,   48,   48,   48,   48,   48,   30,   26,   48,   24,   26

0, (2,2,2), 1.53
  8, (0,0,0) (0,0,4) (0,4,4) (0,4,0) (4,4,0) (4,4,4) (4,0,0) (4,0,4)
  6, (0,1,2,3) (2,5,4,3) (0,3,4,6) (1,7,5,2) (4,5,7,6) (0,6,7,1)

1, (2,2,6), 1.53
  8, (0,0,4) (0,0,8) (0,4,8) (0,4,4) (4,4,4) (4,4,8) (4,0,4) (4,0,8)
  6, (0,1,2,3) (2,5,4,3) (0,3,4,6) (1,7,5,2) (4,5,7,6) (0,6,7,1)

2, (2,2,10), 1.45
  8, (0,0,8) (0,0,12) (0,4,12) (0,4,8) (4,4,8) (4,4,12) (4,0,8) (4,0,12)
  6, (0,1,2,3) (2,5,4,3) (0,3,4,6) (1,7,5,2) (4,5,7,6) (0,6,7,1)

3, (2,2,14), 1.45
  8, (0,0,12) (0,0,16) (0,4,16) (0,4,12) (4,4,12) (4,4,16) (4,0,12) (4,0,16)
  6, (0,1,2,3) (2,5,4,3) (0,3,4,6) (1,7,5,2) (4,5,7,6) (0,6,7,1)

4, (2,6,2), 1.45
  8, (0,4,0) (0,4,4) (0,8,4) (0,8,0) (4,8,0) (4,8,4) (4,4,0) (4,4,4)
  6, (0,1,2,3) (2,5,4,3) (0,3,4,6) (1,7,5,2) (4,5,7,6) (0,6,7,1)

5, (2,6,6), 1.53
  8, (0,4,4) (0,4,8) (0,8,8) (0,8,4) (4,8,4) (4,8,8) (4,4,4) (4,4,8)
  6, (0,1,2,3) (2,5,4,3) (0,3,4,6) (1,7,5,2) (4,5,7,6) (0,6,7,1)

6, (2,6,10), 1.3
  8, (0,4,8) (0,4,12) (0,8,12) (0,8,8) (4,8,8) (4,8,12) (4,4,8) (4,4,12)
  6, (0,1,2,3) (2,5,4,3) (0,3,4,6) (1,7,5,2) (4,5,7,6) (0,6,7,1)

7, (2,6,14), 1.45
  8, (0,4,12) (0,4,16) (0,8,16) (0,8,12) (4,8,12) (4,8,16) (4,4,12) (4,4,16)
  6, (0,1,2,3) (2,5,4,3) (0,3,4,6) (1,7,5,2) (4,5,7,6) (0,6,7,1)

8, (2,10,2), 1.35
  8, (0,8,0) (0,8,4) (0,12,4) (0,12,0) (4,12,0) (4,12,4) (4,8,0) (4,8,4)
  6, (0,1,2,3) (2,5,4,3) (0,3,4,6) (1,7,5,2) (4,5,7,6) (0,6,7,1)

9, (2,10,6), 1.35
  8, (0,8,4) (0,8,8) (0,12,8) (0,12,4) (4,12,4) (4,12,8) (4,8,4) (4,8,8)
  6, (0,1,2,3) (2,5,4,3) (0,3,4,6) (1,7,5,2) (4,5,7,6) (0,6,7,1)

10, (2,10,10), 1.53
  8, (0,8,8) (0,8,12) (0,12,12) (0,12,8) (4,12,8) (4,12,12) (4,8,8) (4,8,12)
  6, (0,1,2,3) (2,5,4,3) (0,3,4,6) (1,7,5,2) (4,5,7,6) (0,6,7,1)

11, (2,10,14), 1.53
  8, (0,8,12) (0,8,16) (0,12,16) (0,12,12) (4,12,12) (4,12,16) (4,8,12) (4,8,16)
  6, (0,1,2,3) (2,5,4,3) (0,3,4,6) (1,7,5,2) (4,5,7,6) (0,6,7,1)

12, (2,14,2), 1.3
  8, (0,12,0) (0,12,4) (0,16,4) (0,16,0) (4,16,0) (4,16,4) (4,12,0) (4,12,4)
  6, (0,1,2,3) (2,5,4,3) (0,3,4,6) (1,7,5,2) (4,5,7,6) (0,6,7,1)

13, (2,14,6), 1.45
  8, (0,12,4) (0,12,8) (0,16,8) (0,16,4) (4,16,4) (4,16,8) (4,12,4) (4,12,8)
  6, (0,1,2,3) (2,5,4,3) (0,3,4,6) (1,7,5,2) (4,5,7,6) (0,6,7,1)

14, (2,14,10), 1.35
  8, (0,12,8) (0,12,12) (0,16,12) (0,16,8) (4,16,8) (4,16,12) (4,12,8) (4,12,12)
  6, (0,1,2,3) (2,5,4,3) (0,3,4,6) (1,7,5,2) (4,5,7,6) (0,6,7,1)

15, (2,14,14), 1.3
  8, (0,12,12) (0,12,16) (0,16,16) (0,16,12) (4,16,12) (4,16,16) (4,12,12) (4,12,16)
  6, (0,1,2,3) (2,5,4,3) (0,3,4,6) (1,7,5,2) (4,5,7,6) (0,6,7,1)

16, (6,2,2), 1.45
  8, (4,0,0) (4,0,4) (4,4,4) (4,4,0) (8,4,0) (8,4,4) (8,0,0) (8,0,4)
  6, (0,1,2,3) (2,5,4,3) (0,3,4,6) (1,7,5,2) (4,5,7,6) (0,6,7,1)

17, (6,2,6), 1.53
  8, (4,0,4) (4,0,8) (4,4,8) (4,4,4) (8,4,4) (8,4,8) (8,0,4) (8,0,8)
  6, (0,1,2,3) (2,5,4,3) (0,3,4,6) (1,7,5,2) (4,5,7,6) (0,6,7,1)

18, (6,2,10), 1.3
  8, (4,0,8) (4,0,12) (4,4,12) (4,4,8) (8,4,8) (8,4,12) (8,0,8) (8,0,12)
  6, (0,1,2,3) (2,5,4,3) (0,3,4,6) (1,7,5,2) (4,5,7,6) (0,6,7,1)

19, (6,2,14), 1.35
  8, (4,0,12) (4,0,16) (4,4,16) (4,4,12) (8,4,12) (8,4,16) (8,0,12) (8,0,16)
  6, (0,1,2,3) (2,5,4,3) (0,3,4,6) (1,7,5,2) (4,5,7,6) (0,6,7,1)

20, (6,6,2), 1.45
  8, (4,4,0) (4,4,4) (4,8,4) (4,8,0) (8,8,0) (8,8,4) (8,4,0) (8,4,4)
  6, (0,1,2,3) (2,5,4,3) (0,3,4,6) (1,7,5,2) (4,5,7,6) (0,6,7,1)

21, (6,6,6), 1.3
  8, (4,4,4) (4,4,8) (4,8,8) (4,8,4) (8,8,4) (8,8,8) (8,4,4) (8,4,8)
  6, (0,1,2,3) (2,5,4,3) (0,3,4,6) (1,7,5,2) (4,5,7,6) (0,6,7,1)

22, (6,6,10), 1.45
  8, (4,4,8) (4,4,12) (4,8,12) (4,8,8) (8,8,8) (8,8,12) (8,4,8) (8,4,12)
  6, (0,1,2,3) (2,5,4,3) (0,3,4,6) (1,7,5,2) (4,5,7,6) (0,6,7,1)

23, (6,6,14), 1.45
  8, (4,4,12) (4,4,16) (4,8,16) (4,8,12) (8,8,12) (8,8,16) (8,4,12) (8,4,16)
  6, (0,1,2,3) (2,5,4,3) (0,3,4,6) (1,7,5,2) (4,5,7,6) (0,6,7,1)

24, (6,10,2), 1.3
  8, (4,8,0) (4,8,4) (4,12,4) (4,12,0) (8,12,0) (8,12,4) (8,8,0) (8,8,4)
  6, (0,1,2,3) (2,5,4,3) (0,3,4,6) (1,7,5,2) (4,5,7,6) (0,6,7,1)

25, (6,10,6), 1.45
  8, (4,8,4) (4,8,8) (4,12,8) (4,12,4) (8,12,4) (8,12,8) (8,8,4) (8,8,8)
  6, (0,1,2,3) (2,5,4,3) (0,3,4,6) (1,7,5,2) (4,5,7,6) (0,6,7,1)

26, (6,10,10), 1.53
  8, (4,8,8) (4,8,12) (4,12,12) (4,12,8) (8,12,8) (8,12,12) (8,8,8) (8,8,12)
  6, (0,1,2,3) (2,5,4,3) (0,3,4,6) (1,7,5,2) (4,5,7,6) (0,6,7,1)

27, (6,10,14), 1.3
  8, (4,8,12) (4,8,16) (4,12,16) (4,12,12) (8,12,12) (8,12,16) (8,8,12) (8,8,16)
  6, (0,1,2,3) (2,5,4,3) (0,3,4,6) (1,7,5,2) (4,5,7,6) (0,6,7,1)

28, (6,14,2), 1.45
  8, (4,12,0) (4,12,4) (4,16,4) (4,16,0) (8,16,0) (8,16,4) (8,12,0) (8,12,4)
  6, (0,1,2,3) (2,5,4,3) (0,3,4,6) (1,7,5,2) (4,5,7,6) (0,6,7,1)

29, (6,14,6), 1.35
  8, (4,12,4) (4,12,8) (4,16,8) (4,16,4) (8,16,4) (8,16,8) (8,12,4) (8,12,8)
  6, (0,1,2,3) (2,5,4,3) (0,3,4,6) (1,7,5,2) (4,5,7,6) (0,6,7,1)

30, (6,14,10), 1.45
  8, (4,12,8) (4,12,12) (4,16,12) (4,16,8) (8,16,8) (8,16,12) (8,12,8) (8,12,12)
  6, (0,1,2,3) (2,5,4,3) (0,3,4,6) (1,7,5,2) (4,5,7,6) (0,6,7,1)

31, (6,14,14), 1.3
  8, (4,12,12) (4,12,16) (4,16,16) (4,16,12) (8,16,12) (8,16,16) (8,12,12) (8,12,16)
  6, (0,1,2,3) (2,5,4,3) (0,3,4,6) (1,7,5,2) (4,5,7,6) (0,6,7,1)

32, (10,2,2), 1.45
  8, (8,0,0) (8,0,4) (8,4,4) (8,4,0) (12,4,0) (12,4,4) (12,0,0) (12,0,4)
  6, (0,1,2,3) (2,5,4,3) (0,3,4,6) (1,7,5,2) (4,5,7,6) (0,6,7,1)

33, (10,2,6), 1.45
  8, (8,0,4) (8,0,8) (8,4,8) (8,4,4) (12,4,4) (12,4,8) (12,0,4) (12,0,8)
  6, (0,1,2,3) (2,5,4,3) (0,3,4,6) (1,7,5,2) (4,5,7,6) (0,6,7,1)

34, (10,2,10), 1.53
  8, (8,0,8) (8,0,12) (8,4,12) (8,4,8) (12,4,8) (12,4,12) (12,0,8) (12,0,12)
  6, (0,1,2,3) (2,5,4,3) (0,3,4,6) (1,7,5,2) (4,5,7,6) (0,6,7,1)

35, (10,2,14), 1.45
  8, (8,0,12) (8,0,16) (8,4,16) (8,4,12) (12,4,12) (12,4,16) (12,0,12) (12,0,16)
  6, (0,1,2,3) (2,5,4,3) (0,3,4,6) (1,7,5,2) (4,5,7,6) (0,6,7,1)

36, (10,6,2), 1.53
  8, (8,4,0) (8,4,4) (8,8,4) (8,8,0) (12,8,0) (12,8,4) (12,4,0) (12,4,4)
  6, (0,1,2,3) (2,5,4,3) (0,3,4,6) (1,7,5,2) (4,5,7,6) (0,6,7,1)

37, (10,6,6), 1.53
  8, (8,4,4) (8,4,8) (8,8,8) (8,8,4) (12,8,4) (12,8,8) (12,4,4) (12,4,8)
  6, (0,1,2,3) (2,5,4,3) (0,3,4,6) (1,7,5,2) (4,5,7,6) (0,6,7,1)

38, (10,6,10), 1.45
  8, (8,4,8) (8,4,12) (8,8,12) (8,8,8) (12,8,8) (12,8,12) (12,4,8) (12,4,12)
  6, (0,1,2,3) (2,5,4,3) (0,3,4,6) (1,7,5,2) (4,5,7,6) (0,6,7,1)

39, (10,6,14), 1.53
  8, (8,4,12) (8,4,16) (8,8,16) (8,8,12) (12,8,12) (12,8,16) (12,4,12) (12,4,16)
  6, (0,1,2,3) (2,5,4,3) (0,3,4,6) (1,7,5,2) (4,5,7,6) (0,6,7,1)

40, (10,10,2), 1.3
  8, (8,8,0) (8,8,4) (8,12,4) (8,12,0) (12,12,0) (12,12,4) (12,8,0) (12,8,4)
  6, (0,1,2,3) (2,5,4,3) (0,3,4,6) (1,7,5,2) (4,5,7,6) (0,6,7,1)

41, (10,10,6), 1.3
  8, (8,8,4) (8,8,8) (8,12,8) (8,12,4) (12,12,4) (12,12,8) (12,8,4) (12,8,8)
  6, (0,1,2,3) (2,5,4,3) (0,3,4,6) (1,7,5,2) (4,5,7,6) (0,6,7,1)

42, (10,10,10), 1.53
  8, (8,8,8) (8,8,12) (8,12,12) (8,12,8) (12,12,8) (12,12,12) (12,8,8) (12,8,12)
  6, (0,1,2,3) (2,5,4,3) (0,3,4,6) (1,7,5,2) (4,5,7,6) (0,6,7,1)

43, (10,10,14), 1.53
  8, (8,8,12) (8,8,16) (8,12,16) (8,12,12) (12,12,12) (12,12,16) (12,8,12) (12,8,16)
  6, (0,1,2,3) (2,5,4,3) (0,3,4,6) (1,7,5,2) (4,5,7,6) (0,6,7,1)

44, (10,14,2), 1.3
  8, (8,12,0) (8,12,4) (8,16,4) (8,16,0) (12,16,0) (12,16,4) (12,12,0) (12,12,4)
  6, (0,1,2,3) (2,5,4,3) (0,3,4,6) (1,7,5,2) (4,5,7,6) (0,6,7,1)

45, (10,14,6), 1.3
  8, (8,12,4) (8,12,8) (8,16,8) (8,16,4) (12,16,4) (12,16,8) (12,12,4) (12,12,8)
  6, (0,1,2,3) (2,5,4,3) (0,3,4,6) (1,7,5,2) (4,5,7,6) (0,6,7,1)

46, (10,14,10), 1.3
  8, (8,12,8) (8,12,12) (8,16,12) (8,16,8) (12,16,8) (12,16,12) (12,12,8) (12,12,12)
  6, (0,1,2,3) (2,5,4,3) (0,3,4,6) (1,7,5,2) (4,5,7,6) (0,6,7,1)

47, (10,14,14), 1.45
  8, (8,12,12) (8,12,16) (8,16,16) (8,16,12) (12,16,12) (12,16,16) (12,12,12) (12,12,16)
  6, (0,1,2,3) (2,5,4,3) (0,3,4,6) (1,7,5,2) (4,5,7,6) (0,6,7,1)

48, (14,2,2), 1.3
  8, (12,0,0) (12,0,4) (12,4,4) (12,4,0) (16,4,0) (16,4,4) (16,0,0) (16,0,4)
  6, (0,1,2,3) (2,5,4,3) (0,3,4,6) (1,7,5,2) (4,5,7,6) (0,6,7,1)

49, (14,2,6), 1.53
  8, (12,0,4) (12,0,8) (12,4,8) (12,4,4) (16,4,4) (16,4,8) (16,0,4) (16,0,8)
  6, (0,1,2,3) (2,5,4,3) (0,3,4,6) (1,7,5,2) (4,5,7,6) (0,6,7,1)

50, (14,2,10), 1.3
  8, (12,0,8) (12,0,12) (12,4,12) (12,4,8) (16,4,8) (16,4,12) (16,0,8) (16,0,12)
  6, (0,1,2,3) (2,5,4,3) (0,3,4,6) (1,7,5,2) (4,5,7,6) (0,6,7,1)

51, (14,2,14), 1.45
  8, (12,0,12) (12,0,16) (12,4,16) (12,4,12) (16,4,12) (16,4,16) (16,0,12) (16,0,16)
  6, (0,1,2,3) (2,5,4,3) (0,3,4,6) (1,7,5,2) (4,5,7,6) (0,6,7,1)

52, (14,6,2), 1.45
  8, (12,4,0) (12,4,4) (12,8,4) (12,8,0) (16,8,0) (16,8,4) (16,4,0) (16,4,4)
  6, (0,1,2,3) (2,5,4,3) (0,3,4,6) (1,7,5,2) (4,5,7,6) (0,6,7,1)

53, (14,6,6), 1.45
  8, (12,4,4) (12,4,8) (12,8,8) (12,8,4) (16,8,4) (16,8,8) (16,4,4) (16,4,8)
  6, (0,1,2,3) (2,5,4,3) (0,3,4,6) (1,7,5,2) (4,5,7,6) (0,6,7,1)

54, (14,6,10), 1.53
  8, (12,4,8) (12,4,12) (12,8,12) (12,8,8) (16,8,8) (16,8,12) (16,4,8) (16,4,12)
  6, (0,1,2,3) (2,5,4,3) (0,3,4,6) (1,7,5,2) (4,5,7,6) (0,6,7,1)

55, (14,6,14), 1.53
  8, (12,4,12) (12,4,16) (12,8,16) (12,8,12) (16,8,12) (16,8,16) (16,4,12) (16,4,16)
  6, (0,1,2,3) (2,5,4,3) (0,3,4,6) (1,7,5,2) (4,5,7,6) (0,6,7,1)

56, (14,10,2), 1.53
  8, (12,8,0) (12,8,4) (12,12,4) (12,12,0) (16,12,0) (16,12,4) (16,8,0) (16,8,4)
  6, (0,1,2,3) (2,5,4,3) (0,3,4,6) (1,7,5,2) (4,5,7,6) (0,6,7,1)

57, (14,10,6), 1.53
  8, (12,8,4) (12,8,8) (12,12,8) (12,12,4) (16,12,4) (16,12,8) (16,8,4) (16,8,8)
  6, (0,1,2,3) (2,5,4,3) (0,3,4,6) (1,7,5,2) (4,5,7,6) (0,6,7,1)

58, (14,10,10), 1.53
  8, (12,8,8) (12,8,12) (12,12,12) (12,12,8) (16,12,8) (16,12,12) (16,8,8) (16,8,12)
  6, (0,1,2,3) (2,5,4,3) (0,3,4,6) (1,7,5,2) (4,5,7,6) (0,6,7,1)

59, (14,10,14), 1.35
  8, (12,8,12) (12,8,16) (12,12,16) (12,12,12) (16,12,12) (16,12,16) (16,8,12) (16,8,16)
  6, (0,1,2,3) (2,5,4,3) (0,3,4,6) (1,7,5,2) (4,5,7,6) (0,6,7,1)

60, (14,14,2), 1.45
  8, (12,12,0) (12,12,4) (12,16,4) (12,16,0) (16,16,0) (16,16,4) (16,12,0) (16,12,4)
  6, (0,1,2,3) (2,5,4,3) (0,3,4,6) (1,7,5,2) (4,5,7,6) (0,6,7,1)

61, (14,14,6), 1.53
  8, (12,12,4) (12,12,8) (12,16,8) (12,16,4) (16,16,4) (16,16,8) (16,12,4) (16,12,8)
  6, (0,1,2,3) (2,5,4,3) (0,3,4,6) (1,7,5,2) (4,5,7,6) (0,6,7,1)

62, (14,14,10), 1.3
  8, (12,12,8) (12,12,12) (12,16,12) (12,16,8) (16,16,8) (16,16,12) (16,12,8) (16,12,12)
  6, (0,1,2,3) (2,5,4,3) (0,3,4,6) (1,7,5,2) (4,5,7,6) (0,6,7,1)

63, (14,14,14), 1.45
  8, (12,12,12) (12,12,16) (12,16,16) (12,16,12) (16,16,12) (16,16,16) (16,12,12) (16,12,16)
  6, (0,1,2,3) (2,5,4,3) (0,3,4,6) (1,7,5,2) (4,5,7,6) (0,6,7,1)

