X,Y,- index of the contour points
18,38
18,38
18,39
18,39
18,39
18,40
18,40
18,40
19,41
19,41
19,42
19,42
19,42
20,43
20,43
20,43
20,44
21,44
21,44
21,44
21,45
21,45
21,45
21,46
22,46
22,46
22,46
23,47
23,47
23,47
23,48
23,48
23,48
24,48
24,49
24,49
24,49
25,49
25,50
25,50
26,50
26,50
26,51
26,51
26,51
26,51
26,52
27,52
27,52
27,52
27,53
27,53
28,53
28,53
28,54
28,54
28,55
28,55
28,55
29,55
29,56
29,56
29,57
29,57
29,57
29,58
30,58
30,58
30,59
30,59
30,59
30,59
31,60
31,60
31,60
31,61
31,61
31,61
31,61
31,62
31,62
31,62
31,63
31,63
31,63
31,64
31,64
31,64
31,64
31,65
31,65
31,66
31,66
31,67
31,67
31,68
31,68
31,69
31,69
31,69
31,69
31,70
31,70
31,70
31,71
31,71
31,72
31,72
31,72
31,73
31,73
31,73
30,73
30,74
30,75
30,75
30,75
30,76
30,76
30,76
30,77
30,77
29,77
29,78
29,78
29,78
29,79
29,79
29,80
29,80
29,80
28,81
28,81
28,82
28,82
28,83
27,83
27,83
27,83
27,84
27,84
27,84
26,85
26,85
26,86
26,86
26,86
26,87
26,87
26,87
26,87
26,88
26,88
25,88
25,89
25,89
25,89
24,89
24,90
24,90
23,90
23,90
23,90
23,91
22,91
22,91
22,91
22,91
21,91
21,92
21,92
21,92
21,92
20,92
20,92
20,92
19,92
19,92
18,92
18,92
17,92
17,92
17,91
17,91
16,91
16,90
15,90
15,90
15,90
15,89
14,89
14,89
14,89
14,88
13,88
13,88
13,87
13,87
12,87
12,86
11,86
11,86
11,85
11,85
11,85
11,84
10,84
10,84
10,83
10,83
10,83
10,83
9,82
9,82
9,81
9,81
9,80
8,80
8,80
8,80
8,79
7,78
7,78
7,77
6,77
6,76
6,76
6,75
6,75
6,75
6,75
6,74
6,74
6,74
6,73
6,73
5,73
5,73
5,72
5,72
5,72
5,72
5,71
5,71
5,71
4,71
4,70
4,70
4,70
4,70
4,69
4,69
4,69
4,68
3,68
3,68
3,67
3,67
3,67
3,66
3,66
3,66
3,65
3,65
3,65
3,64
3,64
3,64
3,64
3,63
3,63
3,63
3,62
3,62
3,61
3,61
3,60
3,60
3,60
3,60
3,59
3,59
4,58
4,58
4,58
4,57
4,57
4,57
5,56
5,56
5,56
5,55
5,55
5,55
5,55
6,55
6,54
6,54
6,54
6,53
6,53
6,53
6,52
6,52
7,52
7,52
7,51
7,51
7,51
8,51
8,50
8,50
8,50
8,49
9,49
9,49
9,48
9,48
9,48
9,48
10,48
10,47
10,47
10,47
11,47
11,46
11,46
11,46
11,46
11,46
11,46
11,45
12,45
12,45
12,45
12,44
12,44
12,44
12,44
12,43
13,43
13,43
13,43
13,42
14,42
14,42
14,42
14,41
14,41
14,41
14,41
14,41
15,41
15,40
15,40
15,40
15,40
16,39
16,39
16,39
16,39
16,39
16,38
17,37
