# AVS UCD File
# foo
# num_nodes num_cells num_node_data num_cell_data num_model_data
# nodal coordinates
# cell type, topology
13 12 1 2 0
120 0.000000 0.000000 0.000000
110 -1.000000 0.000000 0.000000
100 0.000000 1.000000 0.000000
90 1.000000 0.000000 0.000000
4 0.000000 -2.000000 0.000000
5 2.000000 0.000000 0.000000
6 0.000000 2.000000 0.000000
7 -2.000000 0.000000 0.000000
8 0.000000 -1.000000 0.000000
1000 -1.000000 -1.000000 0.000000
1 1.000000 -1.000000 0.000000
2 1.000000 1.000000 0.000000
3 -1.000000 1.000000 0.000000
110 1 quad 120 100 3 110
100 1 quad 120 90 2 100
7 4 tri 1000 110 7
6 4 tri 7 110 3
5 3 tri 100 6 3
0 1 tri 1000 4 8
1 1 tri 8 4 1
2 2 tri 1 5 90
3 2 tri 90 5 2
4 3 tri 100 2 6
80 1 quad 1000 8 120 110
90 1 quad 8 1 90 120
1 1
temperature, F
120 10.500000
110 9.000000
90 7.000000
100 8.500000
1 5.000000
2 6.666667
3 8.333333
4 1.500000
5 3.500000
6 5.500000
7 7.500000
8 5.500000
1000 6.000000
2 1 1
temperature, F
pressure, p
110 12.000000 1.000000
100 11.000000 2.000000
80 9.000000 4.000000
0 1.000000 12.000000
1 2.000000 11.000000
2 3.000000 10.000000
3 4.000000 9.000000
4 5.000000 8.000000
90 10.000000 3.000000
5 6.000000 7.000000
6 7.000000 6.000000
7 8.000000 5.000000
