TITLE=" L2 and Linf norms of the residuals for all equations. LAST OUTER ITERATION for each time step"
VARIABLES=         "TotalIter" "TimeStep" "OuterLoop" "L2_VelocityX" "L2_VelocityY" "L2_VelocityZ" "L2_Pressure" "Linf_VelocityX" "Linf_VelocityY" "Linf_VelocityZ" "Linf_Pressure"
       1       0       1  3.720E-02  1.610E-54  0.000E+00  5.707E-04  6.546E-01  1.424E-52  0.000E+00  4.191E-02
       2       0       2  2.156E-02  5.336E-04  0.000E+00  5.163E-04  3.757E-01  8.851E-03  0.000E+00  2.606E-02
       3       0       3  1.255E-02  6.716E-04  0.000E+00  4.741E-04  2.159E-01  1.225E-02  0.000E+00  1.967E-02
       4       0       4  7.383E-03  6.599E-04  0.000E+00  3.886E-04  1.300E-01  1.251E-02  0.000E+00  1.926E-02
       5       0       5  4.442E-03  5.939E-04  0.000E+00  3.149E-04  8.027E-02  1.138E-02  0.000E+00  1.365E-02
       6       0       6  2.788E-03  5.161E-04  0.000E+00  2.642E-04  5.024E-02  9.594E-03  0.000E+00  1.060E-02
       7       0       7  1.878E-03  4.411E-04  0.000E+00  2.264E-04  3.186E-02  7.726E-03  0.000E+00  7.356E-03
       8       0       8  1.391E-03  3.725E-04  0.000E+00  1.934E-04  2.043E-02  6.087E-03  0.000E+00  6.976E-03
       9       0       9  1.132E-03  3.141E-04  0.000E+00  1.629E-04  1.325E-02  5.348E-03  0.000E+00  5.925E-03
      10       0      10  9.852E-04  2.650E-04  0.000E+00  1.354E-04  8.667E-03  4.726E-03  0.000E+00  5.215E-03
      11       0      11  8.929E-04  2.243E-04  0.000E+00  1.120E-04  6.769E-03  4.191E-03  0.000E+00  4.573E-03
      12       0      12  8.271E-04  1.902E-04  0.000E+00  9.375E-05  5.685E-03  3.716E-03  0.000E+00  4.026E-03
      13       0      13  7.758E-04  1.617E-04  0.000E+00  8.009E-05  4.462E-03  3.290E-03  0.000E+00  3.553E-03
      14       0      14  7.328E-04  1.383E-04  0.000E+00  6.996E-05  3.831E-03  2.905E-03  0.000E+00  3.131E-03
      15       0      15  6.950E-04  1.196E-04  0.000E+00  6.184E-05  3.453E-03  2.559E-03  0.000E+00  2.755E-03
      16       0      16  6.607E-04  1.050E-04  0.000E+00  5.504E-05  3.143E-03  2.274E-03  0.000E+00  2.434E-03
      17       0      17  6.300E-04  9.404E-05  0.000E+00  4.928E-05  2.929E-03  2.017E-03  0.000E+00  2.158E-03
      18       0      18  6.024E-04  8.624E-05  0.000E+00  4.419E-05  2.753E-03  1.782E-03  0.000E+00  1.912E-03
      19       0      19  5.764E-04  7.993E-05  0.000E+00  3.960E-05  2.584E-03  1.579E-03  0.000E+00  1.683E-03
      20       0      20  5.524E-04  7.410E-05  0.000E+00  3.581E-05  2.440E-03  1.397E-03  0.000E+00  1.480E-03
      21       0      21  5.294E-04  6.883E-05  0.000E+00  3.278E-05  2.288E-03  1.232E-03  0.000E+00  1.305E-03
      22       0      22  5.074E-04  6.407E-05  0.000E+00  3.024E-05  2.136E-03  1.086E-03  0.000E+00  1.149E-03
      23       0      23  4.860E-04  5.987E-05  0.000E+00  2.799E-05  1.995E-03  9.564E-04  0.000E+00  1.011E-03
      24       0      24  4.653E-04  5.608E-05  0.000E+00  2.606E-05  1.865E-03  8.434E-04  0.000E+00  8.896E-04
      25       0      25  4.451E-04  5.273E-05  0.000E+00  2.439E-05  1.760E-03  7.409E-04  0.000E+00  8.317E-04
      26       0      26  4.256E-04  4.979E-05  0.000E+00  2.280E-05  1.688E-03  6.515E-04  0.000E+00  7.881E-04
      27       0      27  4.067E-04  4.719E-05  0.000E+00  2.127E-05  1.618E-03  5.730E-04  0.000E+00  7.455E-04
      28       0      28  3.887E-04  4.490E-05  0.000E+00  1.991E-05  1.547E-03  5.035E-04  0.000E+00  7.079E-04
      29       0      29  3.714E-04  4.289E-05  0.000E+00  1.864E-05  1.476E-03  4.731E-04  0.000E+00  6.704E-04
      30       0      30  3.548E-04  4.105E-05  0.000E+00  1.744E-05  1.409E-03  4.556E-04  0.000E+00  6.325E-04
      31       0      31  3.388E-04  3.935E-05  0.000E+00  1.638E-05  1.345E-03  4.379E-04  0.000E+00  5.985E-04
      32       0      32  3.235E-04  3.771E-05  0.000E+00  1.544E-05  1.287E-03  4.185E-04  0.000E+00  5.692E-04
      33       0      33  3.088E-04  3.614E-05  0.000E+00  1.447E-05  1.231E-03  4.010E-04  0.000E+00  5.374E-04
      34       0      34  2.947E-04  3.461E-05  0.000E+00  1.358E-05  1.177E-03  3.834E-04  0.000E+00  5.081E-04
      35       0      35  2.813E-04  3.316E-05  0.000E+00  1.276E-05  1.124E-03  3.659E-04  0.000E+00  4.805E-04
      36       0      36  2.684E-04  3.179E-05  0.000E+00  1.200E-05  1.071E-03  3.487E-04  0.000E+00  4.547E-04
      37       0      37  2.560E-04  3.048E-05  0.000E+00  1.132E-05  1.019E-03  3.310E-04  0.000E+00  4.331E-04
      38       0      38  2.442E-04  2.923E-05  0.000E+00  1.064E-05  9.697E-04  3.143E-04  0.000E+00  4.104E-04
      39       0      39  2.329E-04  2.803E-05  0.000E+00  9.988E-06  9.225E-04  2.990E-04  0.000E+00  3.877E-04
      40       0      40  2.221E-04  2.682E-05  0.000E+00  9.420E-06  8.768E-04  2.834E-04  0.000E+00  3.681E-04
      41       0      41  2.117E-04  2.562E-05  0.000E+00  8.852E-06  8.338E-04  2.688E-04  0.000E+00  3.477E-04
      42       0      42  2.018E-04  2.445E-05  0.000E+00  8.337E-06  7.935E-04  2.548E-04  0.000E+00  3.288E-04
      43       0      43  1.924E-04  2.332E-05  0.000E+00  7.844E-06  7.555E-04  2.417E-04  0.000E+00  3.106E-04
      44       0      44  1.833E-04  2.222E-05  0.000E+00  7.393E-06  7.193E-04  2.290E-04  0.000E+00  2.935E-04
      45       0      45  1.747E-04  2.117E-05  0.000E+00  6.969E-06  6.843E-04  2.168E-04  0.000E+00  2.777E-04
      46       0      46  1.665E-04  2.015E-05  0.000E+00  6.584E-06  6.509E-04  2.045E-04  0.000E+00  2.632E-04
      47       0      47  1.586E-04  1.920E-05  0.000E+00  6.217E-06  6.188E-04  1.932E-04  0.000E+00  2.489E-04
      48       0      48  1.511E-04  1.831E-05  0.000E+00  5.868E-06  5.882E-04  1.825E-04  0.000E+00  2.352E-04
      49       0      49  1.440E-04  1.745E-05  0.000E+00  5.539E-06  5.587E-04  1.725E-04  0.000E+00  2.224E-04
      50       0      50  1.371E-04  1.665E-05  0.000E+00  5.233E-06  5.306E-04  1.630E-04  0.000E+00  2.102E-04
      51       0      51  1.306E-04  1.589E-05  0.000E+00  4.939E-06  5.039E-04  1.540E-04  0.000E+00  1.986E-04
      52       0      52  1.244E-04  1.515E-05  0.000E+00  4.651E-06  4.786E-04  1.458E-04  0.000E+00  1.871E-04
      53       0      53  1.184E-04  1.446E-05  0.000E+00  4.391E-06  4.542E-04  1.380E-04  0.000E+00  1.765E-04
      54       0      54  1.128E-04  1.380E-05  0.000E+00  4.145E-06  4.332E-04  1.304E-04  0.000E+00  1.667E-04
      55       0      55  1.074E-04  1.316E-05  0.000E+00  3.914E-06  4.136E-04  1.232E-04  0.000E+00  1.574E-04
      56       0      56  1.022E-04  1.254E-05  0.000E+00  3.697E-06  3.947E-04  1.163E-04  0.000E+00  1.487E-04
      57       0      57  9.729E-05  1.195E-05  0.000E+00  3.493E-06  3.767E-04  1.098E-04  0.000E+00  1.404E-04
      58       0      58  9.259E-05  1.138E-05  0.000E+00  3.301E-06  3.596E-04  1.037E-04  0.000E+00  1.326E-04
      59       0      59  8.811E-05  1.084E-05  0.000E+00  3.120E-06  3.431E-04  9.794E-05  0.000E+00  1.253E-04
      60       0      60  8.383E-05  1.032E-05  0.000E+00  2.949E-06  3.272E-04  9.247E-05  0.000E+00  1.184E-04
      61       0      61  7.974E-05  9.823E-06  0.000E+00  2.788E-06  3.122E-04  8.728E-05  0.000E+00  1.119E-04
      62       0      62  7.584E-05  9.352E-06  0.000E+00  2.639E-06  2.977E-04  8.239E-05  0.000E+00  1.056E-04
      63       0      63  7.212E-05  8.905E-06  0.000E+00  2.497E-06  2.838E-04  7.780E-05  0.000E+00  9.990E-05
      64       0      64  6.857E-05  8.478E-06  0.000E+00  2.361E-06  2.706E-04  7.472E-05  0.000E+00  9.442E-05
      65       0      65  6.519E-05  8.069E-06  0.000E+00  2.234E-06  2.580E-04  7.264E-05  0.000E+00  8.922E-05
      66       0      66  6.196E-05  7.680E-06  0.000E+00  2.114E-06  2.461E-04  7.043E-05  0.000E+00  8.431E-05
      67       0      67  5.888E-05  7.309E-06  0.000E+00  2.001E-06  2.345E-04  6.762E-05  0.000E+00  7.966E-05
      68       0      68  5.595E-05  6.955E-06  0.000E+00  1.893E-06  2.236E-04  6.449E-05  0.000E+00  7.527E-05
      69       0      69  5.316E-05  6.619E-06  0.000E+00  1.792E-06  2.131E-04  6.140E-05  0.000E+00  7.111E-05
      70       0      70  5.049E-05  6.295E-06  0.000E+00  1.699E-06  2.030E-04  5.830E-05  0.000E+00  6.735E-05
      71       0      71  4.796E-05  5.994E-06  0.000E+00  1.607E-06  1.933E-04  5.628E-05  0.000E+00  6.356E-05
      72       0      72  4.554E-05  5.698E-06  0.000E+00  1.523E-06  1.840E-04  5.422E-05  0.000E+00  6.016E-05
      73       0      73  4.325E-05  5.424E-06  0.000E+00  1.442E-06  1.751E-04  5.210E-05  0.000E+00  5.676E-05
      74       0      74  4.106E-05  5.154E-06  0.000E+00  1.367E-06  1.666E-04  4.985E-05  0.000E+00  5.373E-05
      75       0      75  3.897E-05  4.904E-06  0.000E+00  1.293E-06  1.585E-04  4.766E-05  0.000E+00  5.068E-05
      76       0      76  3.699E-05  4.662E-06  0.000E+00  1.224E-06  1.507E-04  4.554E-05  0.000E+00  4.784E-05
      77       0      77  3.510E-05  4.431E-06  0.000E+00  1.159E-06  1.432E-04  4.356E-05  0.000E+00  4.520E-05
      78       0      78  3.330E-05  4.211E-06  0.000E+00  1.098E-06  1.362E-04  4.175E-05  0.000E+00  4.271E-05
      79       0      79  3.159E-05  4.001E-06  0.000E+00  1.040E-06  1.294E-04  4.013E-05  0.000E+00  4.036E-05
      80       0      80  2.997E-05  3.802E-06  0.000E+00  9.850E-07  1.229E-04  3.868E-05  0.000E+00  3.814E-05
      81       0      81  2.842E-05  3.613E-06  0.000E+00  9.331E-07  1.168E-04  3.737E-05  0.000E+00  3.604E-05
      82       0      82  2.696E-05  3.433E-06  0.000E+00  8.841E-07  1.109E-04  3.618E-05  0.000E+00  3.405E-05
      83       0      83  2.556E-05  3.261E-06  0.000E+00  8.378E-07  1.054E-04  3.505E-05  0.000E+00  3.218E-05
      84       0      84  2.423E-05  3.099E-06  0.000E+00  7.939E-07  1.001E-04  3.393E-05  0.000E+00  3.041E-05
      85       0      85  2.297E-05  2.944E-06  0.000E+00  7.524E-07  9.505E-05  3.281E-05  0.000E+00  2.873E-05
      86       0      86  2.177E-05  2.797E-06  0.000E+00  7.131E-07  9.025E-05  3.164E-05  0.000E+00  2.715E-05
      87       0      87  2.064E-05  2.656E-06  0.000E+00  6.758E-07  8.567E-05  3.043E-05  0.000E+00  2.565E-05
      88       0      88  1.955E-05  2.523E-06  0.000E+00  6.408E-07  8.132E-05  2.923E-05  0.000E+00  2.423E-05
      89       0      89  1.853E-05  2.397E-06  0.000E+00  6.078E-07  7.717E-05  2.802E-05  0.000E+00  2.289E-05
      90       0      90  1.755E-05  2.274E-06  0.000E+00  5.764E-07  7.322E-05  2.679E-05  0.000E+00  2.166E-05
      91       0      91  1.663E-05  2.158E-06  0.000E+00  5.468E-07  6.950E-05  2.551E-05  0.000E+00  2.045E-05
      92       0      92  1.575E-05  2.047E-06  0.000E+00  5.188E-07  6.592E-05  2.426E-05  0.000E+00  1.934E-05
      93       0      93  1.491E-05  1.942E-06  0.000E+00  4.924E-07  6.251E-05  2.302E-05  0.000E+00  1.828E-05
      94       0      94  1.412E-05  1.842E-06  0.000E+00  4.673E-07  5.926E-05  2.185E-05  0.000E+00  1.728E-05
      95       0      95  1.337E-05  1.747E-06  0.000E+00  4.435E-07  5.616E-05  2.074E-05  0.000E+00  1.632E-05
      96       0      96  1.266E-05  1.658E-06  0.000E+00  4.210E-07  5.322E-05  1.971E-05  0.000E+00  1.542E-05
      97       0      97  1.199E-05  1.573E-06  0.000E+00  3.997E-07  5.042E-05  1.877E-05  0.000E+00  1.457E-05
      98       0      98  1.135E-05  1.493E-06  0.000E+00  3.795E-07  4.776E-05  1.791E-05  0.000E+00  1.377E-05
      99       0      99  1.074E-05  1.417E-06  0.000E+00  3.604E-07  4.523E-05  1.714E-05  0.000E+00  1.301E-05
     100       0     100  1.017E-05  1.345E-06  0.000E+00  3.423E-07  4.283E-05  1.644E-05  0.000E+00  1.229E-05
     101       0     101  9.625E-06  1.278E-06  0.000E+00  3.250E-07  4.056E-05  1.580E-05  0.000E+00  1.161E-05
     102       0     102  9.109E-06  1.213E-06  0.000E+00  3.088E-07  3.840E-05  1.521E-05  0.000E+00  1.096E-05
     103       0     103  8.621E-06  1.152E-06  0.000E+00  2.933E-07  3.636E-05  1.465E-05  0.000E+00  1.036E-05
     104       0     104  8.158E-06  1.095E-06  0.000E+00  2.787E-07  3.442E-05  1.412E-05  0.000E+00  9.783E-06
     105       0     105  7.720E-06  1.040E-06  0.000E+00  2.648E-07  3.260E-05  1.360E-05  0.000E+00  9.242E-06
     106       0     106  7.305E-06  9.880E-07  0.000E+00  2.524E-07  3.088E-05  1.306E-05  0.000E+00  8.768E-06
     107       0     107  6.911E-06  9.378E-07  0.000E+00  2.392E-07  2.924E-05  1.256E-05  0.000E+00  8.249E-06
     108       0     108  6.539E-06  8.911E-07  0.000E+00  2.283E-07  2.769E-05  1.202E-05  0.000E+00  7.830E-06
     109       0     109  6.187E-06  8.462E-07  0.000E+00  2.170E-07  2.622E-05  1.150E-05  0.000E+00  7.396E-06
     110       0     110  5.853E-06  8.033E-07  0.000E+00  2.065E-07  2.483E-05  1.098E-05  0.000E+00  6.989E-06
     111       0     111  5.537E-06  7.626E-07  0.000E+00  1.965E-07  2.350E-05  1.046E-05  0.000E+00  6.604E-06
     112       0     112  5.238E-06  7.239E-07  0.000E+00  1.871E-07  2.225E-05  9.955E-06  0.000E+00  6.239E-06
     113       0     113  4.955E-06  6.870E-07  0.000E+00  1.781E-07  2.106E-05  9.460E-06  0.000E+00  5.894E-06
     114       0     114  4.687E-06  6.525E-07  0.000E+00  1.697E-07  1.993E-05  8.981E-06  0.000E+00  5.573E-06
     115       0     115  4.433E-06  6.190E-07  0.000E+00  1.614E-07  1.886E-05  8.523E-06  0.000E+00  5.259E-06
     116       0     116  4.193E-06  5.872E-07  0.000E+00  1.538E-07  1.784E-05  8.085E-06  0.000E+00  4.967E-06
     117       0     117  3.966E-06  5.571E-07  0.000E+00  1.466E-07  1.688E-05  7.673E-06  0.000E+00  4.692E-06
     118       0     118  3.751E-06  5.287E-07  0.000E+00  1.397E-07  1.596E-05  7.286E-06  0.000E+00  4.430E-06
     119       0     119  3.548E-06  5.018E-07  0.000E+00  1.332E-07  1.510E-05  6.921E-06  0.000E+00  4.248E-06
     120       0     120  3.356E-06  4.763E-07  0.000E+00  1.270E-07  1.428E-05  6.580E-06  0.000E+00  4.112E-06
     121       0     121  3.174E-06  4.525E-07  0.000E+00  1.209E-07  1.350E-05  6.271E-06  0.000E+00  3.981E-06
     122       0     122  3.002E-06  4.290E-07  0.000E+00  1.153E-07  1.276E-05  5.965E-06  0.000E+00  3.853E-06
     123       0     123  2.840E-06  4.076E-07  0.000E+00  1.101E-07  1.207E-05  5.690E-06  0.000E+00  3.729E-06
     124       0     124  2.686E-06  3.871E-07  0.000E+00  1.049E-07  1.141E-05  5.428E-06  0.000E+00  3.609E-06
     125       0     125  2.540E-06  3.676E-07  0.000E+00  1.001E-07  1.079E-05  5.177E-06  0.000E+00  3.492E-06
     126       0     126  2.403E-06  3.491E-07  0.000E+00  9.560E-08  1.019E-05  4.937E-06  0.000E+00  3.379E-06
     127       0     127  2.273E-06  3.316E-07  0.000E+00  9.129E-08  9.652E-06  4.708E-06  0.000E+00  3.270E-06
     128       0     128  2.150E-06  3.151E-07  0.000E+00  8.719E-08  9.141E-06  4.486E-06  0.000E+00  3.164E-06
     129       0     129  2.033E-06  2.994E-07  0.000E+00  8.330E-08  8.655E-06  4.271E-06  0.000E+00  3.061E-06
     130       0     130  1.924E-06  2.847E-07  0.000E+00  7.968E-08  8.197E-06  4.060E-06  0.000E+00  2.959E-06
     131       0     131  1.819E-06  2.704E-07  0.000E+00  7.602E-08  7.758E-06  3.861E-06  0.000E+00  2.864E-06
     132       0     132  1.722E-06  2.570E-07  0.000E+00  7.282E-08  7.344E-06  3.663E-06  0.000E+00  2.769E-06
     133       0     133  1.629E-06  2.444E-07  0.000E+00  6.956E-08  6.952E-06  3.476E-06  0.000E+00  2.679E-06
     134       0     134  1.541E-06  2.323E-07  0.000E+00  6.653E-08  6.579E-06  3.293E-06  0.000E+00  2.591E-06
     135       0     135  1.458E-06  2.208E-07  0.000E+00  6.364E-08  6.225E-06  3.119E-06  0.000E+00  2.506E-06
     136       0     136  1.379E-06  2.099E-07  0.000E+00  6.088E-08  5.890E-06  2.952E-06  0.000E+00  2.423E-06
     137       0     137  1.306E-06  1.997E-07  0.000E+00  5.835E-08  5.585E-06  2.786E-06  0.000E+00  2.343E-06
     138       0     138  1.235E-06  1.898E-07  0.000E+00  5.573E-08  5.271E-06  2.658E-06  0.000E+00  2.266E-06
     139       0     139  1.169E-06  1.805E-07  0.000E+00  5.346E-08  4.996E-06  2.570E-06  0.000E+00  2.191E-06
     140       0     140  1.106E-06  1.717E-07  0.000E+00  5.115E-08  4.725E-06  2.485E-06  0.000E+00  2.118E-06
     141       0     141  1.047E-06  1.633E-07  0.000E+00  4.898E-08  4.468E-06  2.403E-06  0.000E+00  2.048E-06
     142       0     142  9.908E-07  1.553E-07  0.000E+00  4.691E-08  4.224E-06  2.324E-06  0.000E+00  1.980E-06
     143       0     143  9.378E-07  1.478E-07  0.000E+00  4.493E-08  3.994E-06  2.247E-06  0.000E+00  1.914E-06
     144       0     144  8.879E-07  1.408E-07  0.000E+00  4.305E-08  3.772E-06  2.171E-06  0.000E+00  1.851E-06
     145       0     145  8.405E-07  1.340E-07  0.000E+00  4.123E-08  3.569E-06  2.098E-06  0.000E+00  1.789E-06
     146       0     146  7.957E-07  1.275E-07  0.000E+00  3.951E-08  3.375E-06  2.028E-06  0.000E+00  1.729E-06
     147       0     147  7.533E-07  1.214E-07  0.000E+00  3.787E-08  3.191E-06  1.961E-06  0.000E+00  1.671E-06
     148       0     148  7.134E-07  1.157E-07  0.000E+00  3.629E-08  3.016E-06  1.895E-06  0.000E+00  1.615E-06
     149       0     149  6.754E-07  1.101E-07  0.000E+00  3.478E-08  2.855E-06  1.832E-06  0.000E+00  1.561E-06
     150       0     150  6.398E-07  1.049E-07  0.000E+00  3.335E-08  2.697E-06  1.770E-06  0.000E+00  1.508E-06
     151       0     151  6.059E-07  9.998E-08  0.000E+00  3.197E-08  2.551E-06  1.711E-06  0.000E+00  1.457E-06
     152       0     152  5.740E-07  9.526E-08  0.000E+00  3.067E-08  2.417E-06  1.654E-06  0.000E+00  1.406E-06
     153       0     153  5.437E-07  9.075E-08  0.000E+00  2.941E-08  2.285E-06  1.598E-06  0.000E+00  1.358E-06
     154       0     154  5.151E-07  8.649E-08  0.000E+00  2.821E-08  2.162E-06  1.544E-06  0.000E+00  1.312E-06
     155       0     155  4.881E-07  8.241E-08  0.000E+00  2.706E-08  2.044E-06  1.491E-06  0.000E+00  1.267E-06
     156       0     156  4.625E-07  7.853E-08  0.000E+00  2.597E-08  1.932E-06  1.440E-06  0.000E+00  1.223E-06
     157       0     157  4.383E-07  7.489E-08  0.000E+00  2.491E-08  1.824E-06  1.390E-06  0.000E+00  1.182E-06
     158       0     158  4.154E-07  7.139E-08  0.000E+00  2.390E-08  1.725E-06  1.342E-06  0.000E+00  1.141E-06
     159       0     159  3.937E-07  6.806E-08  0.000E+00  2.294E-08  1.632E-06  1.296E-06  0.000E+00  1.101E-06
     160       0     160  3.732E-07  6.487E-08  0.000E+00  2.202E-08  1.544E-06  1.252E-06  0.000E+00  1.063E-06
     161       0     161  3.539E-07  6.183E-08  0.000E+00  2.114E-08  1.463E-06  1.209E-06  0.000E+00  1.026E-06
     162       0     162  3.355E-07  5.894E-08  0.000E+00  2.029E-08  1.383E-06  1.167E-06  0.000E+00  9.898E-07
     163       0     163  3.181E-07  5.621E-08  0.000E+00  1.948E-08  1.327E-06  1.127E-06  0.000E+00  9.553E-07
     164       0     164  3.017E-07  5.359E-08  0.000E+00  1.870E-08  1.279E-06  1.087E-06  0.000E+00  9.219E-07
     165       0     165  2.862E-07  5.110E-08  0.000E+00  1.796E-08  1.234E-06  1.049E-06  0.000E+00  8.896E-07
     166       0     166  2.714E-07  4.874E-08  0.000E+00  1.725E-08  1.189E-06  1.012E-06  0.000E+00  8.586E-07
     167       0     167  2.575E-07  4.648E-08  0.000E+00  1.656E-08  1.146E-06  9.766E-07  0.000E+00  8.284E-07
     168       0     168  2.443E-07  4.434E-08  0.000E+00  1.590E-08  1.105E-06  9.423E-07  0.000E+00  7.991E-07
     169       0     169  2.319E-07  4.231E-08  0.000E+00  1.528E-08  1.065E-06  9.092E-07  0.000E+00  7.707E-07
     170       0     170  2.200E-07  4.036E-08  0.000E+00  1.467E-08  1.025E-06  8.769E-07  0.000E+00  7.434E-07
     171       0     171  2.089E-07  3.851E-08  0.000E+00  1.410E-08  9.884E-07  8.460E-07  0.000E+00  7.168E-07
