# vtk DataFile Version 2.0
Strain tensors for uniaxial loading of a cube.
ASCII
DATASET STRUCTURED_POINTS
DIMENSIONS 4 4 4
ORIGIN 0.0 0.0 0.0
SPACING 1.0 1.0 1.0

POINT_DATA 64
TENSORS strain double
0.014999999999999999445 0.0 0.0
0.0 -0.050000000000000002776 0.0
0.0 0.0 0.014999999999999999445

0.014999999999999999445 0.0 0.0
0.0 -0.050000000000000002776 0.0
0.0 0.0 0.014999999999999999445

0.014999999999999999445 0.0 0.0
0.0 -0.050000000000000002776 0.0
0.0 0.0 0.014999999999999999445

0.014999999999999999445 0.0 0.0
0.0 -0.050000000000000002776 0.0
0.0 0.0 0.014999999999999999445

0.014999999999999999445 0.0 0.0
0.0 -0.050000000000000002776 0.0
0.0 0.0 0.014999999999999999445

0.014999999999999999445 0.0 0.0
0.0 -0.050000000000000002776 0.0
0.0 0.0 0.014999999999999999445

0.014999999999999999445 0.0 0.0
0.0 -0.050000000000000002776 0.0
0.0 0.0 0.014999999999999999445

0.014999999999999999445 0.0 0.0
0.0 -0.050000000000000002776 0.0
0.0 0.0 0.014999999999999999445

0.014999999999999999445 0.0 0.0
0.0 -0.050000000000000002776 0.0
0.0 0.0 0.014999999999999999445

0.014999999999999999445 0.0 0.0
0.0 -0.050000000000000002776 0.0
0.0 0.0 0.014999999999999999445

0.014999999999999999445 0.0 0.0
0.0 -0.050000000000000002776 0.0
0.0 0.0 0.014999999999999999445

0.014999999999999999445 0.0 0.0
0.0 -0.050000000000000002776 0.0
0.0 0.0 0.014999999999999999445

0.014999999999999999445 0.0 0.0
0.0 -0.050000000000000002776 0.0
0.0 0.0 0.014999999999999999445

0.014999999999999999445 0.0 0.0
0.0 -0.050000000000000002776 0.0
0.0 0.0 0.014999999999999999445

0.014999999999999999445 0.0 0.0
0.0 -0.050000000000000002776 0.0
0.0 0.0 0.014999999999999999445

0.014999999999999999445 0.0 0.0
0.0 -0.050000000000000002776 0.0
0.0 0.0 0.014999999999999999445

0.014999999999999999445 0.0 0.0
0.0 -0.050000000000000002776 0.0
0.0 0.0 0.014999999999999999445

0.014999999999999999445 0.0 0.0
0.0 -0.050000000000000002776 0.0
0.0 0.0 0.014999999999999999445

0.014999999999999999445 0.0 0.0
0.0 -0.050000000000000002776 0.0
0.0 0.0 0.014999999999999999445

0.014999999999999999445 0.0 0.0
0.0 -0.050000000000000002776 0.0
0.0 0.0 0.014999999999999999445

0.014999999999999999445 0.0 0.0
0.0 -0.050000000000000002776 0.0
0.0 0.0 0.014999999999999999445

0.014999999999999999445 0.0 0.0
0.0 -0.050000000000000002776 0.0
0.0 0.0 0.014999999999999999445

0.014999999999999999445 0.0 0.0
0.0 -0.050000000000000002776 0.0
0.0 0.0 0.014999999999999999445

0.014999999999999999445 0.0 0.0
0.0 -0.050000000000000002776 0.0
0.0 0.0 0.014999999999999999445

0.014999999999999999445 0.0 0.0
0.0 -0.050000000000000002776 0.0
0.0 0.0 0.014999999999999999445

0.014999999999999999445 0.0 0.0
0.0 -0.050000000000000002776 0.0
0.0 0.0 0.014999999999999999445

0.014999999999999999445 0.0 0.0
0.0 -0.050000000000000002776 0.0
0.0 0.0 0.014999999999999999445

0.014999999999999999445 0.0 0.0
0.0 -0.050000000000000002776 0.0
0.0 0.0 0.014999999999999999445

0.014999999999999999445 0.0 0.0
0.0 -0.050000000000000002776 0.0
0.0 0.0 0.014999999999999999445

0.014999999999999999445 0.0 0.0
0.0 -0.050000000000000002776 0.0
0.0 0.0 0.014999999999999999445

0.014999999999999999445 0.0 0.0
0.0 -0.050000000000000002776 0.0
0.0 0.0 0.014999999999999999445

0.014999999999999999445 0.0 0.0
0.0 -0.050000000000000002776 0.0
0.0 0.0 0.014999999999999999445

0.014999999999999999445 0.0 0.0
0.0 -0.050000000000000002776 0.0
0.0 0.0 0.014999999999999999445

0.014999999999999999445 0.0 0.0
0.0 -0.050000000000000002776 0.0
0.0 0.0 0.014999999999999999445

0.014999999999999999445 0.0 0.0
0.0 -0.050000000000000002776 0.0
0.0 0.0 0.014999999999999999445

0.014999999999999999445 0.0 0.0
0.0 -0.050000000000000002776 0.0
0.0 0.0 0.014999999999999999445

0.014999999999999999445 0.0 0.0
0.0 -0.050000000000000002776 0.0
0.0 0.0 0.014999999999999999445

0.014999999999999999445 0.0 0.0
0.0 -0.050000000000000002776 0.0
0.0 0.0 0.014999999999999999445

0.014999999999999999445 0.0 0.0
0.0 -0.050000000000000002776 0.0
0.0 0.0 0.014999999999999999445

0.014999999999999999445 0.0 0.0
0.0 -0.050000000000000002776 0.0
0.0 0.0 0.014999999999999999445

0.014999999999999999445 0.0 0.0
0.0 -0.050000000000000002776 0.0
0.0 0.0 0.014999999999999999445

0.014999999999999999445 0.0 0.0
0.0 -0.050000000000000002776 0.0
0.0 0.0 0.014999999999999999445

0.014999999999999999445 0.0 0.0
0.0 -0.050000000000000002776 0.0
0.0 0.0 0.014999999999999999445

0.014999999999999999445 0.0 0.0
0.0 -0.050000000000000002776 0.0
0.0 0.0 0.014999999999999999445

0.014999999999999999445 0.0 0.0
0.0 -0.050000000000000002776 0.0
0.0 0.0 0.014999999999999999445

0.014999999999999999445 0.0 0.0
0.0 -0.050000000000000002776 0.0
0.0 0.0 0.014999999999999999445

0.014999999999999999445 0.0 0.0
0.0 -0.050000000000000002776 0.0
0.0 0.0 0.014999999999999999445

0.014999999999999999445 0.0 0.0
0.0 -0.050000000000000002776 0.0
0.0 0.0 0.014999999999999999445

0.014999999999999999445 0.0 0.0
0.0 -0.050000000000000002776 0.0
0.0 0.0 0.014999999999999999445

0.014999999999999999445 0.0 0.0
0.0 -0.050000000000000002776 0.0
0.0 0.0 0.014999999999999999445

0.014999999999999999445 0.0 0.0
0.0 -0.050000000000000002776 0.0
0.0 0.0 0.014999999999999999445

0.014999999999999999445 0.0 0.0
0.0 -0.050000000000000002776 0.0
0.0 0.0 0.014999999999999999445

0.014999999999999999445 0.0 0.0
0.0 -0.050000000000000002776 0.0
0.0 0.0 0.014999999999999999445

0.014999999999999999445 0.0 0.0
0.0 -0.050000000000000002776 0.0
0.0 0.0 0.014999999999999999445

0.014999999999999999445 0.0 0.0
0.0 -0.050000000000000002776 0.0
0.0 0.0 0.014999999999999999445

0.014999999999999999445 0.0 0.0
0.0 -0.050000000000000002776 0.0
0.0 0.0 0.014999999999999999445

0.014999999999999999445 0.0 0.0
0.0 -0.050000000000000002776 0.0
0.0 0.0 0.014999999999999999445

0.014999999999999999445 0.0 0.0
0.0 -0.050000000000000002776 0.0
0.0 0.0 0.014999999999999999445

0.014999999999999999445 0.0 0.0
0.0 -0.050000000000000002776 0.0
0.0 0.0 0.014999999999999999445

0.014999999999999999445 0.0 0.0
0.0 -0.050000000000000002776 0.0
0.0 0.0 0.014999999999999999445

0.014999999999999999445 0.0 0.0
0.0 -0.050000000000000002776 0.0
0.0 0.0 0.014999999999999999445

0.014999999999999999445 0.0 0.0
0.0 -0.050000000000000002776 0.0
0.0 0.0 0.014999999999999999445

0.014999999999999999445 0.0 0.0
0.0 -0.050000000000000002776 0.0
0.0 0.0 0.014999999999999999445

0.014999999999999999445 0.0 0.0
0.0 -0.050000000000000002776 0.0
0.0 0.0 0.014999999999999999445

