Label number,Volume (voxels),Integrated intensity,Centroid X (voxel),Centroid Y (voxel),Centroid Z (voxel),Weighted centroid X (voxel),Weighted centroid Y (voxel),Weighted centroid Z (voxel),Major axis length,Minor axis length,Eccentricity,Elongation,Orientation
0,6935,176046,49.5028118240808,51.3777937995674,0,49.5024766254274,51.7116378673756,0,125.019508361816,118.44017791748,0.320130188206983,1.05554986000061,2.39850560118466
1,624,143333,19.0080128205128,18.8990384615385,0,19.0021627957274,18.9043486147642,0,39.7635040283203,20.0226078033447,0.863970540706859,1.98593032360077,0.785025349526946
2,471,107676,73.9915074309979,23.9723991507431,0,74.0246944537316,23.9654054756863,0,29.7495441436768,20.1968059539795,0.734235696791273,1.47298264503479,2.59971172157294
3,317,72652,49,49,0,48.9909981831195,48.9832489126246,0,20.1350860595703,20.1350860595703,0,1,1.5707963267949
4,394,90176,74.0685279187817,73.9720812182741,0,74.0263484740951,73.9545998935415,0,50.0059013366699,10.1009674072266,0.979386449619028,4.95060539245605,0.349060807534033
5,341,77942,79,49,0,79.037245644197,48.9995381180878,0,35.7957153320312,12.7017059326172,0.934927531997725,2.81818175315857,0
6,314,72355,23.9458598726115,73.9426751592357,0,23.9778038836293,73.911948033999,0,40.1650505065918,10.0285339355469,0.96832760764247,4.00507688522339,2.35631426848916
7,231,53377,49,84,0,48.9957847012758,84.040841560972,0,24.2487106323242,12.7017059326172,0.851835419971138,1.90909087657928,1.5707963267949
8,222,50965,49.018018018018,18.9594594594595,0,49.0084371627588,18.9943294417738,0,29.7802791595459,9.55330848693848,0.947149289017376,3.11727380752563,1.57404284230882
9,151,34518,23.9205298013245,48.9602649006623,0,23.9582246943624,48.9665391969407,0,20.1757297515869,9.62526988983154,0.878864395768453,2.09612083435059,0
