 0.00000      0.0000000000     0.0000000000     0.0000000000     0.0000000000    0.0000000000     0.0000000000
 0.01000     -0.0000591580    -0.0000001297    -0.0001844500    -0.0000196010    0.0000000000    -0.0000030868
 0.02000     -0.0002758900    -0.0000005379    -0.0002764600    -0.0000368740   -0.0000000001    -0.0000113710
 0.03000     -0.0005954800    -0.0000011683    -0.0004081100    -0.0000490290   -0.0000000001    -0.0000100190
 0.04000     -0.0009119500    -0.0000019646    -0.0004917600    -0.0000600760    0.0000000000    -0.0000071567
 0.05000     -0.0010702000    -0.0000030365    -0.0004551700    -0.0000841820    0.0000000000    -0.0000062862
 0.06000     -0.0011008000    -0.0000044651    -0.0003602600    -0.0001073800   -0.0000000003    -0.0000241360
 0.07000     -0.0013415000    -0.0000060616    -0.0004612100    -0.0001149300   -0.0000000006    -0.0000389670
 0.08000     -0.0016240000    -0.0000077257    -0.0006138900    -0.0001241100   -0.0000000010    -0.0000540460
 0.09000     -0.0018202000    -0.0000095606    -0.0007128900    -0.0001410000   -0.0000000012    -0.0000627330
 0.10000     -0.0019376000    -0.0000116440    -0.0007920500    -0.0001563200   -0.0000000010    -0.0000627580
 0.11000     -0.0019876000    -0.0000139010    -0.0008378300    -0.0001623900   -0.0000000005    -0.0000556460
 0.12000     -0.0020539000    -0.0000162010    -0.0008731700    -0.0001614400    0.0000000000    -0.0000483480
 0.13000     -0.0021069000    -0.0000184300    -0.0008855000    -0.0001520600   -0.0000000003    -0.0000496450
 0.14000     -0.0021230000    -0.0000204820    -0.0008891300    -0.0001399800   -0.0000000010    -0.0000532920
 0.15000     -0.0021017000    -0.0000223430    -0.0008896200    -0.0001285800   -0.0000000022    -0.0000630100
 0.16000     -0.0020923000    -0.0000239990    -0.0008970300    -0.0001162900   -0.0000000029    -0.0000660170
 0.17000     -0.0021213000    -0.0000255090    -0.0009100300    -0.0001061500   -0.0000000020    -0.0000535990
 0.18000     -0.0021439000    -0.0000268240    -0.0009180300    -0.0000856210   -0.0000000012    -0.0000404480
 0.19000     -0.0021770000    -0.0000278410    -0.0009309100    -0.0000612390    0.0000000006    -0.0000169800
 0.20000     -0.0022005000    -0.0000285370    -0.0009456500    -0.0000348600    0.0000000013    -0.0000020020
 0.21000     -0.0022400000    -0.0000288720    -0.0009674100    -0.0000108510    0.0000000006     0.0000010661
 0.22000     -0.0022802000    -0.0000288610    -0.0009816300     0.0000129620    0.0000000005     0.0000079721
 0.23000     -0.0023024000    -0.0000285360    -0.0009964600     0.0000339630   -0.0000000001     0.0000112730
 0.24000     -0.0023280000    -0.0000279080    -0.0010143000     0.0000545390    0.0000000012     0.0000278820
 0.25000     -0.0023496000    -0.0000270300    -0.0010237000     0.0000771510    0.0000000022     0.0000438340
 0.26000     -0.0023686000    -0.0000258760    -0.0010360000     0.0000947740    0.0000000036     0.0000611750
 0.27000     -0.0023800000    -0.0000244660    -0.0010423000     0.0001167600    0.0000000041     0.0000730130
 0.28000     -0.0023890000    -0.0000228370    -0.0010595000     0.0001290100    0.0000000039     0.0000749280
 0.29000     -0.0023881000    -0.0000210070    -0.0010692000     0.0001397500    0.0000000034     0.0000717150
 0.30000     -0.0023922000    -0.0000190530    -0.0010947000     0.0001448400    0.0000000027     0.0000650810
 0.31000     -0.0023900000    -0.0000170080    -0.0011205000     0.0001501600    0.0000000026     0.0000651820
 0.32000     -0.0023816000    -0.0000149300    -0.0011532000     0.0001508700    0.0000000023     0.0000616540
 0.33000     -0.0023798000    -0.0000128480    -0.0012047000     0.0001472000    0.0000000024     0.0000613790
 0.34000     -0.0023652000    -0.0000108180    -0.0012611000     0.0001434700    0.0000000023     0.0000599530
 0.35000     -0.0023480000    -0.0000088863    -0.0013375000     0.0001342500    0.0000000018     0.0000478570
 0.36000     -0.0023222000    -0.0000070982    -0.0014196000     0.0001206700    0.0000000015     0.0000387330
 0.37000     -0.0022810000    -0.0000054979    -0.0015222000     0.0001018700    0.0000000011     0.0000254020
 0.38000     -0.0022445000    -0.0000041428    -0.0016433000     0.0000839220    0.0000000008     0.0000145840
 0.39000     -0.0021948000    -0.0000030842    -0.0017774000     0.0000626420    0.0000000005     0.0000064326
 0.40000     -0.0021358000    -0.0000023279    -0.0019345000     0.0000393980    0.0000000003    -0.0000009874
 0.41000     -0.0020596000    -0.0000019054    -0.0021045000     0.0000166280    0.0000000000    -0.0000091723
 0.42000     -0.0019801000    -0.0000017986    -0.0023008000    -0.0000082254   -0.0000000002    -0.0000234580
 0.43000     -0.0018923000    -0.0000020247    -0.0025204000    -0.0000307210   -0.0000000004    -0.0000309080
 0.44000     -0.0017824000    -0.0000025806    -0.0027589000    -0.0000549080   -0.0000000005    -0.0000405370
 0.45000     -0.0016690000    -0.0000034609    -0.0030185000    -0.0000757440   -0.0000000006    -0.0000464770
 0.46000     -0.0015352000    -0.0000046520    -0.0033032000    -0.0000954980   -0.0000000006    -0.0000523370
 0.47000     -0.0013847000    -0.0000061073    -0.0036116000    -0.0001131300   -0.0000000007    -0.0000590980
 0.48000     -0.0012210000    -0.0000077944    -0.0039442000    -0.0001254000   -0.0000000006    -0.0000584840
 0.49000     -0.0010415000    -0.0000096512    -0.0043069000    -0.0001360900   -0.0000000004    -0.0000589640
 0.50000     -0.0008337700    -0.0000116340    -0.0046885000    -0.0001400100   -0.0000000001    -0.0000540290
 0.51000     -0.0006162600    -0.0000137140    -0.0051028000    -0.0001435200    0.0000000001    -0.0000512890
 0.52000     -0.0003768300    -0.0000158320    -0.0055360000    -0.0001441400    0.0000000003    -0.0000485030
 0.53000     -0.0001084300    -0.0000179530    -0.0059960000    -0.0001400200    0.0000000008    -0.0000408150
 0.54000      0.0001835500    -0.0000200340    -0.0064817000    -0.0001355100    0.0000000011    -0.0000349070
 0.55000      0.0004983700    -0.0000220280    -0.0069893000    -0.0001244200    0.0000000018    -0.0000232330
 0.56000      0.0008403200    -0.0000239010    -0.0075274000    -0.0001121700    0.0000000024    -0.0000134020
 0.57000      0.0012104000    -0.0000255980    -0.0080896000    -0.0000990200    0.0000000028    -0.0000053435
 0.58000      0.0016080000    -0.0000270880    -0.0086732000    -0.0000815970    0.0000000034     0.0000055813
 0.59000      0.0020361000    -0.0000283370    -0.0092873000    -0.0000625330    0.0000000039     0.0000150780
 0.60000      0.0024939000    -0.0000293250    -0.0099182000    -0.0000421770    0.0000000047     0.0000267020
 0.61000      0.0029781000    -0.0000300350    -0.0105800000    -0.0000225520    0.0000000056     0.0000392400
 0.62000      0.0035092000    -0.0000304570    -0.0112610000    -0.0000046140    0.0000000058     0.0000451890
 0.63000      0.0040582000    -0.0000305790    -0.0119650000     0.0000166900    0.0000000063     0.0000528670
 0.64000      0.0046347000    -0.0000304150    -0.0126980000     0.0000383920   -0.0047444000     0.0000591210
 0.65000      0.0050518000    -0.0000299170    -0.0135960000     0.0000569000   -0.1465200000     0.0000766420
 0.66000      0.0055007000    -0.0000290390    -0.0145390000     0.0000774120   -0.4289800000     0.0001164000
 0.67000      0.0059817000    -0.0000278120    -0.0154970000     0.0000973320   -0.7212100000     0.0001512000
 0.68000      0.0065052000    -0.0000262530    -0.0164770000     0.0001224700   -0.5365400000     0.0001209200
 0.69000      0.0070750000    -0.0000243610    -0.0174860000     0.0001408300   -0.1331100000     0.0000703300
 0.70000      0.0076827000    -0.0000222170    -0.0185260000     0.0001505200   -0.1093900000     0.0000657250
 0.71000      0.0083595000    -0.0000199420    -0.0195760000     0.0001552000   -0.1598600000     0.0000674710
 0.72000      0.0090674000    -0.0000176160    -0.0206420000     0.0001545400    0.0818910000     0.0000463060
 0.73000      0.0098375000    -0.0000152660    -0.0217250000     0.0001472200    0.5607600000     0.0000195440
 0.74000      0.0106800000    -0.0000129220    -0.0228170000     0.0001386200    0.7334300000     0.0000112290
 0.75000      0.0115650000    -0.0000106080    -0.0239220000     0.0001283600    0.9089500000    -0.0000018370
 0.76000      0.0125170000    -0.0000083532    -0.0250260000     0.0001144900    1.0794000000    -0.0000143610
 0.77000      0.0135320000    -0.0000062208    -0.0261320000     0.0000988240    1.2652000000    -0.0000227190
 0.78000      0.0146140000    -0.0000042887    -0.0272420000     0.0000829940    1.3217000000    -0.0000254820
 0.79000      0.0157620000    -0.0000026045    -0.0283410000     0.0000624590    1.4441000000    -0.0000251050
 0.80000      0.0169830000    -0.0000012064    -0.0294210000     0.0000435060    1.5139000000    -0.0000222670
 0.81000      0.0182560000    -0.0000001240    -0.0305000000     0.0000298130    1.4730000000    -0.0000220990
 0.82000      0.0196120000     0.0000006867    -0.0315580000     0.0000145510    1.5748000000    -0.0000299620
 0.83000      0.0210730000     0.0000012035    -0.0325830000    -0.0000016606    1.4940000000    -0.0000344150
 0.84000      0.0225560000     0.0000013762    -0.0335650000    -0.0000168410    1.3650000000    -0.0000422320
 0.85000      0.0241430000     0.0000011663    -0.0345090000    -0.0000336520    1.3870000000    -0.0000588380
 0.86000      0.0258070000     0.0000005550    -0.0354160000    -0.0000516580    1.3161000000    -0.0000645610
 0.87000      0.0275340000    -0.0000004444    -0.0362630000    -0.0000638270    1.2582000000    -0.0000727610
 0.88000      0.0293320000    -0.0000017290    -0.0370570000    -0.0000717350    1.2872000000    -0.0000758960
 0.89000      0.0312120000    -0.0000032196    -0.0377830000    -0.0000746040    1.2182000000    -0.0000888960
 0.90000      0.0331460000    -0.0000048847    -0.0384440000    -0.0000767560    1.2172000000    -0.0000979520
 0.91000      0.0351620000    -0.0000066862    -0.0390160000    -0.0000778820    1.2258000000    -0.0001116000
 0.92000      0.0372040000    -0.0000086117    -0.0394700000    -0.0000723700    1.2271000000    -0.0001200000
 0.93000      0.0393850000    -0.0000106100    -0.0398600000    -0.0000753350    1.2041000000    -0.0001132200
 0.94000      0.0415570000    -0.0000128220    -0.0401610000    -0.0000806990    1.1375000000    -0.0001193200
 0.95000      0.0437510000    -0.0000151300    -0.0403720000    -0.0000803250    1.0545000000    -0.0001083000
 0.96000      0.0460360000    -0.0000174090    -0.0404660000    -0.0000765800    1.0254000000    -0.0000964500
 0.97000      0.0483530000    -0.0000196590    -0.0404440000    -0.0000701930    0.9855900000    -0.0000876640
 0.98000      0.0506850000    -0.0000217580    -0.0403070000    -0.0000668470    0.9350800000    -0.0000770990
 0.99000      0.0530510000    -0.0000237230    -0.0400370000    -0.0000562440    0.8944500000    -0.0000739920
 1.00000      0.0554320000    -0.0000254870    -0.0396430000    -0.0000510250    0.8419700000    -0.0000647460
 1.01000      0.0577970000    -0.0000268900    -0.0391010000    -0.0000309350    0.7515100000    -0.0000450750
 1.02000      0.0602340000    -0.0000280180    -0.0384300000    -0.0000234690    0.7114200000    -0.0000359350
 1.03000      0.0625920000    -0.0000287080    -0.0376310000     0.0000053389    0.5824800000    -0.0000323900
 1.04000      0.0649170000    -0.0000287690    -0.0367040000     0.0000301380    0.4638900000    -0.0000031308
 1.05000      0.0672570000    -0.0000282210    -0.0356110000     0.0000581470    0.4099800000     0.0000139280
 1.06000      0.0695400000    -0.0000271590    -0.0343820000     0.0000779380    0.2605100000     0.0000331250
 1.07000      0.0717730000    -0.0000256870    -0.0330240000     0.0000911960    0.1774400000     0.0000358400
 1.08000      0.0739440000    -0.0000238370    -0.0315130000     0.0001145100    0.0892930000     0.0000291860
 1.09000      0.0760350000    -0.0000216650    -0.0298410000     0.0001271800   -0.0814900000     0.0000339340
 1.10000      0.0780970000    -0.0000191430    -0.0280620000     0.0001436500   -0.4854300000     0.0000416880
 1.11000      0.0799980000    -0.0000162650    -0.0261820000     0.0001618900   -0.4925000000     0.0000375460
 1.12000      0.0818170000    -0.0000132590    -0.0241700000     0.0001706000   -0.4861900000     0.0000392870
 1.13000      0.0835650000    -0.0000101540    -0.0220090000     0.0001666400   -0.6106600000     0.0000380950
 1.14000      0.0851900000    -0.0000071487    -0.0197730000     0.0001679000   -0.6536800000     0.0000322840
 1.15000      0.0867350000    -0.0000042515    -0.0174740000     0.0001615600   -0.6536300000     0.0000062805
 1.16000      0.0881360000    -0.0000015173    -0.0150430000     0.0001540500   -0.6535700000    -0.0000121980
 1.17000      0.0894680000     0.0000009737    -0.0125200000     0.0001462300   -0.6535200000    -0.0000428360
 1.18000      0.0907820000     0.0000031700    -0.0100890000     0.0001284400   -0.6534600000    -0.0000635640
 1.19000      0.0920910000     0.0000050545    -0.0076261000     0.0001099600   -0.6534100000    -0.0000633040
 1.20000      0.0933470000     0.0000065546    -0.0050642000     0.0000831700   -0.6533500000    -0.0000766840
 1.21000      0.0945190000     0.0000076876    -0.0024623000     0.0000642490   -0.6533000000    -0.0000743020
 1.22000      0.0956690000     0.0000084801     0.0001286600     0.0000372410   -0.6532400000    -0.0000779180
 1.23000      0.0967440000     0.0000087156     0.0028084000    -0.0000110300   -0.6531900000    -0.0000663340
 1.24000      0.0978920000     0.0000083084     0.0054637000    -0.0000464440   -0.6531300000    -0.0000861500
 1.25000      0.0990910000     0.0000074081     0.0079912000    -0.0000788730   -0.6530800000    -0.0000849200
 1.26000      0.1002700000     0.0000061321     0.0105660000    -0.0001036800   -0.6530200000    -0.0000774010
 1.27000      0.1014100000     0.0000045033     0.0132120000    -0.0001327500   -0.6529700000    -0.0000769440
 1.28000      0.1025200000     0.0000026112     0.0158520000    -0.0001556600   -0.6529100000    -0.0000503360
 1.29000      0.1036800000     0.0000003786     0.0184460000    -0.0001937900   -0.6528600000    -0.0000399300
 1.30000      0.1049300000    -0.0000023088     0.0210820000    -0.0002280800   -0.6528000000    -0.0000356820
 1.31000      0.1062900000    -0.0000052834     0.0236070000    -0.0002379300   -0.6527500000    -0.0000436060
 1.32000      0.1076000000    -0.0000083733     0.0260760000    -0.0002539900   -0.6526900000    -0.0000330880
 1.33000      0.1088300000    -0.0000114210     0.0286490000    -0.0002542400   -0.6526400000    -0.0000063874
 1.34000      0.1100300000    -0.0000144370     0.0312620000    -0.0002650400   -0.6525800000     0.0000125800
 1.35000      0.1112600000    -0.0000173430     0.0338360000    -0.0002666400   -0.6525300000     0.0000438210
 1.36000      0.1125800000    -0.0000202280     0.0363640000    -0.0002701000   -0.6524700000     0.0000583910
 1.37000      0.1140700000    -0.0000229590     0.0388910000    -0.0002556000   -0.6524200000     0.0000537560
 1.38000      0.1155600000    -0.0000254580     0.0413060000    -0.0002307800   -0.6523600000     0.0000619270
 1.39000      0.1169300000    -0.0000275290     0.0437620000    -0.0002040400   -0.6523100000     0.0000817910
 1.40000      0.1182200000    -0.0000291030     0.0463180000    -0.0001840800   -0.6522600000     0.0001122100
 1.41000      0.1195000000    -0.0000304240     0.0488780000    -0.0001717900   -0.6522000000     0.0001323500
 1.42000      0.1208300000    -0.0000313790     0.0513890000    -0.0001496400   -0.6521500000     0.0001555900
 1.43000      0.1223000000    -0.0000319420     0.0538750000    -0.0001060100   -0.6520900000     0.0001745100
