ImageNumber, col#, row#, Focus, Xposition, Yposition
0,0,0,2181, 61601.002, 52090.002
0,1,0,2180.75, 61842.75, 52090.002
0,2,0,2180.5, 62084.25, 52090.002
0,0,1,2181, 61600.502, 52271.502
0,1,1,2180.75, 61843.002, 52271.502
0,2,1,2180.75, 62084.25, 52271.502
0,0,2,2181, 61600.502, 52452.002
0,1,2,2181, 61842.502, 52452.002
0,2,2,2180.75, 62084.25, 52452.002
1,0,0,2179.5, 61601.002, 52090.002
1,1,0,2179.5, 61843.002, 52090.002
1,2,0,2179.25, 62084.502, 52090.002
1,0,1,2179.25, 61600.502, 52271.502
1,1,1,2179.25, 61843.002, 52271.502
1,2,1,2179.25, 62084.25, 52271.502
1,0,2,2179.5, 61600.25, 52452.002
1,1,2,2179.5, 61843.002, 52452.002
1,2,2,2179.25, 62084.25, 52452.002
2,0,0,2183.75, 61601.002, 52090.002
2,1,0,2183.5, 61843.002, 52090.002
2,2,0,2183.5, 62084.502, 52090.002
2,0,1,2183.5, 61600.75, 52271.002
2,1,1,2183.25, 61843.002, 52271.002
2,2,1,2183.5, 62084.25, 52271.002
2,0,2,2183.5, 61600.502, 52452.25
2,1,2,2183.5, 61843.002, 52452.25
2,2,2,2183.5, 62084.25, 52452.25
3,0,0,2180.5, 61601.002, 52090.002
3,1,0,2180.75, 61843.002, 52090.002
3,2,0,2181, 62084.002, 52090.002
3,0,1,2180.5, 61600.75, 52271.002
3,1,1,2180.5, 61842.75, 52271.002
3,2,1,2181, 62084.25, 52271.002
3,0,2,2183, 61600.75, 52451.75
3,1,2,2169, 61842.75, 52451.75
3,2,2,2169, 62084.25, 52451.75
4,0,0,2171, 61601.002, 52090.002
4,1,0,2171.25, 61842.75, 52090.002
4,2,0,2171.5, 62084.502, 52090.002
4,0,1,2171, 61600.75, 52270.75
4,1,1,2171.25, 61842.75, 52270.75
4,2,1,2171.5, 62084.25, 52270.75
4,0,2,2171.5, 61600.502, 52452.25
4,1,2,2171.75, 61843.002, 52452.25
4,2,2,2172, 62084.502, 52452.25
5,0,0,2176, 61601.002, 52090.002
5,1,0,2176.25, 61842.75, 52090.002
5,2,0,2176.5, 62084.502, 52090.002
5,0,1,2176, 61600.502, 52270.75
5,1,1,2176.25, 61842.75, 52270.75
5,2,1,2176.75, 62084.25, 52270.75
5,0,2,2176.75, 61600.25, 52452.002
5,1,2,2177, 61843.002, 52452.002
5,2,2,2177.25, 62084.25, 52452.002
6,0,0,2179, 61601.002, 52090.002
6,1,0,2179.25, 61842.502, 52090.002
6,2,0,2179.5, 62084.002, 52090.002
6,0,1,2179.25, 61600.502, 52270.75
6,1,1,2179.5, 61843.002, 52270.75
6,2,1,2179.75, 62084.25, 52270.75
6,0,2,2179.75, 61600.502, 52452.25
6,1,2,2180.25, 61843.002, 52452.25
6,2,2,2180.5, 62084.25, 52452.25
7,0,0,2180.25, 61601.002, 52090.002
7,1,0,2180.75, 61843.002, 52090.002
7,2,0,2181, 62084.25, 52090.002
7,0,1,2180.75, 61600.75, 52271.002
7,1,1,2181.25, 61843.002, 52271.002
7,2,1,2181.25, 62084.25, 52271.002
7,0,2,2181.5, 61600.75, 52452.002
7,1,2,2182, 61842.75, 52452.002
7,2,2,2182, 62084.25, 52452.002
8,0,0,2183.25, 61601.002, 52090.002
8,1,0,2183.5, 61843.002, 52090.002
8,2,0,2183.75, 62084.502, 52090.002
8,0,1,2183.5, 61600.502, 52271.002
8,1,1,2183.75, 61843.002, 52271.002
8,2,1,2184, 62084.002, 52271.002
8,0,2,2184.25, 61600.75, 52452.002
8,1,2,2184.5, 61842.75, 52452.002
8,2,2,2184.75, 62084.25, 52452.002
9,0,0,2187.25, 61601.002, 52090.002
9,1,0,2187.75, 61843.002, 52090.002
9,2,0,2188, 62084.502, 52090.002
9,0,1,2187.75, 61600.502, 52271.25
9,1,1,2188.25, 61843.002, 52271.25
9,2,1,2188.25, 62084.502, 52271.25
9,0,2,2188.5, 61600.75, 52452.25
9,1,2,2188.75, 61843.002, 52452.25
9,2,2,2189, 62084.502, 52452.25
10,0,0,2190.25, 61601.002, 52090.002
10,1,0,2190.5, 61843.002, 52090.002
10,2,0,2190.75, 62084.25, 52090.002
10,0,1,2190.5, 61600.502, 52271.25
10,1,1,2191, 61842.75, 52271.25
10,2,1,2191.25, 62084.25, 52271.25
10,0,2,2191.25, 61600.502, 52452.002
10,1,2,2191.75, 61843.002, 52452.002
10,2,2,2191.75, 62084.002, 52452.002
11,0,0,2194.75, 61601.002, 52090.002
11,1,0,2195, 61843.002, 52090.002
11,2,0,2195.25, 62084.502, 52090.002
11,0,1,2194.75, 61600.502, 52271.25
11,1,1,2195.5, 61843.002, 52271.25
11,2,1,2195.75, 62084.502, 52271.25
11,0,2,2195.75, 61600.502, 52452.002
11,1,2,2196.25, 61843.002, 52452.002
11,2,2,2196.25, 62084.25, 52452.002
12,0,0,2198.25, 61601.002, 52090.002
12,1,0,2198.5, 61843.002, 52090.002
12,2,0,2198.75, 62084.502, 52090.002
12,0,1,2198.5, 61600.502, 52271.25
12,1,1,2199, 61842.75, 52271.25
12,2,1,2199, 62084.502, 52271.25
12,0,2,2199, 61600.502, 52452.25
12,1,2,2199.5, 61843.002, 52452.25
12,2,2,2199.75, 62084.502, 52452.25
13,0,0,2202, 61601.002, 52090.002
13,1,0,2202.25, 61843.002, 52090.002
13,2,0,2203, 62084.25, 52090.002
13,0,1,2202.25, 61600.502, 52271.25
13,1,1,2202.75, 61843.002, 52271.25
13,2,1,2203.25, 62084.25, 52271.25
13,0,2,2203, 61600.502, 52452.25
13,1,2,2203.25, 61843.002, 52452.25
13,2,2,2203.75, 62084.502, 52452.25
14,0,0,2205, 61601.002, 52090.002
14,1,0,2205.5, 61843.002, 52090.002
14,2,0,2205.75, 62084.502, 52090.002
14,0,1,2205.5, 61600.75, 52270.75
14,1,1,2205.75, 61843.002, 52270.75
14,2,1,2206, 62084.25, 52270.75
14,0,2,2205.75, 61600.75, 52452.25
14,1,2,2206.25, 61843.002, 52452.25
14,2,2,2206.5, 62084.502, 52452.25
15,0,0,2210, 61601.002, 52090.002
15,1,0,2210.5, 61842.75, 52090.002
15,2,0,2211, 62084.502, 52090.002
15,0,1,2210.5, 61600.502, 52271.502
15,1,1,2211, 61843.002, 52271.502
15,2,1,2211.25, 62084.502, 52271.502
15,0,2,2210.75, 61600.502, 52452.25
15,1,2,2211.25, 61843.002, 52452.25
15,2,2,2211.5, 62084.25, 52452.25
16,0,0,2213.5, 61601.002, 52090.002
16,1,0,2214, 61842.75, 52090.002
16,2,0,2214.5, 62084.502, 52090.002
16,0,1,2214, 61600.502, 52270.75
16,1,1,2214.5, 61843.002, 52270.75
16,2,1,2214.75, 62084.502, 52270.75
16,0,2,2214.75, 61600.75, 52452.25
16,1,2,2215.25, 61843.002, 52452.25
16,2,2,2215.5, 62084.502, 52452.25
17,0,0,2217.75, 61601.002, 52090.002
17,1,0,2218.25, 61842.75, 52090.002
17,2,0,2218.5, 62084.502, 52090.002
17,0,1,2218.25, 61600.25, 52271.002
17,1,1,2218.5, 61842.75, 52271.002
17,2,1,2218.75, 62084.502, 52271.002
17,0,2,2218.75, 61600.75, 52452.25
17,1,2,2219.25, 61843.002, 52452.25
17,2,2,2219.5, 62084.502, 52452.25
18,0,0,2221.25, 61601.002, 52090.002
18,1,0,2221.75, 61842.75, 52090.002
18,2,0,2222.25, 62084.502, 52090.002
18,0,1,2222, 61600.75, 52271.002
18,1,1,2222.5, 61842.75, 52271.002
18,2,1,2223, 62084.502, 52271.002
18,0,2,2222.5, 61600.502, 52452.25
18,1,2,2223, 61842.75, 52452.25
18,2,2,2223.25, 62084.502, 52452.25
19,0,0,2226.25, 61601.002, 52090.002
19,1,0,2226.75, 61842.75, 52090.002
19,2,0,2227, 62084.502, 52090.002
19,0,1,2227, 61600.502, 52271.502
19,1,1,2227.5, 61843.002, 52271.502
19,2,1,2228, 62084.502, 52271.502
19,0,2,2227.5, 61600.75, 52452.25
19,1,2,2228, 61842.75, 52452.25
19,2,2,2228.25, 62084.502, 52452.25
20,0,0,2228.75, 61601.002, 52090.002
20,1,0,2229.25, 61842.75, 52090.002
20,2,0,2229.75, 62084.25, 52090.002
20,0,1,2229.5, 61600.75, 52271.002
20,1,1,2230, 61842.75, 52271.002
20,2,1,2230.5, 62084.502, 52271.002
20,0,2,2230, 61600.502, 52452.502
20,1,2,2230.5, 61842.75, 52452.502
20,2,2,2230.75, 62084.75, 52452.502
21,0,0,2234, 61601.002, 52090.002
21,1,0,2234.5, 61842.75, 52090.002
21,2,0,2234.75, 62084.502, 52090.002
21,0,1,2234.75, 61600.502, 52271.002
21,1,1,2235.5, 61842.75, 52271.002
21,2,1,2235.75, 62084.75, 52271.002
21,0,2,2235.25, 61600.502, 52452.002
21,1,2,2235.75, 61843.002, 52452.002
21,2,2,2236, 62084.25, 52452.002
22,0,0,2239.5, 61601.002, 52090.002
22,1,0,2240.25, 61842.75, 52090.002
22,2,0,2240.5, 62084.25, 52090.002
22,0,1,2240.75, 61600.75, 52271.002
22,1,1,2241.25, 61842.75, 52271.002
22,2,1,2241.25, 62084.502, 52271.002
22,0,2,2240.75, 61600.75, 52452.002
22,1,2,2241.25, 61843.002, 52452.002
22,2,2,2241.5, 62084.25, 52452.002
23,0,0,2243.75, 61601.002, 52090.002
23,1,0,2244.25, 61843.002, 52090.002
23,2,0,2244.5, 62084.502, 52090.002
23,0,1,2244.5, 61600.502, 52271.002
23,1,1,2245, 61842.75, 52271.002
23,2,1,2245.5, 62084.502, 52271.002
23,0,2,2244.75, 61601.002, 52452.25
23,1,2,2245.25, 61842.75, 52452.25
23,2,2,2245.75, 62084.502, 52452.25
24,0,0,2247.5, 61601.002, 52090.002
24,1,0,2248.25, 61842.75, 52090.002
24,2,0,2248.5, 62084.502, 52090.002
24,0,1,2248, 61600.75, 52271.002
24,1,1,2248.75, 61842.75, 52271.002
24,2,1,2249, 62084.502, 52271.002
24,0,2,2248.25, 61600.75, 52452.502
24,1,2,2249, 61842.75, 52452.502
24,2,2,2249.25, 62084.25, 52452.502
25,0,0,2252.75, 61601.002, 52090.002
25,1,0,2253.25, 61843.002, 52090.002
25,2,0,2253.5, 62084.25, 52090.002
25,0,1,2253.25, 61600.502, 52271.002
25,1,1,2253.75, 61843.002, 52271.002
25,2,1,2254, 62084.502, 52271.002
25,0,2,2253.5, 61600.502, 52452.25
25,1,2,2254, 61843.002, 52452.25
25,2,2,2254.25, 62084.25, 52452.25
26,0,0,2257.75, 61601.002, 52090.002
26,1,0,2258.25, 61843.002, 52090.002
26,2,0,2258.5, 62084.502, 52090.002
26,0,1,2258.5, 61600.502, 52271.502
26,1,1,2258.75, 61843.002, 52271.502
26,2,1,2259.25, 62084.502, 52271.502
26,0,2,2258.75, 61600.75, 52452.25
26,1,2,2259.25, 61842.75, 52452.25
26,2,2,2259.5, 62084.502, 52452.25
27,0,0,2263.75, 61601.002, 52090.002
27,1,0,2263.75, 61843.002, 52090.002
27,2,0,2264, 62084.25, 52090.002
27,0,1,2264, 61600.75, 52271.502
27,1,1,2264.25, 61842.75, 52271.502
27,2,1,2264.5, 62084.25, 52271.502
27,0,2,2264, 61600.502, 52452.002
27,1,2,2264.5, 61842.75, 52452.002
27,2,2,2264.5, 62084.75, 52452.002
28,0,0,2268, 61601.002, 52090.002
28,1,0,2268.25, 61843.002, 52090.002
28,2,0,2268.5, 62084.002, 52090.002
28,0,1,2268.25, 61600.502, 52271.002
28,1,1,2268.5, 61843.002, 52271.002
28,2,1,2269, 62084.002, 52271.002
28,0,2,2268.5, 61600.502, 52451.75
28,1,2,2268.75, 61842.75, 52451.75
28,2,2,2269, 62084.25, 52451.75
29,0,0,2271.75, 61601.002, 52090.002
29,1,0,2272, 61842.75, 52090.002
29,2,0,2272.25, 62084.002, 52090.002
29,0,1,2272, 61600.75, 52270.75
29,1,1,2272.5, 61842.75, 52270.75
29,2,1,2272.75, 62084.002, 52270.75
29,0,2,2272.25, 61600.502, 52452.002
29,1,2,2272.75, 61843.002, 52452.002
29,2,2,2273, 62084.25, 52452.002
30,0,0,2277.25, 61601.002, 52090.002
30,1,0,2277.75, 61843.002, 52090.002
30,2,0,2278, 62084.502, 52090.002
30,0,1,2277.75, 61600.75, 52271.502
30,1,1,2278.25, 61842.502, 52271.502
30,2,1,2278.5, 62084.502, 52271.502
30,0,2,2278, 61600.75, 52452.25
30,1,2,2278.5, 61842.75, 52452.25
30,2,2,2278.75, 62084.502, 52452.25
31,0,0,2281.75, 61601.002, 52090.002
31,1,0,2282.25, 61843.002, 52090.002
31,2,0,2282.5, 62084.502, 52090.002
31,0,1,2282.25, 61600.502, 52271.002
31,1,1,2283, 61843.002, 52271.002
31,2,1,2283, 62084.002, 52271.002
31,0,2,2282.75, 61600.502, 52452.25
31,1,2,2283.25, 61842.75, 52452.25
31,2,2,2283.25, 62084.25, 52452.25
32,0,0,2286.75, 61601.002, 52090.002
32,1,0,2286.75, 61843.002, 52090.002
32,2,0,2287, 62084.25, 52090.002
32,0,1,2287, 61600.502, 52271.002
32,1,1,2287.5, 61843.002, 52271.002
32,2,1,2287.5, 62084.25, 52271.002
32,0,2,2287.25, 61600.502, 52452.25
32,1,2,2287.75, 61843.002, 52452.25
32,2,2,2288, 62084.25, 52452.25
33,0,0,2290, 61601.002, 52090.002
33,1,0,2290.25, 61843.002, 52090.002
33,2,0,2290.5, 62084.25, 52090.002
33,0,1,2290.5, 61600.502, 52271.002
33,1,1,2290.75, 61843.002, 52271.002
33,2,1,2291, 62084.25, 52271.002
33,0,2,2290.75, 61600.502, 52452.002
33,1,2,2291, 61843.002, 52452.002
33,2,2,2291.25, 62084.25, 52452.002
34,0,0,2294.75, 61601.002, 52090.002
34,1,0,2295.25, 61842.75, 52090.002
34,2,0,2295.5, 62084.002, 52090.002
34,0,1,2295.25, 61600.75, 52271.002
34,1,1,2295.75, 61842.75, 52271.002
34,2,1,2296, 62084.502, 52271.002
34,0,2,2295.75, 61600.75, 52452.25
34,1,2,2296, 61843.002, 52452.25
34,2,2,2296.25, 62084.002, 52452.25
35,0,0,2300.5, 61601.002, 52090.002
35,1,0,2300.75, 61843.002, 52090.002
35,2,0,2301, 62084.25, 52090.002
35,0,1,2301, 61600.75, 52271.25
35,1,1,2301.25, 61843.002, 52271.25
35,2,1,2301.75, 62084.25, 52271.25
35,0,2,2301.25, 61600.502, 52452.002
35,1,2,2301.75, 61842.502, 52452.002
35,2,2,2301.75, 62084.25, 52452.002
36,0,0,2304.25, 61601.002, 52090.002
36,1,0,2304.75, 61842.502, 52090.002
36,2,0,2305, 62084.502, 52090.002
36,0,1,2305, 61600.502, 52270.75
36,1,1,2305.5, 61842.75, 52270.75
36,2,1,2305.75, 62084.502, 52270.75
36,0,2,2305.5, 61600.75, 52452.25
36,1,2,2305.75, 61843.002, 52452.25
36,2,2,2306, 62084.25, 52452.25
37,0,0,2308.75, 61601.002, 52090.002
37,1,0,2309, 61843.002, 52090.002
37,2,0,2309.25, 62084.502, 52090.002
37,0,1,2309, 61600.502, 52271.002
37,1,1,2309.5, 61843.002, 52271.002
37,2,1,2309.75, 62084.25, 52271.002
37,0,2,2309.5, 61600.502, 52451.75
37,1,2,2310, 61843.002, 52451.75
37,2,2,2310.25, 62084.502, 52451.75
38,0,0,2313.5, 61601.002, 52090.002
38,1,0,2314, 61843.002, 52090.002
38,2,0,2314.25, 62084.502, 52090.002
38,0,1,2314, 61600.502, 52271.502
38,1,1,2314.25, 61843.002, 52271.502
38,2,1,2314.5, 62084.25, 52271.502
38,0,2,2314.5, 61600.75, 52452.25
38,1,2,2315, 61843.002, 52452.25
38,2,2,2315.25, 62084.502, 52452.25
39,0,0,2317.5, 61601.002, 52090.002
39,1,0,2318, 61842.75, 52090.002
39,2,0,2318.25, 62084.502, 52090.002
39,0,1,2318, 61600.502, 52271.002
39,1,1,2318.5, 61843.002, 52271.002
39,2,1,2318.75, 62084.25, 52271.002
39,0,2,2318.5, 61600.25, 52452.25
39,1,2,2319, 61843.002, 52452.25
39,2,2,2319.25, 62084.25, 52452.25
40,0,0,2322.25, 61601.002, 52090.002
40,1,0,2322.75, 61843.002, 52090.002
40,2,0,2323, 62084.002, 52090.002
40,0,1,2323, 61600.75, 52271.002
40,1,1,2323.25, 61843.002, 52271.002
40,2,1,2323.5, 62084.25, 52271.002
40,0,2,2323.25, 61600.75, 52452.25
40,1,2,2323.75, 61843.002, 52452.25
40,2,2,2324, 62084.502, 52452.25
41,0,0,2327, 61601.002, 52090.002
41,1,0,2327.5, 61842.75, 52090.002
41,2,0,2327.75, 62084.502, 52090.002
41,0,1,2327.75, 61600.502, 52271.002
41,1,1,2328.25, 61843.002, 52271.002
41,2,1,2328.5, 62084.002, 52271.002
41,0,2,2328, 61600.75, 52452.502
41,1,2,2328.5, 61843.002, 52452.502
41,2,2,2328.75, 62084.25, 52452.502
42,0,0,2332.75, 61601.002, 52090.002
42,1,0,2333.25, 61842.75, 52090.002
42,2,0,2333.5, 62084.502, 52090.002
42,0,1,2333.5, 61600.75, 52271.002
42,1,1,2334, 61843.002, 52271.002
42,2,1,2334.25, 62084.25, 52271.002
42,0,2,2334, 61600.502, 52452.502
42,1,2,2334.25, 61843.002, 52452.502
42,2,2,2334.5, 62084.502, 52452.502
43,0,0,2336.75, 61601.002, 52090.002
43,1,0,2337, 61843.002, 52090.002
43,2,0,2337.25, 62084.25, 52090.002
43,0,1,2337.25, 61600.75, 52271.002
43,1,1,2337.75, 61842.75, 52271.002
43,2,1,2338, 62084.25, 52271.002
43,0,2,2337.75, 61600.502, 52452.25
43,1,2,2338.25, 61843.002, 52452.25
43,2,2,2338.5, 62084.002, 52452.25
44,0,0,2343, 61601.002, 52090.002
44,1,0,2343.25, 61843.002, 52090.002
44,2,0,2343.75, 62084.502, 52090.002
44,0,1,2343.75, 61601.002, 52270.75
44,1,1,2344, 61843.002, 52270.75
44,2,1,2344.25, 62084.502, 52270.75
44,0,2,2343.75, 61600.502, 52452.25
44,1,2,2344.25, 61843.002, 52452.25
44,2,2,2344.5, 62084.502, 52452.25
45,0,0,2346.75, 61601.002, 52090.002
45,1,0,2347.25, 61843.002, 52090.002
45,2,0,2347.75, 62084.25, 52090.002
45,0,1,2347.25, 61600.502, 52271.002
45,1,1,2347.75, 61842.502, 52271.002
45,2,1,2348.25, 62084.25, 52271.002
45,0,2,2347.5, 61600.502, 52452.502
45,1,2,2348, 61843.002, 52452.502
45,2,2,2348.25, 62084.25, 52452.502
46,0,0,2350.5, 61601.002, 52090.002
46,1,0,2351, 61843.002, 52090.002
46,2,0,2351.5, 62084.002, 52090.002
46,0,1,2351, 61600.75, 52271.25
46,1,1,2351.5, 61843.002, 52271.25
46,2,1,2351.75, 62084.002, 52271.25
46,0,2,2351, 61600.75, 52452.25
46,1,2,2351.5, 61842.75, 52452.25
46,2,2,2352, 62084.25, 52452.25
47,0,0,2356.25, 61601.002, 52090.002
47,1,0,2356.75, 61843.002, 52090.002
47,2,0,2357, 62084.25, 52090.002
47,0,1,2356.5, 61600.75, 52271.25
47,1,1,2356.75, 61843.002, 52271.25
47,2,1,2357, 62084.25, 52271.25
47,0,2,2356.75, 61601.002, 52452.25
47,1,2,2357, 61843.002, 52452.25
47,2,2,2357.25, 62084.002, 52452.25
48,0,0,2360.5, 61601.002, 52090.002
48,1,0,2360.75, 61843.002, 52090.002
48,2,0,2361.25, 62084.002, 52090.002
48,0,1,2361, 61600.75, 52271.002
48,1,1,2361.5, 61843.002, 52271.002
48,2,1,2361.75, 62084.502, 52271.002
48,0,2,2361.25, 61600.502, 52452.25
48,1,2,2361.5, 61842.502, 52452.25
48,2,2,2361.75, 62084.25, 52452.25
49,0,0,2366.75, 61601.002, 52090.002
49,1,0,2367, 61842.75, 52090.002
49,2,0,2367.5, 62084.502, 52090.002
49,0,1,2366.75, 61600.75, 52271.502
49,1,1,2367.25, 61843.002, 52271.502
49,2,1,2367.75, 62084.25, 52271.502
49,0,2,2367, 61600.75, 52452.25
49,1,2,2367.25, 61843.002, 52452.25
49,2,2,2367.75, 62084.502, 52452.25
50,0,0,2371.5, 61601.002, 52090.002
50,1,0,2371.75, 61843.002, 52090.002
50,2,0,2372, 62084.502, 52090.002
50,0,1,2371.75, 61600.502, 52271.25
50,1,1,2372.25, 61843.002, 52271.25
50,2,1,2372.5, 62084.502, 52271.25
50,0,2,2371.75, 61600.75, 52452.002
50,1,2,2372, 61843.002, 52452.002
50,2,2,2372.25, 62084.502, 52452.002
51,0,0,2376.75, 61601.002, 52090.002
51,1,0,2377.25, 61843.002, 52090.002
51,2,0,2377.75, 62084.25, 52090.002
51,0,1,2377, 61600.25, 52271.002
51,1,1,2377.5, 61842.75, 52271.002
51,2,1,2378, 62084.25, 52271.002
51,0,2,2377, 61600.75, 52452.25
51,1,2,2377.5, 61843.002, 52452.25
51,2,2,2378, 62084.25, 52452.25
52,0,0,2381.25, 61601.002, 52090.002
52,1,0,2381.75, 61843.002, 52090.002
52,2,0,2382, 62084.002, 52090.002
52,0,1,2381.5, 61601.002, 52271.002
52,1,1,2382, 61843.002, 52271.002
52,2,1,2382.25, 62084.002, 52271.002
52,0,2,2381.25, 61600.502, 52452.002
52,1,2,2381.75, 61843.002, 52452.002
52,2,2,2382, 62084.002, 52452.002
53,0,0,2386.5, 61601.002, 52090.002
53,1,0,2387, 61842.75, 52090.002
53,2,0,2387.25, 62084.25, 52090.002
53,0,1,2386.75, 61600.502, 52270.75
53,1,1,2387, 61842.75, 52270.75
53,2,1,2387.5, 62084.25, 52270.75
53,0,2,2386.5, 61600.502, 52452.502
53,1,2,2386.75, 61842.75, 52452.502
53,2,2,2387, 62084.75, 52452.502
54,0,0,2391.75, 61601.002, 52090.002
54,1,0,2392.25, 61842.75, 52090.002
54,2,0,2392.5, 62084.502, 52090.002
54,0,1,2391.75, 61600.502, 52271.002
54,1,1,2392.25, 61842.75, 52271.002
54,2,1,2392.75, 62084.502, 52271.002
54,0,2,2391.75, 61600.502, 52452.002
54,1,2,2392.25, 61842.75, 52452.002
54,2,2,2392.5, 62084.502, 52452.002
55,0,0,2395, 61601.002, 52090.002
55,1,0,2395.5, 61842.75, 52090.002
55,2,0,2395.75, 62084.75, 52090.002
55,0,1,2395, 61600.502, 52271.25
55,1,1,2395.5, 61843.002, 52271.25
55,2,1,2395.75, 62084.502, 52271.25
55,0,2,2395, 61600.75, 52452.002
55,1,2,2395.75, 61842.75, 52452.002
55,2,2,2395.75, 62084.75, 52452.002
56,0,0,2401.25, 61601.002, 52090.002
56,1,0,2402, 61842.75, 52090.002
56,2,0,2402.25, 62084.502, 52090.002
56,0,1,2401.5, 61600.502, 52271.002
56,1,1,2402, 61843.002, 52271.002
56,2,1,2402.25, 62084.502, 52271.002
56,0,2,2401.75, 61600.75, 52452.002
56,1,2,2402.25, 61842.75, 52452.002
56,2,2,2402.5, 62084.502, 52452.002
57,0,0,2405.5, 61601.002, 52090.002
57,1,0,2406.25, 61842.75, 52090.002
57,2,0,2406.5, 62084.25, 52090.002
57,0,1,2405.75, 61600.502, 52271.002
57,1,1,2406.25, 61842.75, 52271.002
57,2,1,2406.75, 62084.75, 52271.002
57,0,2,2406, 61600.75, 52452.002
57,1,2,2406.5, 61842.75, 52452.002
57,2,2,2406.75, 62084.002, 52452.002
58,0,0,2411, 61601.002, 52090.002
58,1,0,2411.5, 61842.75, 52090.002
58,2,0,2411.75, 62084.25, 52090.002
58,0,1,2411, 61600.75, 52271.25
58,1,1,2411.75, 61842.75, 52271.25
58,2,1,2411.75, 62084.25, 52271.25
58,0,2,2411, 61600.75, 52452.002
58,1,2,2411.75, 61842.75, 52452.002
58,2,2,2412, 62084.502, 52452.002
59,0,0,2415.25, 61601.002, 52090.002
59,1,0,2415.75, 61842.75, 52090.002
59,2,0,2416, 62084.25, 52090.002
59,0,1,2415.5, 61600.75, 52271.25
59,1,1,2416, 61843.002, 52271.25
59,2,1,2416.25, 62084.502, 52271.25
59,0,2,2415.5, 61600.75, 52451.75
59,1,2,2416, 61842.75, 52451.75
59,2,2,2416.25, 62084.502, 52451.75
60,0,0,2419.5, 61601.002, 52090.002
60,1,0,2420.25, 61843.002, 52090.002
60,2,0,2420.5, 62084.502, 52090.002
60,0,1,2419.5, 61600.502, 52271.25
60,1,1,2420.25, 61843.002, 52271.25
60,2,1,2420.75, 62084.75, 52271.25
60,0,2,2419.75, 61600.75, 52452.002
60,1,2,2420.25, 61843.002, 52452.002
60,2,2,2420.75, 62084.502, 52452.002
61,0,0,2427, 61601.002, 52090.002
61,1,0,2427.5, 61842.75, 52090.002
61,2,0,2428, 62084.502, 52090.002
61,0,1,2427.25, 61600.75, 52271.002
61,1,1,2427.75, 61842.75, 52271.002
61,2,1,2428, 62084.502, 52271.002
61,0,2,2427, 61600.75, 52452.25
61,1,2,2427.5, 61843.002, 52452.25
61,2,2,2428, 62084.502, 52452.25
62,0,0,2428.75, 61601.002, 52090.002
62,1,0,2429.5, 61842.75, 52090.002
62,2,0,2429.75, 62084.25, 52090.002
62,0,1,2429.25, 61600.502, 52271.002
62,1,1,2429.75, 61842.75, 52271.002
62,2,1,2430, 62084.25, 52271.002
62,0,2,2429, 61600.502, 52451.75
62,1,2,2429.25, 61842.75, 52451.75
62,2,2,2429.75, 62084.502, 52451.75
