 0.00000      0.000000000     0.000000000     0.000000000     0.000000000      0.000000000     0.000000000
 0.01000     -0.000109510    -0.000000115    -0.000207120    -0.000019605     -0.062868000    -0.000003055
 0.02000     -0.000508670    -0.000000471    -0.000382290    -0.000036944     -0.134300000    -0.000011067
 0.03000     -0.001108200    -0.000001023    -0.000644560    -0.000049259     -0.192190000    -0.000009062
 0.04000     -0.001846000    -0.000001726    -0.000931820    -0.000060632     -0.314710000    -0.000004523
 0.05000     -0.002524400    -0.000002680    -0.001158500    -0.000084945     -0.360620000    -0.000001651
 0.06000     -0.003083200    -0.000003944    -0.001344800    -0.000108360     -0.327840000    -0.000017925
 0.07000     -0.003709900    -0.000005340    -0.001660400    -0.000115950     -0.202200000    -0.000033714
 0.08000     -0.004318900    -0.000006781    -0.002000800    -0.000125310     -0.150250000    -0.000049022
 0.09000     -0.004717500    -0.000008358    -0.002219100    -0.000141400     -0.034111000    -0.000061309
 0.10000     -0.004888200    -0.000010155    -0.002330300    -0.000155810      0.032439000    -0.000064416
 0.11000     -0.004933000    -0.000012110    -0.002373200    -0.000161990      0.020426000    -0.000056894
 0.12000     -0.005011200    -0.000014112    -0.002415700    -0.000161470     -0.001446000    -0.000048245
 0.13000     -0.005088700    -0.000016055    -0.002442900    -0.000151610      0.017234000    -0.000051045
 0.14000     -0.005031600    -0.000017835    -0.002402900    -0.000137140      0.098558000    -0.000062206
 0.15000     -0.004862700    -0.000019431    -0.002316300    -0.000125350      0.099381000    -0.000072836
 0.16000     -0.004757300    -0.000020836    -0.002267700    -0.000114170      0.057903000    -0.000072191
 0.17000     -0.004761300    -0.000022119    -0.002266300    -0.000105810      0.008237600    -0.000054534
 0.18000     -0.004792800    -0.000023242    -0.002279500    -0.000085489      0.003058400    -0.000040814
 0.19000     -0.004832200    -0.000024118    -0.002296100    -0.000061595     -0.007967000    -0.000015991
 0.20000     -0.004864300    -0.000024735    -0.002315800    -0.000035195     -0.007310000    -0.000001071
 0.21000     -0.004932600    -0.000025038    -0.002354400    -0.000011923     -0.023374000     0.000004075
 0.22000     -0.005001100    -0.000025034    -0.002385000     0.000012418     -0.011964000     0.000009509
 0.23000     -0.005045000    -0.000024754    -0.002412600     0.000033360     -0.013384000     0.000012976
 0.24000     -0.005072600    -0.000024216    -0.002431500     0.000054797      0.005920700     0.000027146
 0.25000     -0.005101400    -0.000023469    -0.002445200     0.000076897     -0.006113800     0.000044569
 0.26000     -0.005113400    -0.000022499    -0.002453400     0.000094791      0.000458760     0.000061122
 0.27000     -0.005114700    -0.000021316    -0.002453800     0.000117130      0.010979000     0.000071821
 0.28000     -0.005098100    -0.000019943    -0.002456100     0.000129600      0.020316000     0.000072882
 0.29000     -0.005073500    -0.000018389    -0.002451900     0.000140400      0.026314000     0.000069289
 0.30000     -0.005054800    -0.000016719    -0.002464200     0.000145010      0.008625400     0.000064370
 0.31000     -0.005030300    -0.000014960    -0.002477000     0.000150410      0.014963000     0.000064078
 0.32000     -0.005013600    -0.000013170    -0.002504900     0.000150880      0.000501950     0.000061623
 0.33000     -0.004997300    -0.000011379    -0.002547900     0.000147280      0.010256000     0.000060816
 0.34000     -0.004977000    -0.000009630    -0.002601000     0.000143520      0.011913000     0.000059407
 0.35000     -0.004957100    -0.000007961    -0.002675900     0.000134240     -0.009272100     0.000048201
 0.36000     -0.004921900    -0.000006409    -0.002752600     0.000120670      0.003351200     0.000038639
 0.37000     -0.004873500    -0.000005010    -0.002851100     0.000101830      0.011577000     0.000025149
 0.38000     -0.004837500    -0.000003819    -0.002972400     0.000083968     -0.010171000     0.000014747
 0.39000     -0.004786000    -0.000002881    -0.003105500     0.000062606      0.006099100     0.000006362
 0.40000     -0.004721800    -0.000002205    -0.003259500     0.000039333      0.010348000    -0.000001076
 0.41000     -0.004645900    -0.000001818    -0.003429800     0.000016577      0.009802900    -0.000009237
 0.42000     -0.004558500    -0.000001702    -0.003621600    -0.000008224     -0.000082474    -0.000023459
 0.43000     -0.004463500    -0.000001875    -0.003837100    -0.000030735      0.006142200    -0.000030953
 0.44000     -0.004351800    -0.000002332    -0.004074500    -0.000054913      0.004646400    -0.000040585
 0.45000     -0.004236500    -0.000003069    -0.004333100    -0.000075735      0.005189500    -0.000046552
 0.46000     -0.004102700    -0.000004077    -0.004617900    -0.000095444      0.009392200    -0.000052524
 0.47000     -0.003952600    -0.000005321    -0.004926600    -0.000113010      0.013443000    -0.000059457
 0.48000     -0.003798600    -0.000006770    -0.005264700    -0.000125300      0.007657800    -0.000058754
 0.49000     -0.003620100    -0.000008371    -0.005628100    -0.000135960      0.007869800    -0.000059304
 0.50000     -0.003414100    -0.000010089    -0.006010700    -0.000139730      0.014425000    -0.000054759
 0.51000     -0.003204000    -0.000011896    -0.006429400    -0.000143490      0.001195800    -0.000051361
 0.52000     -0.002970000    -0.000013745    -0.006865900    -0.000144080      0.001939300    -0.000048631
 0.53000     -0.002707300    -0.000015607    -0.007329200    -0.000139920      0.003575600    -0.000041092
 0.54000     -0.002420500    -0.000017442    -0.007817900    -0.000135890     -0.011746000    -0.000033891
 0.55000     -0.002108900    -0.000019210    -0.008327600    -0.000124210      0.006191300    -0.000023816
 0.56000     -0.001772300    -0.000020880    -0.008868800    -0.000112130      0.000742480    -0.000013468
 0.57000     -0.001411900    -0.000022404    -0.009436800    -0.000099214     -0.005481500    -0.000004746
 0.58000     -0.001030500    -0.000023756    -0.010030000    -0.000081591      0.000130540     0.000005565
 0.59000     -0.000623200    -0.000024904    -0.010656000    -0.000062840     -0.009005600     0.000016132
 0.60000     -0.000194890    -0.000025832    -0.011304000    -0.000042794     -0.018593000     0.000028975
 0.61000      0.000256340    -0.000026524    -0.011986000    -0.000023115     -0.018045000     0.000041502
 0.62000      0.000739090    -0.000026965    -0.012695000    -0.000005205     -0.020656000     0.000047771
 0.63000      0.001233600    -0.000027148    -0.013431000     0.000015904     -0.031134000     0.000056738
 0.64000      0.001745200    -0.000027078    -0.014202000     0.000038408     -0.004161200     0.000059044
 0.65000      0.002075800    -0.000026715    -0.015154000     0.000059074     -0.026935000     0.000062283
 0.66000      0.002375100    -0.000026019    -0.016189000     0.000082884     -0.040732000     0.000071592
 0.67000      0.002680800    -0.000025010    -0.017256000     0.000103900     -0.054641000     0.000078230
 0.68000      0.003031800    -0.000023703    -0.018346000     0.000125140     -0.052406000     0.000071404
 0.69000      0.003445400    -0.000022082    -0.019456000     0.000140980     -0.037567000     0.000061363
 0.70000      0.003914900    -0.000020225    -0.020587000     0.000150340     -0.026550000     0.000058708
 0.71000      0.004472300    -0.000018241    -0.021718000     0.000154390     -0.012456000     0.000056406
 0.72000      0.005088600    -0.000016205    -0.022846000     0.000155250      0.003061700     0.000051445
 0.73000      0.005768600    -0.000014142    -0.023993000     0.000154010      0.002265900     0.000050616
 0.74000      0.006499200    -0.000012078    -0.025163000     0.000150070     -0.019070000     0.000045904
 0.75000      0.007270400    -0.000010025    -0.026349000     0.000145030     -0.037845000     0.000033030
 0.76000      0.008098500    -0.000008008    -0.027541000     0.000135860     -0.038451000     0.000016936
 0.77000      0.008971000    -0.000006081    -0.028750000     0.000124470     -0.040262000     0.000003179
 0.78000      0.009885600    -0.000004318    -0.029982000     0.000109840     -0.061202000    -0.000008083
 0.79000      0.010838000    -0.000002771    -0.031225000     0.000090970     -0.081743000    -0.000015412
 0.80000      0.011827000    -0.000001475    -0.032479000     0.000072284     -0.123080000    -0.000020184
 0.81000      0.012797000    -0.000000458    -0.033792000     0.000055278     -0.118770000    -0.000026183
 0.82000      0.013542000     0.000000319    -0.035354000     0.000039574     -0.216900000    -0.000039523
 0.83000      0.014349000     0.000000840    -0.036949000     0.000018290     -0.244270000    -0.000046579
 0.84000      0.015197000     0.000001061    -0.038527000    -0.000003454     -0.217620000    -0.000053902
 0.85000      0.016172000     0.000000952    -0.040094000    -0.000026540     -0.191770000    -0.000068796
 0.86000      0.017237000     0.000000478    -0.041658000    -0.000051286     -0.195410000    -0.000070346
 0.87000      0.018376000    -0.000000353    -0.043198000    -0.000069905     -0.198640000    -0.000072753
 0.88000      0.019603000    -0.000001450    -0.044724000    -0.000084735     -0.207370000    -0.000068721
 0.89000      0.020924000    -0.000002742    -0.046223000    -0.000093852     -0.232060000    -0.000074019
 0.90000      0.022307000    -0.000004199    -0.047706000    -0.000102950     -0.233780000    -0.000074358
 0.91000      0.023788000    -0.000005784    -0.049145000    -0.000112710     -0.275990000    -0.000077536
 0.92000      0.025158000    -0.000007493    -0.050681000    -0.000128090     -0.729900000    -0.000062355
 0.93000      0.026656000    -0.000009295    -0.052235000    -0.000141040     -0.769770000    -0.000041419
 0.94000      0.028202000    -0.000011325    -0.053724000    -0.000152750     -0.774460000    -0.000035331
 0.95000      0.029823000    -0.000013479    -0.055166000    -0.000156100     -0.772010000    -0.000013748
 0.96000      0.031579000    -0.000015654    -0.056556000    -0.000157630     -0.801500000     0.000012150
 0.97000      0.033427000    -0.000017853    -0.057867000    -0.000152950     -0.811610000     0.000032771
 0.98000      0.035354000    -0.000019951    -0.059101000    -0.000148010     -0.794980000     0.000050995
 0.99000      0.037380000    -0.000021955    -0.060253000    -0.000138910     -0.853270000     0.000066975
 1.00000      0.039492000    -0.000023809    -0.061315000    -0.000130580     -0.851880000     0.000082028
 1.01000      0.041646000    -0.000025342    -0.062250000    -0.000107330     -0.908520000     0.000106610
 1.02000      0.043962000    -0.000026649    -0.063102000    -0.000093399     -0.869690000     0.000114800
 1.03000      0.046287000    -0.000027534    -0.063835000    -0.000056801     -0.881100000     0.000110760
 1.04000      0.048663000    -0.000027811    -0.064463000    -0.000024110     -0.881000000     0.000128760
 1.05000      0.051142000    -0.000027500    -0.064946000     0.000009136     -0.901170000     0.000140270
 1.06000      0.053655000    -0.000026678    -0.065290000     0.000037860     -0.925990000     0.000143250
 1.07000      0.056209000    -0.000025430    -0.065494000     0.000058518     -0.904650000     0.000131030
 1.08000      0.058791000    -0.000023746    -0.065536000     0.000087837     -0.876710000     0.000108060
 1.09000      0.061398000    -0.000021699    -0.065411000     0.000105600     -0.927890000     0.000096673
 1.10000      0.064060000    -0.000019234    -0.065156000     0.000132460     -0.944350000     0.000071584
 1.11000      0.066644000    -0.000016351    -0.064759000     0.000151060     -0.949270000     0.000062515
 1.12000      0.069243000    -0.000013309    -0.064206000     0.000160290     -0.937610000     0.000058919
 1.13000      0.071861000    -0.000010138    -0.063464000     0.000159150     -0.957180000     0.000049192
 1.14000      0.074422000    -0.000007034    -0.062577000     0.000161010     -0.990360000     0.000039258
 1.15000      0.076939000    -0.000003992    -0.061529000     0.000155660     -0.951060000     0.000009126
 1.16000      0.079386000    -0.000001081    -0.060304000     0.000147200     -0.997050000    -0.000012622
 1.17000      0.081833000     0.000001631    -0.058929000     0.000139670     -0.958340000    -0.000046350
 1.18000      0.084122000     0.000004069    -0.057438000     0.000121760     -0.929610000    -0.000069411
 1.19000      0.086338000     0.000006191    -0.055798000     0.000101720     -0.955530000    -0.000072288
 1.20000      0.088500000     0.000007902    -0.053996000     0.000073761     -0.966200000    -0.000088244
 1.21000      0.090549000     0.000009225    -0.052074000     0.000055167     -0.925910000    -0.000085982
 1.22000      0.092492000     0.000010169    -0.050054000     0.000029667     -0.862490000    -0.000087866
 1.23000      0.094296000     0.000010494    -0.047877000    -0.000020889     -0.907970000    -0.000079063
 1.24000      0.096055000     0.000010113    -0.045622000    -0.000051019     -0.763840000    -0.000091644
 1.25000      0.097701000     0.000009196    -0.043370000    -0.000075265     -0.572590000    -0.000081091
 1.26000      0.099291000     0.000007855    -0.041028000    -0.000097298     -0.520720000    -0.000071628
 1.27000      0.100800000     0.000006113    -0.038581000    -0.000123670     -0.475730000    -0.000070166
 1.28000      0.102200000     0.000004067    -0.036091000    -0.000142690     -0.412350000    -0.000042809
 1.29000      0.103530000     0.000001617    -0.033586000    -0.000173930     -0.295290000    -0.000031834
 1.30000      0.104750000    -0.000001333    -0.030947000    -0.000202890     -0.212800000    -0.000030547
 1.31000      0.106010000    -0.000004597    -0.028377000    -0.000205830     -0.113040000    -0.000043987
 1.32000      0.107270000    -0.000007985    -0.025882000    -0.000221030     -0.124560000    -0.000040318
 1.33000      0.108510000    -0.000011353    -0.023308000    -0.000219070     -0.106510000    -0.000021135
 1.34000      0.109670000    -0.000014709    -0.020678000    -0.000226890     -0.071368000    -0.000011109
 1.35000      0.110810000    -0.000017965    -0.018062000    -0.000224720     -0.015408000     0.000009005
 1.36000      0.111960000    -0.000021214    -0.015447000    -0.000218920      0.134390000     0.000004088
 1.37000      0.113150000    -0.000024276    -0.012778000    -0.000202330      0.173500000    -0.000014692
 1.38000      0.114430000    -0.000027074    -0.010255000    -0.000181340      0.111700000    -0.000011094
 1.39000      0.115660000    -0.000029414    -0.007733700    -0.000158620      0.052522000     0.000006617
 1.40000      0.116850000    -0.000031235    -0.005118500    -0.000138070      0.080385000     0.000027155
 1.41000      0.118000000    -0.000032796    -0.002492400    -0.000126800      0.095451000     0.000039009
 1.42000      0.119180000    -0.000033978     0.000090851    -0.000106040      0.123270000     0.000052870
 1.43000      0.120480000    -0.000034736     0.002671200    -0.000062144      0.200780000     0.000056286
