 0.000000      0.0000000000      0.0000000000      0.0000000000      0.0000000000      0.0000000000      0.0000000000
 0.010000     -0.0001229800     -0.0000001097     -0.0002132000     -0.0000196010      0.0000000000     -0.0000030872
 0.020000     -0.0005771600     -0.0000004492     -0.0004134200     -0.0000368740     -0.0000000001     -0.0000113710
 0.030000     -0.0012655000     -0.0000009747     -0.0007170700     -0.0000490290     -0.0000000001     -0.0000100190
 0.040000     -0.0021411000     -0.0000016460     -0.0010707000     -0.0000600760      0.0000000000     -0.0000071567
 0.050000     -0.0030044000     -0.0000025606     -0.0013908000     -0.0000841820      0.0000000000     -0.0000062862
 0.060000     -0.0037572000     -0.0000037708     -0.0016807000     -0.0001073800     -0.0000000003     -0.0000241360
 0.070000     -0.0045080000     -0.0000050983     -0.0020655000     -0.0001149300     -0.0000000006     -0.0000389670
 0.080000     -0.0052068000     -0.0000064650     -0.0024576000     -0.0001241100     -0.0000000010     -0.0000540460
 0.090000     -0.0056544000     -0.0000079565     -0.0027046000     -0.0001410000     -0.0000000012     -0.0000627330
 0.100000     -0.0058241000     -0.0000096560     -0.0028152000     -0.0001563200     -0.0000000010     -0.0000627580
 0.110000     -0.0058537000     -0.0000115110     -0.0028491000     -0.0001623900     -0.0000000005     -0.0000556460
 0.120000     -0.0059250000     -0.0000134130     -0.0028876000     -0.0001614400      0.0000000000     -0.0000483480
 0.130000     -0.0060018000     -0.0000152610     -0.0029144000     -0.0001520600     -0.0000000003     -0.0000496440
 0.140000     -0.0059133000     -0.0000169480     -0.0028561000     -0.0001399800     -0.0000000010     -0.0000532920
 0.150000     -0.0056877000     -0.0000184560     -0.0027367000     -0.0001285800     -0.0000000022     -0.0000630100
 0.160000     -0.0055431000     -0.0000197760     -0.0026658000     -0.0001162900     -0.0000000029     -0.0000660170
 0.170000     -0.0055319000     -0.0000209830     -0.0026559000     -0.0001061500     -0.0000000020     -0.0000535990
 0.180000     -0.0055644000     -0.0000220420     -0.0026697000     -0.0000856210     -0.0000000012     -0.0000404480
 0.190000     -0.0056058000     -0.0000228730     -0.0026873000     -0.0000612380      0.0000000006     -0.0000169790
 0.200000     -0.0056424000     -0.0000234630     -0.0027096000     -0.0000348600      0.0000000013     -0.0000020018
 0.210000     -0.0057212000     -0.0000237530     -0.0027541000     -0.0000108510      0.0000000006      0.0000010661
 0.220000     -0.0058010000     -0.0000237530     -0.0027912000      0.0000129620      0.0000000005      0.0000079721
 0.230000     -0.0058534000     -0.0000234880     -0.0028235000      0.0000339630     -0.0000000001      0.0000112730
 0.240000     -0.0058829000     -0.0000229800     -0.0028435000      0.0000545390      0.0000000012      0.0000278820
 0.250000     -0.0059135000     -0.0000222780     -0.0028582000      0.0000771500      0.0000000022      0.0000438330
 0.260000     -0.0059230000     -0.0000213690     -0.0028651000      0.0000947740      0.0000000036      0.0000611750
 0.270000     -0.0059204000     -0.0000202610     -0.0028632000      0.0001167600      0.0000000041      0.0000730130
 0.280000     -0.0058940000     -0.0000189730     -0.0028599000      0.0001290100      0.0000000039      0.0000749280
 0.290000     -0.0058610000     -0.0000175100     -0.0028511000      0.0001397500      0.0000000034      0.0000717150
 0.300000     -0.0058328000     -0.0000159360     -0.0028579000      0.0001448400      0.0000000027      0.0000650810
 0.310000     -0.0058004000     -0.0000142740     -0.0028663000      0.0001501600      0.0000000026      0.0000651820
 0.320000     -0.0057803000     -0.0000125800     -0.0028922000      0.0001508700      0.0000000023      0.0000616530
 0.330000     -0.0057591000     -0.0000108850     -0.0029325000      0.0001472000      0.0000000024      0.0000613790
 0.340000     -0.0057373000     -0.0000092306     -0.0029847000      0.0001434600      0.0000000023      0.0000599520
 0.350000     -0.0057158000     -0.0000076494     -0.0030587000      0.0001342500      0.0000000018      0.0000478580
 0.360000     -0.0056780000     -0.0000061760     -0.0031339000      0.0001206700      0.0000000015      0.0000387320
 0.370000     -0.0056276000     -0.0000048447     -0.0032314000      0.0001018700      0.0000000011      0.0000254030
 0.380000     -0.0055904000     -0.0000037079     -0.0033520000      0.0000839180      0.0000000008      0.0000145820
 0.390000     -0.0055383000     -0.0000028114     -0.0034848000      0.0000626390      0.0000000005      0.0000064318
 0.400000     -0.0054721000     -0.0000021620     -0.0036377000      0.0000393930      0.0000000003     -0.0000009870
 0.410000     -0.0053950000     -0.0000017862     -0.0038073000      0.0000166290      0.0000000000     -0.0000091720
 0.420000     -0.0053035000     -0.0000016689     -0.0039967000     -0.0000082248     -0.0000000002     -0.0000234580
 0.430000     -0.0052045000     -0.0000018234     -0.0042100000     -0.0000307190     -0.0000000004     -0.0000309080
 0.440000     -0.0050899000     -0.0000022469     -0.0044458000     -0.0000549110     -0.0000000005     -0.0000405370
 0.450000     -0.0049726000     -0.0000029373     -0.0047033000     -0.0000757470     -0.0000000006     -0.0000464760
 0.460000     -0.0048372000     -0.0000038843     -0.0049872000     -0.0000954960     -0.0000000006     -0.0000523370
 0.470000     -0.0046856000     -0.0000050564     -0.0052950000     -0.0001131300     -0.0000000007     -0.0000590980
 0.480000     -0.0045327000     -0.0000064268     -0.0056338000     -0.0001254000     -0.0000000006     -0.0000584840
 0.490000     -0.0043525000     -0.0000079432     -0.0059962000     -0.0001360900     -0.0000000004     -0.0000589640
 0.500000     -0.0041455000     -0.0000095711     -0.0063783000     -0.0001400100     -0.0000000001     -0.0000540290
 0.510000     -0.0039348000     -0.0000112870     -0.0067966000     -0.0001435200      0.0000000001     -0.0000512890
 0.520000     -0.0037003000     -0.0000130470     -0.0072328000     -0.0001441400      0.0000000003     -0.0000485030
 0.530000     -0.0034376000     -0.0000148210     -0.0076962000     -0.0001400200      0.0000000008     -0.0000408150
 0.540000     -0.0031496000     -0.0000165740     -0.0081842000     -0.0001355100      0.0000000011     -0.0000349070
 0.550000     -0.0028369000     -0.0000182660     -0.0086933000     -0.0001244200      0.0000000018     -0.0000232330
 0.560000     -0.0024996000     -0.0000198680     -0.0092341000     -0.0001121700      0.0000000024     -0.0000134010
 0.570000     -0.0021398000     -0.0000213330     -0.0098024000     -0.0000990200      0.0000000028     -0.0000053434
 0.580000     -0.0017610000     -0.0000226390     -0.0103970000     -0.0000815970      0.0000000034      0.0000055811
 0.590000     -0.0013579000     -0.0000237530     -0.0110260000     -0.0000625330      0.0000000039      0.0000150780
 0.600000     -0.0009368500     -0.0000246610     -0.0116780000     -0.0000421770      0.0000000047      0.0000267020
 0.610000     -0.0004939900     -0.0000253450     -0.0123640000     -0.0000225520      0.0000000056      0.0000392390
 0.620000     -0.0000244670     -0.0000257920     -0.0130810000     -0.0000046136      0.0000000058      0.0000451890
 0.630000      0.0004547900     -0.0000259940     -0.0138250000      0.0000166910      0.0000000063      0.0000528680
 0.640000      0.0009494300     -0.0000259550     -0.0146060000      0.0000384960      0.0000000065      0.0000585320
 0.650000      0.0012817000     -0.0000256350     -0.0155570000      0.0000595640      0.0000000061      0.0000590570
 0.660000      0.0015640000     -0.0000249980     -0.0166010000      0.0000834620      0.0000000067      0.0000668900
 0.670000      0.0018426000     -0.0000240600     -0.0176840000      0.0001044400      0.0000000071      0.0000722540
 0.680000      0.0021647000     -0.0000228340     -0.0187910000      0.0001254300      0.0000000063      0.0000660460
 0.690000      0.0025554000     -0.0000213030     -0.0199140000      0.0001410300      0.0000000055      0.0000578290
 0.700000      0.0030100000     -0.0000195400     -0.0210540000      0.0001502900      0.0000000053      0.0000564580
 0.710000      0.0035568000     -0.0000176530     -0.0221910000      0.0001543200      0.0000000053      0.0000554700
 0.720000      0.0041721000     -0.0000157120     -0.0233200000      0.0001552700      0.0000000050      0.0000516540
 0.730000      0.0048523000     -0.0000137450     -0.0244660000      0.0001540400      0.0000000049      0.0000507380
 0.740000      0.0055764000     -0.0000117750     -0.0256400000      0.0001497700      0.0000000046      0.0000450280
 0.750000      0.0063398000     -0.0000098104     -0.0268310000      0.0001443600      0.0000000039      0.0000316350
 0.760000      0.0071548000     -0.0000078726     -0.0280310000      0.0001351300      0.0000000032      0.0000158670
 0.770000      0.0080068000     -0.0000060148     -0.0292510000      0.0001236800      0.0000000027      0.0000023797
 0.780000      0.0088931000     -0.0000043125     -0.0305010000      0.0001086500      0.0000000022     -0.0000088528
 0.790000      0.0098070000     -0.0000028124     -0.0317670000      0.0000894390      0.0000000017     -0.0000159310
 0.800000      0.0107440000     -0.0000015535     -0.0330520000      0.0000701140      0.0000000013     -0.0000203410
 0.810000      0.0116580000     -0.0000005598     -0.0344000000      0.0000533810      0.0000000010     -0.0000258790
 0.820000      0.0123110000      0.0000002041     -0.0360200000      0.0000365460      0.0000000008     -0.0000383660
 0.830000      0.0130000000      0.0000007248     -0.0376920000      0.0000154830      0.0000000005     -0.0000448700
 0.840000      0.0137360000      0.0000009584     -0.0393460000     -0.0000053000      0.0000000004     -0.0000522950
 0.850000      0.0146160000      0.0000008783     -0.0409790000     -0.0000274040      0.0000000003     -0.0000675920
 0.860000      0.0155850000      0.0000004482     -0.0426100000     -0.0000513340      0.0000000002     -0.0000695990
 0.870000      0.0166240000     -0.0000003281     -0.0442230000     -0.0000690780      0.0000000002     -0.0000727540
 0.880000      0.0177560000     -0.0000013609     -0.0458200000     -0.0000829330      0.0000000003     -0.0000697200
 0.890000      0.0189730000     -0.0000025854     -0.0473990000     -0.0000907700      0.0000000004     -0.0000764010
 0.900000      0.0202420000     -0.0000039682     -0.0489730000     -0.0000987460      0.0000000004     -0.0000781620
 0.910000      0.0215970000     -0.0000054741     -0.0505140000     -0.0001063200      0.0000000005     -0.0000838020
 0.920000      0.0227010000     -0.0000071001     -0.0522810000     -0.0001000500      0.2549300000     -0.0000913710
 0.930000      0.0238730000     -0.0000088224     -0.0541410000     -0.0000985090      0.5077400000     -0.0000879000
 0.940000      0.0251040000     -0.0000107750     -0.0559560000     -0.0000984820      0.6657100000     -0.0000985910
 0.950000      0.0264250000     -0.0000128570     -0.0577390000     -0.0000940460      0.7235100000     -0.0000911680
 0.960000      0.0278870000     -0.0000149720     -0.0594980000     -0.0000745430      1.0717000000     -0.0000992070
 0.970000      0.0294550000     -0.0000171280     -0.0612000000     -0.0000652650      1.0925000000     -0.0000948510
 0.980000      0.0311190000     -0.0000192000     -0.0628410000     -0.0000524250      1.2427000000     -0.0000998740
 0.990000      0.0329000000     -0.0000211920     -0.0644210000     -0.0000345960      1.3519000000     -0.0001108800
 1.000000      0.0347860000     -0.0000230500     -0.0659290000     -0.0000293260      1.3036000000     -0.0001047600
 1.010000      0.0367190000     -0.0000246070     -0.0673670000     -0.0000058350      1.2964000000     -0.0000949090
 1.020000      0.0388500000     -0.0000259560     -0.0687150000      0.0000040107      1.3327000000     -0.0000951620
 1.030000      0.0410190000     -0.0000268920     -0.0699470000      0.0000354140      1.2912000000     -0.0001017000
 1.040000      0.0432660000     -0.0000272320     -0.0710890000      0.0000590270      1.1797000000     -0.0000733510
 1.050000      0.0456430000     -0.0000270010     -0.0721030000      0.0000880260      1.2101000000     -0.0000631470
 1.060000      0.0480840000     -0.0000262650     -0.0729870000      0.0001089900      1.1782000000     -0.0000521160
 1.070000      0.0505950000     -0.0000251020     -0.0737330000      0.0001220200      1.1976000000     -0.0000539150
 1.080000      0.0531670000     -0.0000234910     -0.0743260000      0.0001439600      1.1558000000     -0.0000578970
 1.090000      0.0557940000     -0.0000215030     -0.0747370000      0.0001596900      1.1956000000     -0.0000607300
 1.100000      0.0585100000     -0.0000190800     -0.0750400000      0.0001834400      1.1499000000     -0.0000647950
 1.110000      0.0611810000     -0.0000162230     -0.0752040000      0.0001976100      1.0123000000     -0.0000446490
 1.120000      0.0639010000     -0.0000131970     -0.0752090000      0.0002047500      1.0055000000     -0.0000256680
 1.130000      0.0666750000     -0.0000100320     -0.0750200000      0.0002006900      0.9647800000     -0.0000123580
 1.140000      0.0694260000     -0.0000069218     -0.0746780000      0.0001997200      0.9068100000     -0.0000000866
 1.150000      0.0721640000     -0.0000038557     -0.0741610000      0.0001912900      0.8438100000     -0.0000080772
 1.160000      0.0748680000     -0.0000009060     -0.0734610000      0.0001818800      0.7421000000     -0.0000104900
 1.170000      0.0776090000      0.0000018654     -0.0726030000      0.0001762400      0.7399600000     -0.0000267480
 1.180000      0.0802100000      0.0000043755     -0.0715880000      0.0001569700      0.5269700000     -0.0000386490
 1.190000      0.0827710000      0.0000065727     -0.0704120000      0.0001389500      0.4124100000     -0.0000316550
 1.200000      0.0853060000      0.0000083532     -0.0690550000      0.0001131700      0.3434300000     -0.0000398770
 1.210000      0.0877460000      0.0000097418     -0.0675440000      0.0000936750      0.2283100000     -0.0000364790
 1.220000      0.0900710000      0.0000107380     -0.0658830000      0.0000656620      0.1320300000     -0.0000405770
 1.230000      0.0922910000      0.0000110980     -0.0640540000      0.0000090676     -0.1337200000     -0.0000403820
 1.240000      0.0944560000      0.0000107270     -0.0621040000     -0.0000405640     -0.5107700000     -0.0000790730
 1.250000      0.0964230000      0.0000098095     -0.0600690000     -0.0000763660     -0.5971500000     -0.0000822630
 1.260000      0.0982900000      0.0000084476     -0.0579000000     -0.0001021200     -0.6206500000     -0.0000759850
 1.270000      0.1000600000      0.0000066690     -0.0556040000     -0.0001358300     -0.7130800000     -0.0000792350
 1.280000      0.1016900000      0.0000045700     -0.0532390000     -0.0001590900     -0.7164600000     -0.0000523300
 1.290000      0.1032100000      0.0000020437     -0.0508290000     -0.0001973200     -0.7163900000     -0.0000413660
 1.300000      0.1045700000     -0.0000010014     -0.0482590000     -0.0002317200     -0.7163200000     -0.0000364220
 1.310000      0.1059100000     -0.0000043659     -0.0457280000     -0.0002417100     -0.7162400000     -0.0000435620
 1.320000      0.1072400000     -0.0000078592     -0.0432600000     -0.0002579500     -0.7161700000     -0.0000322220
 1.330000      0.1085400000     -0.0000113420     -0.0407170000     -0.0002583300     -0.7161000000     -0.0000046726
 1.340000      0.1097500000     -0.0000148150     -0.0381090000     -0.0002692100     -0.7160300000      0.0000151660
 1.350000      0.1109100000     -0.0000181950     -0.0355010000     -0.0002708100     -0.7159500000      0.0000472880
 1.360000      0.1120300000     -0.0000215690     -0.0328730000     -0.0002742300     -0.7158800000      0.0000627690
 1.370000      0.1131300000     -0.0000247450     -0.0301640000     -0.0002596900     -0.7158100000      0.0000590100
 1.380000      0.1143200000     -0.0000276430     -0.0276040000     -0.0002348800     -0.7157400000      0.0000679850
 1.390000      0.1155200000     -0.0000300750     -0.0250610000     -0.0002081200     -0.7156700000      0.0000885500
 1.400000      0.1166600000     -0.0000319800     -0.0224300000     -0.0001880600     -0.7155900000      0.0001195600
 1.410000      0.1177700000     -0.0000336220     -0.0197830000     -0.0001756000     -0.7155200000      0.0001402500
 1.420000      0.1189000000     -0.0000348790     -0.0171730000     -0.0001532000     -0.7154500000      0.0001639800
 1.430000      0.1201100000     -0.0000356970     -0.0145470000     -0.0001092700     -0.7153800000      0.0001832800
