# vtk DataFile Version 2.0
File written by itkPolyDataMeshIO
ASCII
DATASET POLYDATA
POINTS 1307 float
1.461602 0.981554 0.88401103
1.2027841 1.359481 0.782142
0.518583 0.953213 1.167623
0.971612 0.80639803 0.67025197
0.912416 1.116513 0.600116
1.3109779 0.760792 0.82385397
0.696686 1.043035 0.484748
0.74328303 0.60103 1.177429
1.393919 0.611309 0.792362
0.774013 0.631366 0.632177
0.857444 0.81252897 0.38655102
1.405923 0.87161 0.566405
1.107094 1.05873 0.46595
1.179737 0.641088 1.264171
1.270291 1.167529 0.732588
1.190508 0.860059 0.69083
0.594099 1.088723 0.65299904
1.150462 0.68596697 0.30457503
0.86561704 0.615507 1.060186
0.66649497 0.883959 0.43245202
0.86635697 0.732804 0.761845
0.72559404 1.185852 0.633651
0.65648 0.627444 1.17102
0.531478 1.005617 0.69272697
1.012837 1.243987 0.582212
1.004712 1.118755 0.513396
0.895635 0.848513 0.547788
0.95973897 0.897227 0.416175
1.4067171 0.951748 0.534618
0.864228 0.529758 0.689115
0.697451 0.56291103 0.927643
0.930053 1.23721 0.68742
0.785255 0.73538 0.36607403
1.390486 0.868674 0.79241
1.004917 0.55462396 1.019122
1.083338 0.557952 0.597475
1.214867 0.8068 0.844795
1.067894 0.938672 0.36273903
0.711816 0.778247 0.64865303
1.152671 0.386088 0.621893
0.79429 0.46596998 0.624537
0.852104 1.197442 0.690392
0.78578 0.845868 0.349914
0.836354 0.851081 0.752497
1.134907 0.62467396 1.371053
1.262496 0.784853 1.471702
1.343071 0.81833696 1.429571
1.486233 0.926871 1.064902
1.367435 1.165974 0.776988
1.262496 1.411823 0.851465
0.512366 0.86462 1.1405
0.872283 0.713494 1.463309
0.63822 1.059854 0.54993296
0.50502 0.865835 1.100601
1.085871 1.248577 0.604159
1.345686 0.700863 1.229983
1.359645 0.623508 0.907941
1.42283 0.644422 0.777014
0.50713503 1.050261 0.956435
0.813114 0.580046 0.922035
1.307994 0.848667 0.86559904
1.247828 0.895703 0.791588
1.391121 0.891804 0.492966
0.73998296 0.772404 0.50136197
0.838584 0.770997 0.425062
0.674268 0.828224 0.46137398
0.688627 0.947286 0.422235
0.613389 0.995881 0.525814
0.906541 0.801558 0.783087
0.756945 0.48400003 0.710438
0.688993 0.712291 0.682208
0.70254004 1.1222711 0.57007
0.643371 0.67614496 1.2481151
0.694852 0.600754 1.14777
1.431049 0.88089 0.88735
1.418049 0.892008 0.70597
0.579668 0.960115 0.56684
1.225675 1.197887 0.731772
0.52207196 0.750854 1.090486
1.400893 0.759569 0.807261
1.402463 0.635357 0.75128
1.41891 0.694223 0.779011
1.169737 0.62562704 1.166472
1.04289 1.255227 0.59453404
0.975302 1.274421 0.64109004
1.38833 0.657286 0.975668
1.4030399 0.62116396 0.826805
1.329347 0.682288 0.775926
1.371598 0.613358 0.77788
1.059116 1.076718 0.46038002
1.065268 0.78258 0.33856
0.868544 0.99236 0.488442
1.027677 0.542625 1.192187
1.418448 0.894859 0.51557004
1.382151 0.954791 0.51340103
1.160848 0.633036 1.361205
1.058478 0.54504 1.22627
1.366587 1.020609 0.580547
0.832678 0.544613 0.630597
0.857782 0.573714 0.843716
1.143177 0.977405 0.405365
1.181625 0.756304 0.307828
1.174718 0.4947 0.759908
0.920353 1.185717 0.661741
1.443718 0.949049 0.767975
1.425751 0.89149797 0.59345603
1.427779 0.921663 0.561629
0.971288 0.62308204 1.397849
0.72894704 0.770575 0.441333
0.828183 0.751532 0.35968202
0.799414 0.740959 0.419141
0.732373 0.793981 0.37701
1.3724949 0.874285 0.52841103
0.896438 0.650759 1.315478
1.265936 1.26074 0.790872
1.20945 1.254219 0.74333096
1.275001 0.895882 0.703284
1.162771 0.49845803 0.575341
1.263166 0.794438 0.860584
1.199203 0.85596 0.819965
1.264276 0.87470603 0.878965
1.160875 0.664846 0.35166502
0.68373096 1.219073 0.711959
0.68777204 1.168714 0.634843
0.58984 0.655891 1.07605
1.092221 0.991454 0.390899
1.121375 0.796342 0.30774403
1.140907 0.877217 0.33090103
0.703196 0.547565 0.673031
0.728414 1.092227 0.533567
0.58758104 0.63696504 0.91043997
0.623241 0.608599 0.797327
0.547817 0.684929 0.968409
1.337442 0.859232 0.830336
1.378271 0.847956 0.82214
1.262584 0.616241 0.807155
1.237602 0.580881 0.743864
1.234435 0.724313 0.795874
1.356418 0.612851 0.84330297
1.040901 1.127215 0.50211203
0.73328996 0.723982 0.660798
0.77104104 0.71779704 0.671149
0.816576 0.772564 0.758294
1.073076 0.552822 1.089923
1.069105 0.734373 0.60213804
1.1556621 0.808466 0.67888296
1.16746 0.77678096 0.743492
1.079546 0.44115 0.64719
1.19283 0.42051798 0.594468
1.194937 0.43085903 0.656986
1.101775 0.43512 0.69096696
1.131398 0.422849 0.582197
1.199016 0.700194 0.332169
1.216284 0.801279 0.359065
0.80366004 0.46288103 0.674123
0.791898 0.529459 0.611059
0.74939203 0.48483002 0.65819097
0.835098 0.47981697 0.642344
0.73222303 0.566905 0.966631
0.881693 1.167798 0.668241
0.819203 1.1255879 0.618806
0.895889 1.230814 0.708904
0.61331403 0.89887 0.52181804
0.570952 0.851998 0.910937
0.553513 0.935821 0.985231
0.737571 0.952745 0.40144002
0.827021 0.811401 0.35285997
0.735077 0.840208 0.365798
0.792843 0.76944304 0.341596
0.807621 1.267687 0.703314
1.109255 0.69095004 0.342273
1.109215 0.702017 0.411044
0.896043 0.849674 0.754688
0.844564 0.811797 0.79982
0.859731 0.859308 0.660792
0.80437803 0.823673 0.73734
1.011396 0.60177803 1.374997
1.390097 0.67955697 1.028484
0.786928 1.317595 0.754284
0.513621 1.06977 0.89576197
0.52778697 1.083178 1.180495
0.659396 0.716673 1.31417
0.73609304 0.669392 1.348208
0.84410703 0.700368 1.441715
0.945225 0.70683 1.478626
1.494051 0.961116 1.069083
1.432047 0.972392 0.706756
1.365124 1.217253 0.815664
1.3273721 1.401179 0.891526
0.73609304 1.279163 0.744985
0.52290404 1.001761 1.178634
0.55414 0.76346 1.189445
0.786928 0.674937 1.390041
0.627482 1.202485 0.780666
0.571563 1.140902 0.794137
0.51010597 0.907371 1.13547
0.506005 0.787924 1.042266
0.50653 0.823992 1.104916
0.543598 0.756209 0.91065097
1.127303 1.252248 0.644747
1.143284 1.2938709 0.691321
1.027425 1.192898 0.5399
1.076574 1.20593 0.56204
1.371403 0.672284 1.077233
1.3489211 0.65681696 1.070373
1.362407 0.686014 1.151188
1.378031 0.613551 0.841305
1.428944 0.702631 0.903014
1.433503 0.703008 0.844789
1.442097 0.76792 0.940356
1.428035 0.734883 0.83025897
1.411725 0.62249 0.776204
1.4285309 0.674793 0.794042
0.717866 0.65683603 1.3186259
0.760238 0.632275 1.317832
0.741706 0.614695 1.2581921
0.51118004 1.057442 0.85706
0.503716 1.028732 0.861398
0.512676 0.989875 0.84559
0.835058 0.604127 1.003536
0.925227 0.630229 1.271865
0.885291 0.599054 0.961741
1.307796 0.875028 0.845029
1.217054 0.884561 0.755529
1.2781 0.895204 0.800424
1.402635 0.874279 0.517604
1.370212 0.926472 0.49498397
0.851786 0.781814 0.397579
0.674578 0.84658897 0.43528998
0.692249 0.994577 0.44641
0.681159 0.907981 0.416655
0.658064 1.008545 0.48270702
0.598124 1.044611 0.589574
0.638078 0.9414 0.47083497
0.62546396 1.026638 0.533073
0.64947796 0.971376 0.468513
0.935238 0.812309 0.742472
0.883083 0.77458704 0.787553
0.79792297 0.651868 0.651723
0.837794 0.714916 0.73379004
0.89916 0.67625403 0.729342
0.778282 0.487314 0.730146
0.59373796 0.684802 0.79952097
0.664822 0.575006 0.72619796
0.667595 0.55957603 0.772653
0.73426604 0.665545 0.646011
0.883538 1.113573 0.613097
0.826705 1.073872 0.56454
0.72593 1.031276 0.46613002
0.850438 0.858551 0.38793898
0.716853 1.203523 0.656381
0.751081 1.202038 0.647519
0.659846 0.688497 1.288213
0.702633 0.642614 1.2822421
0.717004 0.60321796 1.189167
0.68874204 0.63116896 1.241317
0.981975 1.329367 0.696505
0.955557 1.3192 0.69978404
0.966113 1.357 0.72985196
0.948128 1.37948 0.7557
1.471933 0.973071 0.939586
1.412038 0.880116 0.629327
0.820046 0.669543 1.402446
0.839152 0.65478003 1.3830659
0.80216 0.65102804 1.370756
0.823662 0.64346397 1.35281
0.784659 0.636177 1.337115
0.767344 0.61926603 1.281158
0.514779 1.057431 0.82479703
0.520742 1.023643 0.74060404
0.526538 1.055178 0.762202
0.512784 0.989598 0.796843
0.545661 1.019575 0.66495204
0.547607 1.058905 0.706498
0.515612 0.99417 0.757725
0.618945 0.926475 0.497092
0.567092 0.999511 0.604222
1.243233 0.673887 1.218825
0.529439 0.759661 1.12757
0.543405 0.74918497 1.152544
0.529632 0.71534 1.019869
0.51916397 0.740115 1.04705
0.514834 1.07479 1.027632
0.519772 1.087288 1.073938
0.510193 1.054348 0.992394
0.50595796 1.019659 0.914604
1.374917 0.707476 0.768728
1.406786 0.790965 0.834679
1.396413 0.727409 0.782022
1.400848 0.618195 0.764951
1.39904 0.662194 0.75097597
1.414782 0.637255 0.76048803
1.413029 0.661222 0.757585
0.508271 0.833279 1.048259
0.511685 0.917632 1.110738
1.200431 1.029693 0.540829
1.207428 1.097993 0.631077
1.169715 1.163382 0.655093
1.202719 1.134445 0.664721
1.228442 0.620157 0.94251
1.226447 0.632093 1.013382
1.229207 0.64468396 1.0845261
0.996806 1.310128 0.670559
1.028858 1.205251 0.545353
1.032148 1.22859 0.56184804
1.052762 1.207888 0.548172
0.97120297 1.298457 0.668078
0.9895 1.24595 0.601009
1.410127 0.67351496 0.936283
1.415858 0.62706196 0.793102
1.3506169 0.64277697 1.00676
1.3805931 0.644843 0.95904
1.3866711 0.625511 0.880044
1.423497 0.660684 0.853212
1.389382 0.620439 0.758834
1.383688 0.671433 0.753096
1.357199 0.637252 0.761541
1.388984 0.641204 0.749103
1.432733 0.748651 0.85809803
1.4487491 0.914092 0.912152
1.243058 0.745705 1.448796
1.2848129 1.198136 0.761604
0.945579 0.831831 0.665069
0.907615 0.851812 0.59911704
0.857777 0.801228 0.44001502
0.864504 0.84396803 0.55536497
0.884164 1.0640349 0.55817604
0.873653 0.855496 0.41209698
1.11208 0.722623 0.313366
0.909849 0.952635 0.457209
0.848521 0.962107 0.45468402
0.905792 0.845101 0.459118
1.001643 0.56083596 1.29146
1.012813 0.577235 1.335255
1.024817 0.548068 1.261145
1.017181 0.55927503 1.295948
1.017523 0.544667 1.222093
0.999433 0.554161 1.222469
1.396786 1.015009 0.62380004
1.405438 0.984477 0.58577704
1.41546 0.878544 0.53194296
1.414974 0.920192 0.51691496
1.407085 0.890588 0.49988103
1.364123 0.962666 0.515235
1.396344 0.951183 0.51987696
1.389425 0.919441 0.49393898
1.404355 0.917353 0.50115097
0.54118204 0.971707 1.039993
0.559523 0.926776 0.922024
0.58965504 0.872431 0.82492197
1.082829 0.57399 1.309397
1.103954 0.574436 1.2829959
1.113236 0.594693 1.332017
1.065333 0.55678904 1.276374
1.138485 0.605147 1.320062
1.190785 0.668289 1.3928239
1.099236 0.567171 1.237383
1.043182 0.541216 1.205371
1.341619 1.148394 0.732848
1.371195 1.083724 0.684868
1.373344 1.050538 0.635251
1.322376 1.125404 0.69928
1.337587 1.007964 0.555776
0.81449103 0.50115204 0.737432
0.850913 0.510018 0.697387
0.806138 0.581533 0.624569
0.852219 0.52715003 0.651808
0.943496 0.55912304 0.731426
0.834527 0.577261 0.88307
1.200626 0.89190197 0.38792402
1.165146 0.928618 0.378699
1.168792 0.711348 0.30041802
1.187414 0.81475496 0.32738203
1.217441 0.51648796 0.633149
1.220227 0.505671 0.68935204
0.71984 0.547369 0.879728
0.701792 0.59107 1.102641
0.626903 0.603898 0.947644
0.634319 0.606126 1.005322
0.70041203 0.528902 0.751763
0.72551 0.526789 0.808244
0.67367697 0.562312 0.86203396
0.658327 0.611642 1.117193
0.688514 0.585567 1.048072
0.937112 1.154418 0.615968
0.911583 1.260038 0.714539
0.943993 1.208921 0.652071
1.428716 0.96331 0.655734
1.430843 0.905898 0.618877
1.4241331 0.889365 0.546942
1.434476 0.919358 0.699129
1.430554 0.93422997 0.601426
0.967645 0.652075 1.432733
0.983474 0.597999 1.36453
0.944606 0.626138 1.371387
0.897574 0.66998 1.422487
0.974284 0.579389 1.298095
0.69252 0.802173 0.500909
0.760256 0.745682 0.39669102
0.844173 0.779038 0.369766
0.808618 0.735879 0.35814297
0.835994 0.754478 0.386105
0.799495 0.761046 0.463162
0.794613 0.730978 0.386962
0.771828 0.752699 0.454598
0.768023 0.743806 0.420505
0.817173 0.735991 0.381998
0.76089 0.757722 0.365763
0.706061 0.805708 0.41184998
0.73502696 0.77018 0.398713
1.391814 0.86938703 0.541661
1.3670061 0.87172997 0.583205
1.3842 0.87962 0.504719
1.367463 0.906471 0.493151
1.3603799 0.892401 0.502595
1.409303 0.837223 0.855693
1.391134 0.875117 0.74332
1.378374 0.872851 0.664221
1.032727 0.53868604 0.955869
0.934756 0.614299 1.212389
0.916775 0.617254 1.160266
1.007037 0.55584896 1.134582
0.898924 0.652853 1.3433781
0.878492 0.639392 1.220639
1.246471 1.378999 0.82199097
1.190633 1.313936 0.743693
1.350966 0.762161 1.351446
1.342023 0.787066 1.396546
1.342683 0.72832 1.299875
1.217034 0.67610204 1.3099539
1.255605 0.885015 0.53726304
1.231195 0.890469 0.723692
1.260753 0.897392 0.750413
1.246245 0.89281 0.68521404
1.270653 0.895146 0.53387
1.108973 0.484232 0.792519
0.930746 0.59161 1.015147
0.986595 0.773567 0.68197596
0.954503 0.767057 0.72709703
1.019588 0.51635396 0.662264
1.067268 0.52821803 0.60833097
1.188668 0.51328397 0.591758
1.127938 0.51401603 0.57682896
0.92837703 0.74779403 0.748496
1.286938 0.779128 0.845913
1.239206 0.804284 0.861674
1.285892 0.826694 0.87453103
1.19256 0.863512 0.767069
1.206875 0.836684 0.845124
1.224074 0.883256 0.822246
1.200653 0.760339 0.791802
1.286063 0.886272 0.846882
1.23957 0.848552 0.879704
1.286834 0.86387 0.8777
1.256291 0.89024997 0.847197
1.263437 0.840807 0.88485
1.232436 0.87165797 0.864383
1.178103 0.829252 0.613568
1.1578391 0.663512 0.321912
1.158423 0.68467903 0.39304
0.669654 1.193347 0.691213
0.677613 1.077211 0.53101003
0.62740004 1.095502 0.60757697
0.592349 0.73693 1.2373691
0.577916 0.659773 1.042836
0.55116296 0.697267 1.074339
0.569359 0.70782 1.15399
0.913602 1.377281 0.764436
0.848355 1.338644 0.749622
0.899655 1.361774 0.757248
1.020957 0.989889 0.40995502
0.94981897 1.028844 0.48584098
1.073096 1.038362 0.42732197
1.139108 0.732207 0.299721
1.096717 0.868586 0.32895
1.096657 0.779343 0.3164
1.154782 0.764593 0.300645
1.043289 1.059439 0.44729602
1.045612 0.920463 0.365717
1.073943 0.848856 0.33373803
1.166643 0.870704 0.339077
1.107979 0.900742 0.338113
1.164193 0.812901 0.313376
1.11624 0.937649 0.357718
1.134212 0.831091 0.313307
0.62653697 0.65105903 0.74865603
0.759757 0.609204 0.625963
0.71979403 0.597889 0.64344704
0.663434 0.612498 0.702307
0.631006 0.69944596 0.743328
0.691935 0.658512 0.670599
0.738729 1.062155 0.50093603
0.722829 1.143436 0.590278
0.565831 0.71471596 0.852984
0.568093 0.676969 0.863785
0.516873 0.759826 0.985607
0.528269 0.74635196 0.94677
0.524082 0.729969 0.976792
0.545387 0.71197104 0.904375
0.628183 0.613824 0.769279
1.379545 0.812949 0.826879
1.36583 0.86097 0.803384
1.385472 0.831962 0.831324
1.2711921 0.751828 0.829518
1.257602 0.615649 0.849557
1.217317 0.58417404 0.662602
1.227 0.55724597 0.673849
1.246717 0.762847 0.834154
1.262667 0.635153 0.981405
1.2893109 0.62311304 0.875293
1.055082 1.156762 0.522569
1.044519 1.181836 0.53277004
1.0796111 1.131404 0.518996
1.062151 1.174181 0.535044
1.121742 1.14524 0.57901704
1.064496 1.116104 0.49679297
0.70964897 0.792017 0.55524397
0.773641 0.785263 0.551708
0.73067 0.783176 0.618955
0.719641 0.788101 0.58670497
0.793864 0.700827 0.68002796
0.775874 0.8 0.67592
0.796383 0.781775 0.735246
0.739746 0.750387 0.662778
1.259159 0.992907 0.543151
1.260939 1.049917 0.603235
1.244487 1.108997 0.666276
1.322763 0.959175 0.518677
1.2896941 0.931455 0.514885
1.319106 0.936207 0.510992
1.113183 0.519519 0.868254
1.086406 0.52476096 0.904199
1.084853 0.556013 1.063436
1.148561 0.602808 1.099718
1.078317 0.54577 1.005601
1.041425 0.54545 1.03866
1.080845 0.53705096 0.95652
1.021688 0.767372 0.62757504
1.106785 0.72055197 0.603546
1.171811 0.83789897 0.691159
1.1738861 0.836044 0.754501
1.160198 0.805882 0.615288
1.188031 0.59700096 0.62502
1.169004 0.57048404 0.595052
1.140654 0.565802 0.583212
1.146127 0.629807 0.604457
1.18912 0.795945 0.802088
1.1503 0.75227404 0.682323
1.180339 0.821724 0.79158497
1.159034 0.799052 0.723986
1.104912 0.739079 0.531758
1.143429 0.778857 0.612995
1.153463 0.40285897 0.655675
1.165116 0.45713198 0.72219
1.120087 0.454695 0.73720896
1.119327 0.40244 0.628084
1.049665 0.47254997 0.68982196
1.066716 0.465639 0.63085604
1.203784 0.47652298 0.60143
1.175284 0.38937497 0.601453
1.210884 0.456344 0.619524
1.180768 0.44803703 0.57887304
1.17705 0.39767498 0.633212
1.174231 0.423016 0.67267096
1.196936 0.414918 0.619823
1.067645 0.473395 0.741906
1.1300449 0.40376902 0.651326
1.11153 0.48198003 0.58276796
1.144702 0.390126 0.59540296
1.092194 0.46186602 0.600107
1.150039 0.44882298 0.572265
1.108978 0.418406 0.607111
1.165332 0.40521997 0.580353
1.229389 0.820029 0.420501
1.226891 0.875768 0.42128903
1.243531 0.877152 0.473683
1.19505 0.84719 0.609167
1.210616 0.85617197 0.587256
1.177302 0.68048 0.311862
1.214028 0.738536 0.36500502
1.192729 0.718248 0.31419998
1.182304 0.672085 0.33630002
1.203947 0.834178 0.353624
1.22253 0.784328 0.37735897
1.201862 0.772104 0.327941
1.226034 0.830218 0.3958
1.210783 0.745669 0.340271
1.240526 0.873003 0.544949
1.175162 0.71329904 0.42232198
1.210887 0.750979 0.40546298
1.185095 0.7593 0.469339
1.1819971 0.685624 0.37329602
1.200532 0.704302 0.36413598
0.801527 0.456065 0.644009
0.820718 0.47715998 0.689494
0.78433096 0.57866204 0.617922
0.79526997 0.49034 0.61314404
0.814247 0.53060997 0.616109
0.72258997 0.508253 0.686175
0.77333903 0.469599 0.637586
0.755642 0.477566 0.679122
0.780079 0.461334 0.657817
0.85048497 0.503478 0.663376
0.816512 0.46571302 0.628937
0.83648 0.504428 0.631016
0.82136 0.463686 0.653629
0.817733 0.49041802 0.617537
0.775207 0.48633897 0.62144
0.748713 0.554168 0.62434
0.729047 0.529266 0.64632404
0.773909 0.517191 0.614473
0.753105 0.49414802 0.63768
0.747126 0.598355 1.149809
0.829306 0.62311804 1.137258
0.736251 0.551304 0.900079
0.86682796 1.135492 0.639966
0.849729 1.22005 0.702331
0.85086703 1.151953 0.654988
0.88895 1.201544 0.693082
0.872761 1.240129 0.71612203
0.637485 0.856261 0.530344
0.587188 0.892362 0.68901896
0.545081 0.942564 0.71129096
0.551643 0.944226 0.659111
0.530879 0.97314 0.702369
0.560772 0.959838 0.610156
0.53910697 0.947399 0.777326
0.546844 0.913137 1.016656
0.56112397 0.897472 0.958203
0.714714 1.00103 0.44095302
0.762414 0.89959 0.370183
0.807845 0.823988 0.347269
0.833128 0.863828 0.37552
0.829625 0.775838 0.35184598
0.70226896 0.858697 0.393386
0.740062 0.889977 0.372041
0.793128 0.890769 0.36890298
0.773115 0.987245 0.43266398
0.76912796 0.9411 0.39356703
0.81416297 0.87425303 0.36878902
0.79079497 0.746294 0.349824
0.812137 0.75383604 0.346119
0.765241 0.772919 0.35277802
0.811971 0.78391397 0.34238398
0.766017 0.79921997 0.34784597
0.725021 1.259965 0.726328
0.757936 1.260193 0.700207
0.730023 1.222214 0.670665
0.764675 1.22427 0.666589
0.835654 1.304471 0.727867
0.81428003 1.285967 0.714644
1.131821 0.679713 0.318694
1.0815771 0.716641 0.37563902
1.090621 0.726038 0.33309102
1.137187 0.66754603 0.341563
0.942848 0.835871 0.565153
0.989915 0.843713 0.39591497
1.034292 0.76733303 0.39879602
0.976601 0.827123 0.420654
1.064805 0.74235904 0.361539
0.993238 0.80318403 0.43368202
1.132765 0.69862103 0.421534
1.137712 0.676538 0.376351
0.931091 0.832386 0.71928704
0.864846 0.855972 0.766359
0.899892 0.831377 0.781941
0.907843 0.85198 0.703573
0.818857 0.844326 0.700261
0.853047 0.776329 0.787932
0.83926 0.837023 0.788933
0.874058 0.81237197 0.804419
0.829304 0.794268 0.783038
0.86843 0.839821 0.798435
0.846444 0.858427 0.71273
0.889262 0.859231 0.662662
0.846789 0.847852 0.606304
0.875209 0.861029 0.720829
0.790853 0.80550003 0.720907
0.819606 0.839195 0.748857
0.808495 0.803537 0.75931597
0.822933 0.822244 0.77830803
0.51998997 0.799982 0.99106
0.589766 1.200649 1.31005
0.573098 1.123129 1.279974
0.572412 1.202987 1.294669
0.575089 1.25476 1.3032761
0.615022 1.1594241 1.311376
0.862901 1.425982 1.470657
0.847274 1.4016349 1.449949
0.825957 1.4030089 1.3741391
0.85912 1.441489 1.441208
0.828786 1.3956621 1.4078441
0.866166 1.446861 1.359216
0.913397 1.473599 1.431354
0.877597 1.443796 1.315784
0.923245 1.470667 1.381351
0.884558 1.464936 1.41509
0.906447 1.457936 1.320574
0.909782 1.453668 1.5020909
0.86814 1.397884 1.4794691
0.914289 1.426419 1.511747
0.88007903 1.4451671 1.484374
0.890693 1.383703 1.492771
0.856405 1.4432809 1.395972
0.943777 1.4693279 1.426303
0.939872 1.449844 1.49774
0.905373 1.468582 1.470323
0.966381 1.45379 1.44935
1.109357 1.305906 1.136392
1.044847 1.347072 1.107835
1.024365 1.3745999 1.147788
0.99573 1.426621 1.272046
0.96451 1.449012 1.303812
0.946564 1.444538 1.260862
1.093955 1.2900441 1.060818
1.006434 1.431582 1.364135
0.85488904 1.421186 0.82904
0.87350297 1.513963 0.919193
0.785258 1.247447 0.992593
0.729986 1.199127 0.973074
0.754807 1.210157 0.997737
0.81891 1.318398 1.00065
0.798584 1.304345 0.977301
0.707996 1.225806 0.929644
0.74037397 1.227671 0.947668
0.689861 1.200718 0.945722
0.835317 1.308483 1.042121
0.61662 1.301989 1.3276579
0.61557496 1.320449 1.314204
0.59287703 1.314188 1.302537
0.602302 1.296869 1.325156
0.602198 1.3235381 1.2903221
0.63290596 1.302544 1.32598
0.653952 1.269737 1.325916
0.585387 1.297881 1.308247
0.579558 1.274957 1.308075
0.613358 1.229449 1.325568
0.64005804 1.273534 1.151642
0.633616 1.300149 1.1988649
0.623159 1.204078 1.016838
0.60317004 1.212157 1.055663
0.611148 1.195294 0.988931
0.64368 1.245209 1.104423
0.87769 1.562715 1.039647
0.882998 1.577982 1.013321
0.914877 1.613346 1.029386
0.935265 1.6213729 1.066404
0.919343 1.618587 1.052736
0.958444 1.618036 1.026815
0.907481 1.594641 1.0782549
0.89932 1.5683019 1.078223
0.876629 1.523633 1.0526431
0.879819 1.565001 0.987507
0.91145 1.601887 1.00319
0.953296 1.615471 1.072373
0.924342 1.594598 1.090945
0.916889 1.612395 1.0716391
0.952824 1.601973 1.086195
0.882659 1.037209 1.574294
0.810643 0.910584 1.46157
0.876527 1.042219 1.513553
0.86068 1.010713 1.518637
0.902707 1.078129 1.56091
0.839814 0.934338 1.513818
0.722588 0.926922 1.264392
0.738792 1.02061 1.276873
0.795994 0.943828 1.315836
0.842674 1.023932 1.352891
0.74544704 0.894394 1.2835491
0.725472 0.876912 1.2796841
0.801902 1.056969 1.310286
0.767854 0.982647 1.283416
0.767693 0.919519 1.292371
0.790617 0.911332 1.340165
1.154522 1.295817 1.12095
1.160307 1.3225551 1.172573
1.2473559 1.377342 1.189723
1.279619 1.369089 1.142295
1.185586 1.2973831 1.050566
1.230876 1.337544 1.071965
1.178139 1.304845 1.026057
1.145871 1.2780809 1.076676
1.1570439 1.284087 1.029982
1.193514 1.302678 1.084198
1.136639 1.2740719 1.04192
1.232838 1.40909 1.279883
1.237592 1.341164 1.104064
1.125946 1.017931 1.322867
1.076017 1.023339 1.348802
1.117184 1.074679 1.327376
1.065666 1.080243 1.3536019
1.104524 0.994415 1.332258
1.099127 0.96018 1.363072
1.162475 0.980748 1.336163
1.149411 0.94719 1.364933
1.190989 0.99473 1.3511109
1.177528 0.959675 1.37837
1.140844 0.95596 1.343991
1.197428 0.981576 1.3718181
1.148303 1.058863 1.324571
1.134398 0.978477 1.328644
1.179532 1.061933 1.33388
1.085608 0.983962 1.354648
1.026469 1.062019 1.400689
1.122002 0.947545 1.359691
1.139843 0.942105 1.407498
1.166334 1.380818 1.339834
1.144205 1.361341 1.351285
1.13922 1.356466 1.26065
1.197191 1.386841 1.408452
1.218394 1.316733 1.417387
1.224291 1.397604 1.437425
1.233954 1.365327 1.442558
1.126864 1.190717 1.3451331
1.07204 1.297787 1.381704
1.1320341 1.298985 1.36538
1.091877 1.220108 1.358999
1.159099 1.180285 1.345902
1.216796 1.415281 1.41095
1.1704249 1.371889 1.376234
1.211897 1.417501 1.363495
1.117415 1.3422201 1.358949
1.039793 1.395295 1.385244
1.145021 0.92552 1.493362
1.2215099 0.984258 1.515074
1.305433 1.409569 1.050551
1.27966 1.459972 1.046064
1.332135 1.452657 1.015679
0.79748 1.356158 1.327817
0.775603 1.29641 1.3294749
0.846811 1.320676 1.425482
0.833573 1.372587 1.425086
0.875484 1.358372 1.47139
0.691948 1.271718 1.311761
0.75397897 1.303461 1.238795
0.748479 1.224079 1.31231
1.131867 1.439186 0.87141
1.141359 1.466227 0.956049
1.180472 1.480116 0.965077
1.361922 0.966895 1.3428199
1.381915 0.909921 1.286361
1.295116 1.186455 1.392261
1.287924 1.063995 1.390413
1.245041 1.032107 1.387161
1.2432361 1.201545 1.388381
1.277037 1.141247 1.385168
1.330337 1.030146 1.378022
1.3298969 1.247161 1.392225
1.386099 1.316498 1.330001
1.4228079 1.249238 1.285426
1.4703441 1.135985 1.218266
1.452523 1.155824 1.248226
1.4731209 1.0935841 1.21186
1.388898 1.273893 1.337716
0.604987 0.956098 1.268164
0.618277 0.931818 1.2695069
0.807187 1.427316 0.934863
0.827911 1.458539 0.918094
0.829347 1.468835 0.948476
0.833843 1.445159 0.991986
0.853804 1.519042 0.973636
0.720031 1.113719 1.292597
0.68647504 0.899218 1.263785
0.767259 1.116424 1.300616
1.119128 1.340439 0.996215
1.144764 1.3249869 0.998131
1.161256 1.3818281 0.99286
1.069151 1.373728 1.025501
1.12377 1.307413 1.003603
1.103588 1.300695 1.017246
1.12725 1.448511 0.975351
1.003438 1.55014 1.064461
0.91529 1.521376 0.893597
0.924061 1.481876 0.851629
0.914513 1.543915 0.918088
0.610097 0.828391 1.28846
0.654873 0.811628 1.341718
0.670568 0.780412 1.356492
0.62832296 0.830671 1.306296
0.635441 0.813509 1.3229101
0.586591 0.789438 1.259051
0.673537 1.286209 0.86059797
0.66074 1.273593 0.890337
0.72753596 1.307945 0.807515
1.133913 1.307937 1.150704
1.118022 1.277047 1.064611
1.2117031 1.405673 1.302885
1.106212 1.352811 1.242
1.276806 1.4210091 1.44031
1.312628 1.365984 1.4283531
1.303259 1.42249 1.397359
1.338037 1.371593 1.393935
1.285334 1.392168 1.448621
1.338217 1.3932381 1.364915
1.2461491 1.318994 1.431425
1.269944 1.43561 1.409898
1.252274 1.398936 1.453468
1.237828 1.432117 1.39796
1.341533 1.3283551 1.397012
1.2895889 1.341274 1.438749
1.002954 1.325623 1.437902
0.959239 1.3657811 1.48089
0.936989 1.327132 1.473423
1.169389 1.114853 1.3360391
0.984428 1.3899 1.467229
1.011994 1.399593 1.43143
1.068388 0.984033 1.5097361
1.315907 1.4133589 1.308725
1.318284 1.390437 1.227173
1.282342 1.428126 1.318832
1.285724 1.401433 1.23009
1.2757599 0.920785 1.535186
1.294461 0.887682 1.516465
1.3046219 0.995767 1.526294
1.32707 0.986366 1.497051
1.375491 0.840681 1.388023
1.269734 0.94356203 1.541829
1.282982 0.987952 1.542314
1.309991 0.955796 1.527264
1.335896 0.853263 1.465279
1.348232 0.895335 1.472053
1.363404 0.809458 1.392874
1.3089631 1.509379 0.974849
1.30634 1.485943 0.937648
1.32831 1.484824 0.971289
1.278486 1.531031 0.984108
1.266588 1.534946 0.995637
1.242826 1.524788 0.973501
1.236389 1.455519 0.876982
1.251142 1.492438 0.917826
1.290864 1.5286391 1.006682
1.2893441 1.520957 0.97003603
1.315861 1.503976 1.004967
1.217338 1.413553 0.833846
0.912571 0.986594 1.601026
0.8718 0.94744897 1.557725
0.914705 0.94923 1.58882
0.918167 1.049475 1.616276
0.927785 1.071567 1.614437
0.894291 1.041005 1.594695
0.913886 1.083533 1.585542
0.938045 0.98053503 1.606869
0.945048 1.041616 1.621364
0.910757 1.019544 1.609107
0.870438 0.97816 1.561368
1.067428 0.935766 1.537353
1.01379 1.026209 1.575372
0.975419 1.065492 1.597602
1.036448 1.015834 1.54343
0.960585 1.087285 1.577577
0.992972 1.026997 1.598325
1.481902 1.142596 1.174812
1.4444079 1.218839 1.170253
1.446201 1.2285709 1.2094669
1.486619 1.120438 1.182083
1.372551 1.2588639 1.032388
1.372739 1.348277 1.237223
0.714433 1.196371 1.021939
0.692972 1.192277 1.003347
0.72770596 1.195125 0.99523
0.686149 1.192787 0.96342
0.756164 1.2313449 1.088175
0.772527 1.262208 1.134126
0.771477 1.229496 1.062187
0.821777 1.28337 1.082127
0.77772 1.228127 1.027534
0.703297 1.20917 1.056602
0.713121 1.240572 1.118283
1.031694 0.784231 1.513976
0.966039 0.872241 1.5670841
0.948879 0.80430603 1.536929
1.016357 0.853307 1.548489
0.994013 0.91940403 1.579206
0.968891 0.774956 1.523121
1.009619 0.676118 1.454165
0.97912 0.691555 1.470057
1.484437 1.069576 1.046262
1.422207 1.065069 0.899383
1.433069 1.087275 0.966019
1.46911 1.014837 0.939668
1.446357 0.984894 0.81633
1.000877 1.592231 1.02431
1.053594 1.531602 0.957304
0.956989 1.594671 0.970749
0.933949 1.586612 0.961569
0.953194 1.61232 1.00501
1.006751 1.576302 0.971316
0.702602 0.817859 1.372738
0.741224 0.817281 1.4072471
0.734571 0.837132 1.38563
0.716348 0.80579 1.388965
0.72240996 0.855561 1.306278
0.695329 0.855406 1.288388
1.236658 1.006674 1.468209
1.274464 1.027105 1.4406791
1.205037 0.98014903 1.396455
1.171711 1.323281 1.009756
1.129458 1.2840381 1.018545
0.85902 1.1446021 1.372696
0.893269 1.269287 1.439806
0.939113 1.1620669 1.429001
0.807324 1.119869 1.323269
1.384274 1.1924651 0.855186
1.371238 1.361451 0.940478
1.37525 1.308612 0.896729
1.356974 1.419127 0.969855
1.378449 1.11332 0.745126
1.369229 1.270781 0.857761
1.213827 0.824401 1.5031719
1.2283471 0.791412 1.488983
1.231285 0.880533 1.5236111
1.196047 0.86148703 1.51069
1.160668 0.665469 1.411197
0.573629 1.265738 1.195645
0.589651 1.307965 1.248455
0.639112 1.325141 1.273135
0.655673 1.318457 1.2943571
0.616783 1.327563 1.290675
0.65098596 1.299251 1.320789
0.573218 1.290861 1.273031
0.600952 1.305455 1.224171
0.591371 1.255174 1.14677
0.664292 1.313794 1.248377
0.625563 1.319444 1.243342
1.393215 1.131993 0.897713
1.403708 1.069269 0.827455
1.050802 0.853684 1.532815
1.043305 0.63353 1.405899
1.040616 0.67510104 1.444371
1.009395 0.638453 1.41953
0.917432 1.533212 1.094166
0.948454 1.474935 1.105358
0.892708 1.493937 1.074168
1.079299 1.310422 1.04432
0.944763 1.552702 1.099277
0.905432 1.425676 1.218383
0.875103 1.366007 1.119438
1.346302 1.448151 0.960343
1.339842 1.439445 0.932698
1.319981 1.432389 0.904815
1.357417 1.3937 0.922111
1.2583411 0.886737 1.526762
1.264916 0.82413197 1.497512
1.505546 1.030098 1.123876
1.4802151 0.989067 1.164989
1.49477 1.007296 1.150546
1.486776 1.045374 1.180329
1.469454 0.876933 1.075361
1.490191 0.950903 1.114851
1.100353 1.48329 0.964708
1.052757 1.532093 0.999242
1.399629 0.88341 1.222772
1.404932 0.789663 1.126009
1.107884 1.386503 0.797975
1.259619 1.014921 1.523291
1.280472 1.017208 1.525008
1.301538 1.02056 1.483264
1.303583 1.016067 1.5002539
1.2586191 1.002635 1.5370691
1.238546 1.003704 1.514236
1.237952 0.97357 1.537325
1.2578499 1.02069 1.480973
1.270046 1.510502 1.033966
1.261646 1.5259781 1.021681
1.223096 1.505686 1.001966
1.252279 1.49633 1.032206
1.287433 1.5150709 1.029762
1.238555 1.473703 1.02862
0.544876 1.182093 1.231455
0.557248 1.24624 1.249852
0.553657 1.234951 1.22376
0.54752004 1.060798 1.237413
0.56272197 1.018526 1.249816
1.412863 0.845616 1.160452
0.545716 1.176201 1.114172
0.539533 1.173663 1.1543291
0.546703 1.205933 1.191729
1.348438 0.961878 1.454334
1.301221 1.009479 1.518439
1.257942 0.983624 1.543831
1.21566 1.501204 0.944549
1.253979 1.5319741 1.003815
1.30436 1.510222 1.019758
0.64505804 1.2005479 0.961758
0.561811 1.166548 1.026404
0.606906 1.213321 0.897864
0.59288704 1.186237 0.933608
0.626866 1.231498 0.90825
0.57902396 1.173714 0.985279
0.573359 1.165477 0.917799
0.848388 0.843235 1.509767
0.848806 0.785339 1.490285
0.813955 0.779564 1.464425
0.916305 0.909131 1.5741279
0.965502 0.958821 1.5991089
0.834116 0.877171 1.504724
0.884623 0.780455 1.507251
0.91853297 0.752233 1.503904
1.496995 1.097401 1.13166
1.487045 1.014989 0.999941
1.501351 1.063306 1.09174
1.5026779 1.013854 1.076036
0.961927 1.541518 0.902923
0.960479 1.429163 0.797719
0.968711 1.488411 0.850965
0.996718 1.374099 0.745364
0.66758704 0.82715297 1.338804
0.784719 0.835745 1.449327
0.674899 0.731578 1.3406429
0.85980403 1.357829 1.056114
0.943379 1.585487 1.095461
0.757975 1.17329 1.307736
0.64456 1.129645 1.306632
0.67548 1.2996349 1.306224
0.70780396 0.865537 1.280123
0.816135 1.208861 1.351105
0.91998 1.387579 1.501893
0.970746 1.434539 1.47346
0.64932203 1.245742 0.911559
0.684814 1.21534 0.931736
0.82648003 1.328197 1.172242
1.211315 0.912526 1.5245631
1.387941 1.17343 0.934974
1.411688 1.123031 0.965348
1.332896 1.403054 1.332238
1.2652969 1.436167 1.36006
1.365822 1.358038 1.340381
0.943073 1.09523 1.53286
0.939925 1.085143 1.6017771
0.974674 1.017865 1.610582
0.518937 1.0856299 0.938094
0.77289 0.70914996 1.404825
0.793715 0.73570204 1.432936
0.753316 0.686581 1.376003
1.44692 0.799959 1.010685
1.389505 0.808022 1.215643
1.375324 0.724547 1.217458
1.373337 0.75009704 1.284551
1.381161 0.804175 1.331046
1.370437 0.78129303 1.345007
1.159411 1.340353 0.74709904
0.615458 1.055339 1.289031
0.534878 0.913562 1.196564
0.54912496 0.966703 1.2254701
0.625895 1.239874 0.871464
0.587699 1.185804 0.85509896
0.64556503 1.2619569 0.882707
0.566877 1.170629 1.282159
0.843216 1.420626 1.426656
0.894532 1.464576 1.370556
0.884719 1.4202759 1.498233
0.93544 1.467124 1.4700611
1.089498 1.3333809 1.176314
1.077693 1.3091431 1.09319
0.856732 1.473915 0.889616
0.758388 1.219197 0.979829
0.71333396 1.209447 0.942472
0.601158 1.315716 1.312577
0.621607 1.182868 1.317556
0.93817997 1.6230481 1.043852
0.933764 1.611685 1.083059
0.730002 0.9693 1.268227
0.815087 0.988053 1.324463
0.717197 0.895134 1.267023
1.165055 1.282082 1.058849
1.095873 1.044416 1.332853
1.169141 0.963784 1.3548551
1.156898 1.012017 1.326146
1.1309481 0.941906 1.382207
1.206466 1.359275 1.421565
1.080058 1.362299 1.363666
1.298635 1.440183 1.046436
0.78501403 1.3289499 1.3302081
0.811394 1.377435 1.319615
0.711624 1.279291 1.3036001
1.189683 1.486053 0.941687
1.155571 1.436587 0.867404
1.284653 1.249652 1.4099929
1.265005 1.063815 1.385308
1.339861 1.179428 1.3718569
1.452387 1.202956 1.2365739
1.404957 1.297356 1.296486
0.587165 0.935769 1.25622
1.139767 1.358215 0.991531
1.09882 1.331619 1.007702
0.637253 0.77067 1.321597
0.74223304 1.341128 0.859221
0.725178 1.325081 0.889844
0.670926 1.275695 0.835823
1.126797 1.286842 1.103533
1.071284 1.3803179 1.2924681
1.310463 1.4028699 1.419165
1.244123 1.422863 1.436936
1.318286 1.30949 1.41483
1.138006 1.11985 1.331616
1.334357 1.390035 1.258268
1.2683771 1.415345 1.269449
1.329289 0.971517 1.503288
1.367295 0.890871 1.430256
1.286702 0.966562 1.5415571
1.3591471 0.853049 1.4351311
1.255162 1.524284 0.964608
1.302211 1.520411 0.992004
1.297436 1.471189 0.916124
0.902939 1.066203 1.5948429
0.936495 1.015078 1.617029
0.99791 1.059147 1.566431
1.030965 0.977419 1.568757
1.484421 1.129276 1.137403
1.4245551 1.273145 1.234797
1.376389 1.241069 0.998119
1.402894 1.190961 1.033886
0.705444 1.190758 0.976174
0.789315 1.260548 1.108482
0.80417 1.257362 1.039768
0.940879 0.854123 1.558154
1.027406 1.565289 0.991086
0.984556 1.565556 0.935847
1.032214 1.539961 0.936743
0.974271 1.610065 1.053416
1.212851 1.037967 1.354917
1.271299 1.031075 1.418254
1.15031 1.298662 1.010387
0.83544 0.977196 1.370155
1.186921 0.715289 1.4481959
0.576771 1.287957 1.232573
0.63198304 1.320541 1.311556
0.918971 1.492815 1.09568
1.048506 1.354634 1.063288
0.863751 1.41106 1.256501
0.954389 1.46311 1.371895
1.362411 1.352645 0.899542
1.2895551 0.854506 1.5028889
1.5040641 1.062318 1.137143
1.471702 0.916073 1.122655
1.502646 0.996356 1.105586
1.02688 1.555446 1.029109
1.348322 0.998735 1.362421
1.282289 1.023901 1.505954
1.276839 1.026458 1.464349
1.296765 1.4912109 1.036242
1.274142 1.417339 1.052808
0.53804004 1.138242 1.215548
0.569316 1.237855 1.156969
0.574316 0.795354 1.240445
1.278865 1.004726 1.537812
1.278684 1.529983 1.018118
0.559492 1.153715 0.987416
1.494986 1.100525 1.161963
0.937495 1.561413 0.928051
1.027354 1.491629 0.872333
0.68171203 0.816875 1.3585169
0.71209097 0.732122 1.371937
0.916139 1.569376 1.092291
0.72929 1.197872 1.306433
0.681912 1.310213 1.2719309
0.736354 0.868191 1.2999771
0.944598 1.420084 1.503286
0.837108 1.319224 1.131436
0.75575197 1.270989 1.164537
1.298181 1.428262 1.35655
0.955848 1.060225 1.616272
0.529089 1.11831 1.029439
0.691954 1.283948 0.902395
0.876224 1.457594 1.449018
0.770846 1.257946 0.962194
0.605483 1.267166 1.328484
0.627047 1.233738 1.084671
0.759673 0.93994 1.280097
1.220269 1.330027 1.114226
1.113736 0.962371 1.342466
0.891376 1.471123 0.856352
0.703924 1.309207 0.85609
1.2624 1.361101 1.4494259
1.302148 1.383956 1.19135
1.3313379 0.931836 1.5032899
1.276442 1.506645 0.940574
0.979688 1.6039541 1.003212
0.744592 0.850261 1.378783
1.192647 1.354699 1.014297
0.868326 1.061274 1.381897
1.382301 1.249105 0.884021
1.076824 1.507954 0.971454
1.377068 0.979674 1.307372
1.229647 1.51921 0.97974
0.89304 0.86394 1.546039
0.983953 1.506865 0.870226
0.786115 1.389477 0.875233
0.673301 1.264282 1.319598
0.68359804 0.875107 1.270808
0.899345 1.337239 1.474767
0.669303 1.19825 0.954817
1.368543 1.362953 1.29616
0.927169 1.093003 1.566447
1.109694 1.281752 1.035887
1.234326 1.426597 1.340802
1.330095 1.471854 1.009034
1.237817 0.947903 1.538384
0.994481 0.959471 1.590617
1.170006 1.455568 0.97997
1.429046 1.119465 1.002968
0.653461 0.836958 1.316913
0.88861203 1.551166 0.949016
1.376285 1.211351 1.347429
0.973995 1.583073 1.081228
0.803832 0.920563 1.372088
0.999431 1.431162 1.415514
POLYGONS 2610 10440
3 283 282 2
3 260 319 0
3 339 28 362
3 252 213 181
3 273 23 269
3 237 20 668
3 258 1053 256
3 222 224 133
3 73 22 382
3 239 20 240
3 228 19 634
3 250 21 123
3 307 303 25
3 243 379 244
3 89 25 139
3 210 208 81
3 233 19 275
3 452 36 448
3 240 20 443
3 440 35 567
3 590 661 588
3 416 224 432
3 232 16 462
3 366 29 602
3 128 487 608
3 385 257 31
3 385 31 161
3 104 319 74
3 423 263 265
3 321 14 77
3 429 13 277
3 450 36 507
3 211 8 289
3 535 34 534
3 277 13 82
3 256 1053 302
3 325 26 675
3 396 220 337
3 340 11 225
3 294 2 347
3 347 282 284
3 362 28 344
3 221 18 219
3 241 363 380
3 166 10 399
3 229 6 629
3 225 11 410
3 411 11 261
3 74 209 415
3 429 426 320
3 578 17 371
3 236 3 437
3 451 224 222
3 582 480 369
3 437 3 537
3 132 377 378
3 245 9 486
3 248 6 491
3 286 5 79
3 507 36 445
3 514 12 89
3 25 303 201
3 238 9 245
3 546 36 450
3 555 39 566
3 441 373 558
3 458 17 578
3 486 9 595
3 380 363 375
3 249 10 166
3 328 17 651
3 537 3 655
3 322 3 663
3 667 43 678
3 51 395 975
3 350 333 335
3 335 334 353
3 203 204 310
3 209 85 308
3 0 319 980
3 236 68 665
3 259 385 467
3 241 69 154
3 38 626 621
3 238 520 366
3 480 127 370
3 397 63 516
3 397 65 408
3 461 71 129
3 245 140 141
3 211 57 309
3 287 79 500
3 491 91 330
3 201 514 511
3 206 56 138
3 232 67 276
3 23 623 624
3 573 574 587
3 546 146 548
3 451 120 454
3 439 440 557
3 220 423 419
3 427 45 320
3 458 121 654
3 227 64 401
3 233 67 235
3 365 98 597
3 245 70 140
3 379 380 244
3 252 72 253
3 189 178 646
3 261 75 417
3 340 93 389
3 268 270 271
3 228 65 19
3 505 146 137
3 212 57 292
3 202 514 305
3 290 80 317
3 328 90 475
3 210 79 318
3 319 1099 47
3 361 14 321
3 199 200 115
3 341 93 346
3 362 526 97
3 370 100 524
3 504 135 88
3 598 69 379
3 382 124 383
3 631 166 643
3 230 66 635
3 224 61 432
3 226 62 413
3 199 115 77
3 579 152 586
3 559 148 564
3 34 18 436
3 562 149 563
3 237 68 443
3 35 545 544
3 452 120 455
3 583 153 585
3 280 464 465
3 41 617 646
3 329 91 470
3 481 127 484
3 505 136 506
3 418 531 536
3 539 145 541
3 439 147 556
3 442 117 570
3 576 590 577
3 459 121 591
3 487 486 608
3 349 493 198
3 407 111 642
3 323 322 674
3 307 83 24
3 1006 359 361
3 335 396 332
3 353 96 356
3 469 385 468
3 178 649 650
3 49 188 1007
3 550 144 661
3 672 173 669
3 137 87 316
3 601 156 599
3 621 626 622
3 100 125 472
3 409 111 407
3 434 433 15
3 523 38 521
3 205 204 203
3 309 212 313
3 514 295 12
3 638 27 327
3 465 78 281
3 395 51 183
3 276 76 625
3 540 145 539
3 449 119 447
3 571 151 568
3 133 134 502
3 590 588 589
3 420 18 34
3 406 110 403
3 231 52 461
3 606 157 603
3 611 610 607
3 405 108 398
3 619 161 618
3 381 30 377
3 646 178 650
3 267 266 214
3 533 143 532
3 285 217 218
3 292 80 290
3 298 526 296
3 84 302 307
3 312 86 313
3 313 207 312
3 324 64 227
3 345 62 226
3 526 14 361
3 362 94 343
3 472 89 12
3 102 299 530
3 261 105 388
3 641 109 400
3 635 165 630
3 613 7 612
3 584 101 372
3 560 373 374
3 543 545 542
3 446 60 133
3 476 101 371
3 490 486 487
3 251 617 160
3 131 130 494
3 132 496 498
3 503 118 444
3 514 515 512
3 25 511 510
3 239 141 521
3 680 175 678
3 296 526 525
3 590 538 550
3 556 150 565
3 572 148 559
3 592 152 579
3 605 154 593
3 610 155 596
3 618 159 41
3 271 348 218
3 163 496 628
3 639 166 631
3 644 167 42
3 659 170 652
3 676 172 664
3 667 175 677
3 46 45 427
3 1006 321 48
3 333 396 335
3 352 95 44
3 311 85 310
3 390 387 186
3 469 716 467
3 197 50 53
3 281 78 196
3 672 172 665
3 339 97 338
3 315 317 316
3 617 159 615
3 519 623 516
3 409 108 408
3 638 165 637
3 460 122 647
3 300 310 301
3 554 150 563
3 271 270 274
3 263 113 422
3 540 119 548
3 449 61 454
3 571 147 557
3 420 92 419
3 662 170 654
3 406 109 401
3 231 66 235
3 660 144 27
3 606 155 597
3 611 156 609
3 405 110 404
3 462 71 52
3 381 131 244
3 106 105 389
3 82 301 277
3 312 311 56
3 479 126 475
3 324 327 517
3 345 94 346
3 285 348 164
3 472 125 470
3 384 103 386
3 261 104 75
3 391 106 28
3 394 395 422
3 641 168 643
3 433 116 432
3 414 433 413
3 134 33 74
3 1007 321 114
3 584 153 586
3 560 149 564
3 221 531 436
3 543 117 544
3 446 118 455
3 476 126 484
3 488 128 243
3 490 489 70
3 129 160 491
3 680 173 671
3 505 545 547
3 572 151 570
3 587 15 577
3 592 588 591
3 605 157 594
3 59 158 614
3 271 274 626
3 644 168 642
3 659 657 90
3 660 171 661
3 676 174 674
3 667 518 174
3 83 302 54
3 393 396 333
3 285 58 179
3 197 53 293
3 466 279 465
3 463 72 252
3 214 266 182
3 655 322 323
3 670 68 237
3 286 137 5
3 600 69 598
3 264 263 262
3 240 520 239
3 483 127 481
3 160 246 247
3 408 65 228
3 637 248 491
3 25 84 307
3 295 297 296
3 278 279 197
3 549 146 547
3 456 120 452
3 113 423 220
3 662 121 459
3 110 64 402
3 234 67 232
3 367 99 363
3 604 98 366
3 132 464 280
3 108 63 397
3 416 75 104
3 389 93 341
3 620 65 397
3 498 496 198
3 137 146 450
3 291 57 211
3 294 53 195
3 303 514 201
3 306 257 256
3 310 204 277
3 314 80 289
3 479 90 656
3 209 79 287
3 47 1099 185
3 354 351 13
3 428 55 1137
3 425 200 1140
3 675 517 325
3 326 91 491
3 337 332 396
3 356 96 82
3 342 93 340
3 347 53 294
3 58 164 347
3 357 96 336
3 368 99 221
3 29 240 367
3 524 100 295
3 380 69 241
3 391 339 387
3 165 66 229
3 431 61 223
3 412 62 225
3 580 152 578
3 116 417 432
3 560 148 558
3 438 68 236
3 453 120 451
3 585 153 582
3 122 194 193
3 648 617 251
3 468 385 619
3 471 91 25
3 482 127 480
3 485 499 242
3 497 280 495
3 502 134 415
3 679 142 522
3 38 518 521
3 551 145 547
3 561 117 441
3 587 590 573
3 581 121 458
3 594 364 363
3 162 76 275
3 632 638 249
3 650 169 646
3 653 90 328
3 463 181 1185
3 355 1224 1012
3 460 16 273
3 272 23 273
3 655 3 322
3 663 3 236
3 79 5 133
3 376 7 73
3 365 9 238
3 207 208 318
3 615 4 246
3 491 6 461
3 629 6 248
3 612 7 376
3 566 39 552
3 269 23 624
3 88 8 206
3 113 220 394
3 272 16 232
3 448 36 546
3 613 18 420
3 576 15 457
3 410 11 411
3 1007 114 1
3 320 426 427
3 651 17 458
3 399 10 227
3 230 19 233
3 595 9 365
3 130 377 132
3 598 379 128
3 402 517 63
3 645 193 189
3 428 426 429
3 495 196 681
3 81 208 212
3 315 81 290
3 473 17 328
3 318 208 210
3 517 26 325
3 324 10 327
3 336 334 332
3 344 28 341
3 364 29 363
3 369 480 370
3 509 299 504
3 31 257 386
3 618 31 386
3 644 42 631
3 634 19 230
3 433 343 226
3 436 18 221
3 354 13 429
3 562 39 559
3 552 39 562
3 443 20 237
3 445 36 452
3 169 616 41
3 474 37 481
3 128 379 243
3 288 81 286
3 142 20 239
3 668 20 142
3 534 34 418
3 457 15 539
3 565 367 439
3 567 35 442
3 588 661 459
3 602 29 364
3 161 31 618
3 640 32 407
3 251 21 250
3 675 26 323
3 358 321 1006
3 466 72 463
3 392 975 395
3 190 180 283
3 354 95 352
3 308 85 311
3 312 207 308
3 361 359 360
3 24 83 304
3 468 716 469
3 664 172 672
3 88 135 137
3 593 154 601
3 158 59 219
3 41 159 617
3 398 108 409
3 430 528 434
3 628 496 681
3 630 165 638
3 521 141 523
3 313 86 309
3 508 310 300
3 565 150 554
3 348 626 349
3 510 511 513
3 509 138 56
3 262 263 395
3 447 119 540
3 223 61 449
3 555 147 571
3 414 112 411
3 421 92 420
3 652 170 662
3 400 109 406
3 229 66 231
3 596 155 606
3 494 130 132
3 523 140 70
3 599 156 611
3 403 110 405
3 123 71 462
3 130 131 381
3 388 105 106
3 205 55 429
3 135 136 137
3 296 297 298
3 532 143 535
3 304 305 303
3 316 317 314
3 474 126 479
3 114 115 425
3 25 91 326
3 517 327 331
3 343 94 345
3 360 97 526
3 218 348 285
3 366 240 29
3 615 103 384
3 390 104 261
3 392 395 394
3 394 396 393
3 640 168 641
3 42 167 635
3 535 143 421
3 277 204 205
3 355 95 429
3 582 153 584
3 374 149 560
3 554 563 553
3 441 117 543
3 444 118 446
3 492 71 123
3 473 126 476
3 488 489 490
3 374 373 506
3 5 137 503
3 522 142 239
3 669 173 680
3 542 545 505
3 568 151 572
3 589 588 592
3 603 157 605
3 636 638 639
3 646 648 647
3 673 174 676
3 521 518 667
3 202 305 304
3 194 1145 193
3 270 194 273
3 670 173 672
3 258 385 259
3 286 87 137
3 600 156 601
3 136 135 504
3 87 286 315
3 483 125 100
3 517 518 519
3 408 111 409
3 529 433 434
3 250 123 460
3 254 215 255
3 295 525 524
3 57 212 309
3 329 27 638
3 499 131 242
3 89 139 515
3 88 138 509
3 210 81 288
3 67 76 276
3 549 145 540
3 456 119 449
3 569 151 571
3 501 134 133
3 234 52 231
3 658 657 660
3 604 157 606
3 609 610 611
3 385 161 619
3 620 623 162
3 362 524 525
3 321 77 115
3 291 80 292
3 529 528 524
3 14 526 298
3 306 302 84
3 206 86 312
3 208 207 313
3 402 64 324
3 342 62 345
3 368 59 363
3 477 89 472
3 25 4 384
3 633 109 641
3 431 15 433
3 412 112 414
3 267 7 423
3 423 7 613
3 580 101 584
3 374 102 553
3 453 60 446
3 585 369 574
3 240 144 538
3 464 124 466
3 471 477 470
3 482 101 476
3 485 489 488
3 245 486 490
3 497 496 132
3 507 118 503
3 520 141 239
3 679 175 680
3 82 96 533
3 531 299 536
3 551 538 590
3 147 150 556
3 561 148 572
3 581 152 592
3 594 154 605
3 608 155 610
3 103 159 618
3 198 496 163
3 348 163 628
3 632 166 639
3 111 167 644
3 653 170 659
3 666 172 676
3 921 46 427
3 645 122 193
3 176 107 393
3 350 351 352
3 216 217 285
3 213 253 214
3 26 144 655
3 495 280 281
3 668 173 670
3 256 257 258
3 598 156 600
3 382 383 376
3 192 266 264
3 37 125 483
3 634 111 408
3 196 293 681
3 21 160 492
3 330 638 637
3 7 215 254
3 295 100 12
3 435 565 554
3 218 217 271
3 197 78 278
3 244 131 499
3 275 76 67
3 622 274 624
3 524 528 575
3 547 145 549
3 448 119 456
3 567 151 569
3 33 134 501
3 933 49 424
3 661 171 662
3 462 52 234
3 656 657 658
3 602 157 604
3 349 38 70
3 608 610 609
3 16 460 462
3 178 468 649
3 74 33 416
3 28 106 389
3 343 524 362
3 22 466 124
3 493 494 498
3 289 80 291
3 282 347 2
3 8 86 206
3 8 88 314
3 27 478 479
3 247 246 326
3 13 351 356
3 225 62 342
3 336 92 357
3 344 94 362
3 219 59 368
3 377 30 378
3 11 105 261
3 399 109 633
3 410 112 412
3 415 134 74
3 371 101 580
3 437 240 438
3 222 60 453
3 537 144 240
3 378 124 464
3 616 649 468
3 25 477 471
3 372 101 482
3 242 489 485
3 495 496 497
3 209 500 502
3 445 118 507
3 299 56 508
3 89 515 514
3 245 141 520
3 677 175 679
3 530 299 531
3 566 150 147
3 558 148 561
3 578 152 581
3 241 154 594
3 595 155 608
3 615 159 103
3 349 163 348
3 634 167 111
3 645 646 647
3 651 170 653
3 663 172 666
3 678 175 667
3 48 321 187
3 353 351 350
3 44 95 355
3 310 85 177
3 260 1099 319
3 53 50 195
3 196 78 197
3 665 172 663
3 366 98 365
3 338 97 360
3 408 108 397
3 637 165 629
3 647 122 645
3 84 25 386
3 254 255 22
3 12 100 472
3 530 565 435
3 504 299 102
3 309 86 8
3 295 514 297
3 563 150 566
3 274 270 269
3 466 463 191
3 349 626 38
3 242 494 493
3 509 56 299
3 548 119 448
3 454 61 224
3 367 440 439
3 557 147 439
3 411 112 410
3 424 49 1007
3 419 92 337
3 654 170 651
3 401 109 399
3 235 66 230
3 99 367 221
3 27 144 26
3 597 155 595
3 609 156 598
3 404 110 402
3 52 71 461
3 389 105 11
3 396 394 220
3 267 215 7
3 271 217 216
3 429 55 428
3 137 136 505
3 527 524 343
3 306 84 386
3 56 311 310
3 475 126 473
3 47 209 319
3 337 92 336
3 346 94 344
3 470 125 37
3 386 103 618
3 643 168 644
3 635 167 634
3 77 297 54
3 429 95 354
3 586 153 583
3 564 149 562
3 436 531 418
3 544 117 442
3 455 118 445
3 585 574 573
3 538 545 35
3 72 466 22
3 470 478 27
3 484 126 474
3 70 489 349
3 491 160 247
3 251 160 21
3 497 132 280
3 286 79 288
3 671 173 668
3 296 525 295
3 547 545 538
3 541 590 457
3 570 151 567
3 594 157 602
3 614 158 30
3 625 623 23
3 626 274 622
3 198 163 349
3 642 168 640
3 647 648 251
3 650 649 616
3 90 657 656
3 674 174 675
3 174 518 675
3 1145 1188 193
3 273 16 272
3 280 465 281
3 268 216 194
3 669 43 664
3 599 40 593
3 133 500 79
3 378 30 158
3 286 81 315
3 518 38 623
3 407 32 398
3 293 627 628
3 636 42 630
3 307 24 303
3 327 10 249
3 158 18 612
3 139 510 512
3 625 23 272
3 430 15 587
3 539 15 447
3 447 15 223
3 367 35 440
3 568 39 555
3 502 500 133
3 589 583 573
3 411 433 414
3 929 1039 188
3 171 657 652
3 403 32 400
3 461 6 229
3 603 40 596
3 607 40 599
3 398 32 403
3 618 41 616
3 391 387 388
3 214 253 215
3 532 300 533
3 534 300 532
3 533 300 301
3 303 24 304
3 478 37 474
3 514 510 513
3 47 1134 209
3 227 10 324
3 673 43 667
3 246 4 25
3 331 26 517
3 421 143 92
3 347 627 293
3 92 143 357
3 524 575 369
3 530 435 102
3 375 30 381
3 388 387 390
3 394 107 392
3 400 32 640
3 416 33 224
3 421 34 535
3 320 1224 355
3 372 480 582
3 367 565 531
3 102 435 554
3 538 35 367
3 542 373 441
3 133 5 444
3 123 21 492
3 470 37 478
3 371 17 473
3 488 487 128
3 498 494 132
3 136 102 374
3 512 510 514
3 521 677 522
3 678 43 669
3 536 300 534
3 505 373 542
3 550 661 590
3 559 39 568
3 579 583 589
3 593 40 603
3 596 40 607
3 631 42 636
3 660 657 171
3 664 43 673
3 627 164 628
3 353 334 96
3 188 1231 1007
3 83 54 202
3 665 68 670
3 154 69 600
3 265 263 264
3 366 520 240
3 370 127 483
3 615 246 160
3 516 63 517
3 129 71 492
3 242 493 349
3 141 140 523
3 330 91 329
3 278 78 465
3 209 74 319
3 587 574 575
3 548 146 549
3 454 120 456
3 557 440 569
3 419 423 420
3 654 121 662
3 401 64 110
3 235 67 234
3 597 98 604
3 404 63 108
3 244 380 381
3 253 72 255
3 417 75 416
3 19 65 620
3 347 164 627
3 292 57 291
3 527 433 529
3 298 77 14
3 305 514 303
3 317 80 314
3 475 90 479
3 318 79 209
3 115 200 425
3 327 27 331
3 346 93 342
3 293 53 347
3 363 99 368
3 379 69 380
3 383 124 378
3 28 339 391
3 643 166 633
3 635 66 165
3 432 61 431
3 413 62 412
3 423 266 267
3 586 152 580
3 411 417 116
3 564 148 560
3 563 149 374
3 443 68 438
3 455 120 453
3 460 194 122
3 646 617 648
3 470 91 471
3 484 127 482
3 243 499 485
3 671 142 679
3 541 145 551
3 570 117 561
3 577 590 587
3 591 121 581
3 625 76 162
3 674 322 666
3 51 975 184
3 1134 47 1047
3 921 427 426
3 176 393 333
3 336 96 334
3 104 980 319
3 362 97 339
3 194 270 268
3 216 285 179
3 196 197 293
3 181 463 252
3 213 214 182
3 26 655 323
3 495 281 196
3 269 270 273
3 668 670 237
3 133 60 222
3 382 376 73
3 192 264 262
3 37 483 481
3 634 408 228
3 330 637 491
3 7 254 73
3 244 499 243
3 54 514 202
3 275 67 233
3 622 624 623
3 448 456 452
3 567 569 440
3 33 501 224
3 432 417 416
3 933 424 1
3 661 662 459
3 462 234 232
3 29 367 363
3 656 658 27
3 602 604 366
3 608 609 128
3 22 255 72
3 74 416 104
3 28 389 341
3 265 266 423
3 623 620 397
3 22 124 382
3 493 498 198
3 507 137 450
3 289 291 211
3 2 294 195
3 302 306 256
3 301 310 277
3 8 314 289
3 27 479 656
3 426 428 1137
3 1 425 1140
3 247 326 491
3 13 356 82
3 225 342 340
3 284 58 347
3 219 368 221
3 89 477 25
3 399 633 166
3 629 165 229
3 15 431 223
3 410 412 225
3 261 417 411
3 371 580 578
3 373 560 558
3 437 438 236
3 222 453 451
3 369 585 582
3 537 240 437
3 378 464 132
3 616 468 619
3 372 482 480
3 209 502 415
3 201 511 25
3 245 520 238
3 677 679 522
3 450 146 546
3 538 551 547
3 566 147 555
3 558 561 441
3 578 581 458
3 241 594 363
3 595 608 486
3 19 162 275
3 166 632 249
3 651 653 328
3 655 144 537
3 663 666 322
3 353 350 335
3 44 355 1012
3 45 46 1042
3 310 177 203
3 308 207 209
3 194 460 273
3 665 663 236
3 467 716 259
3 59 375 363
3 621 623 38
3 366 365 238
3 209 207 318
3 516 623 397
3 129 491 461
3 637 629 248
3 254 22 73
3 504 102 136
3 309 8 211
3 500 209 287
3 383 612 376
3 563 566 552
3 274 269 624
3 466 191 279
3 138 88 206
3 422 113 394
3 276 272 232
3 548 448 546
3 454 224 451
3 423 613 420
3 501 133 224
3 590 576 457
3 424 1007 1
3 419 337 220
3 654 651 458
3 401 399 227
3 235 230 233
3 27 26 331
3 597 595 365
3 609 598 128
3 404 402 63
3 253 213 252
3 646 645 189
3 389 11 340
3 271 216 268
3 496 495 681
3 292 81 212
3 527 343 433
3 298 297 77
3 306 386 257
3 313 212 208
3 317 315 290
3 475 473 328
3 321 358 361
3 337 336 332
3 96 357 143
3 346 344 341
3 524 369 370
3 88 509 504
3 422 395 263
3 643 644 631
3 635 634 230
3 413 433 226
3 77 54 199
3 586 583 579
3 564 562 559
3 436 418 34
3 563 552 562
3 544 442 35
3 455 445 452
3 585 573 583
3 646 169 41
3 470 27 329
3 484 474 481
3 506 373 505
3 671 668 142
3 518 517 675
3 536 534 418
3 541 457 539
3 556 565 439
3 570 567 442
3 577 15 576
3 591 588 459
3 594 602 364
3 614 30 375
3 628 164 348
3 642 640 407
3 647 251 250
3 650 616 169
3 674 675 323
3 361 358 1006
3 332 334 335
3 356 351 353
3 2 190 283
3 351 354 352
3 312 308 311
3 669 664 672
3 257 385 258
3 316 88 137
3 599 593 601
3 18 158 219
3 378 158 383
3 622 623 621
3 518 623 519
3 407 398 409
3 15 430 434
3 293 628 681
3 636 630 638
3 531 565 530
3 300 536 299
3 299 508 300
3 327 249 638
3 158 612 383
3 131 494 242
3 139 512 515
3 183 262 395
3 423 113 263
3 625 272 276
3 430 587 528
3 539 447 540
3 447 223 449
3 568 555 571
3 589 573 590
3 929 188 49
3 34 421 420
3 171 652 662
3 403 400 406
3 461 229 231
3 603 596 606
3 38 523 70
3 607 599 611
3 398 403 405
3 618 616 619
3 460 123 462
3 377 130 381
3 391 388 106
3 214 215 267
3 623 625 162
3 277 205 429
3 290 81 292
3 534 532 535
3 533 301 82
3 508 56 310
3 88 316 314
3 478 474 479
3 1 114 425
3 673 667 174
3 246 25 326
3 226 343 345
3 361 360 526
3 375 381 380
3 4 615 384
3 388 390 261
3 107 394 393
3 400 640 641
3 630 42 635
3 612 18 613
3 320 355 429
3 372 582 584
3 367 531 221
3 102 554 553
3 538 367 240
3 542 441 543
3 133 444 446
3 369 575 574
3 371 473 476
3 487 488 490
3 492 160 129
3 136 374 506
3 444 5 503
3 510 139 25
3 521 522 239
3 678 669 680
3 559 568 572
3 579 589 592
3 593 603 605
3 596 607 610
3 631 636 639
3 652 657 659
3 664 673 676
3 677 521 667
3 302 83 307
3 186 104 390
3 83 202 304
3 467 385 469
3 538 144 550
3 665 670 672
3 154 600 601
3 265 264 266
3 338 387 339
3 316 87 315
3 370 483 100
3 615 160 617
3 516 517 519
3 528 529 434
3 647 250 460
3 242 349 489
3 330 329 638
3 278 465 279
3 511 514 513
3 79 210 288
3 587 575 528
3 548 549 540
3 454 456 449
3 557 569 571
3 401 110 406
3 235 234 231
3 27 658 660
3 597 604 606
3 404 108 405
3 253 255 215
3 19 620 162
3 526 362 525
3 114 321 115
3 96 143 533
3 527 529 524
3 56 206 312
3 54 297 514
3 517 402 324
3 346 342 345
3 164 58 285
3 187 321 1007
3 470 477 472
3 386 25 384
3 643 633 641
3 432 431 433
3 413 412 414
3 586 580 584
3 411 116 433
3 563 374 553
3 443 438 240
3 544 545 543
3 455 453 446
3 465 464 466
3 484 482 476
3 243 485 488
3 70 245 490
3 137 507 503
3 671 679 680
3 547 146 505
3 541 551 590
3 570 561 572
3 591 581 592
3 614 375 59
3 626 348 271
3 638 632 639
3 642 111 644
3 90 653 659
3 661 144 660
3 674 666 676
3 1285 970 1215
3 968 1027 1012
3 1286 1104 872
3 213 1108 181
3 213 182 1252
3 1290 1116 702
3 1304 871 981
3 1053 258 1105
3 1014 1023 1020
3 1290 830 999
3 387 338 186
3 1291 958 960
3 1143 854 1072
3 826 1067 1241
3 1059 1054 1061
3 826 1065 1067
3 1288 1113 1018
3 1266 730 735
3 1285 1093 763
3 1291 1119 1083
3 1273 892 896
3 1290 999 902
3 951 953 1180
3 1292 1181 956
3 1293 1128 949
3 1042 919 1232
3 775 884 1152
3 1288 736 833
3 1286 1102 1218
3 1277 985 748
3 1083 1089 1247
3 1296 932 1082
3 1262 1074 1084
3 1076 1070 1013
3 1296 1082 1240
3 1297 1079 1060
3 185 1101 1235
3 426 1139 921
3 834 1229 1120
3 1300 978 1123
3 1059 993 824
3 1298 1094 972
3 107 1029 392
3 1295 1125 909
3 1300 1123 1122
3 1300 952 976
3 1046 1248 852
3 790 1000 803
3 759 1095 763
3 1276 929 1201
3 1275 1077 1197
3 1275 918 911
3 1294 784 997
3 1220 798 995
3 1306 1117 905
3 1292 893 1126
3 1306 905 822
3 181 1108 1185
3 1279 1183 996
3 1273 894 899
3 1111 1115 835
3 689 831 691
3 1296 1240 827
3 1273 812 894
3 1270 802 792
3 1294 885 784
3 1304 1219 757
3 1291 1083 958
3 1288 1018 733
3 1291 960 725
3 1294 1033 714
3 1306 822 715
3 1264 703 690
3 47 185 1048
3 1076 1075 1242
3 1231 188 1040
3 1143 2 1142
3 1230 1306 715
3 1257 1117 705
3 1031 870 1050
3 1256 773 768
3 999 1115 998
3 1178 843 1221
3 1253 1110 755
3 859 1187 722
3 1218 986 1216
3 1221 843 994
3 1238 1057 1056
3 1227 1032 1031
3 1168 804 792
3 1157 731 729
3 1137 1135 1051
3 1237 1077 1198
3 936 1094 941
3 1241 786 777
3 1169 812 811
3 1191 893 890
3 1261 1128 938
3 1261 1129 950
3 1258 1109 964
3 760 762 1000
3 1280 1001 770
3 1254 1111 835
3 1259 1120 962
3 1249 1302 984
3 1263 1187 1272
3 1026 945 971
3 1285 1095 1090
3 1145 179 1130
3 1202 931 925
3 1199 918 913
3 1069 1068 684
3 1246 1081 1063
3 1245 1078 1055
3 1044 1073 1234
3 1011 320 1008
3 1139 1138 915
3 1229 713 1035
3 1011 823 320
3 1071 1072 1141
3 994 1220 995
3 1256 1114 991
3 1250 1286 1218
3 1029 1028 974
3 1260 1124 907
3 1248 1098 1208
3 1204 940 762
3 1199 1079 916
3 1164 783 778
3 1167 800 793
3 1166 797 794
3 1257 1116 901
3 815 816 813
3 1191 892 889
3 1183 867 864
3 846 852 850
3 1177 841 847
3 1255 1113 1174
3 1169 819 810
3 788 803 802
3 1194 790 789
3 776 785 1196
3 1189 884 774
3 1223 767 1162
3 1219 748 1159
3 1226 1017 728
3 1212 959 719
3 1228 710 709
3 1230 697 695
3 1147 686 684
3 1074 1075 1243
3 46 919 1042
3 1215 970 968
3 1029 1027 1028
3 1136 205 1134
3 1024 48 1002
3 1103 716 1271
3 1150 698 701
3 1163 768 764
3 1181 853 849
3 1242 1071 1147
3 738 737 1021
3 262 183 1132
3 867 866 837
3 1212 957 959
3 955 777 956
3 1186 883 1187
3 1250 982 1282
3 1158 1112 861
3 1107 988 1092
3 1103 1053 1105
3 1226 1015 1017
3 1176 836 1250
3 935 934 944
3 1192 895 897
3 1205 937 943
3 1165 788 791
3 1206 946 948
3 729 1019 734
3 1213 1214 963
3 1161 764 1268
3 1159 745 747
3 1251 992 1106
3 744 743 745
3 1246 926 1081
3 1245 913 1078
3 764 854 855
3 1177 844 841
3 1051 1044 840
3 85 1134 177
3 1175 928 837
3 1297 1010 1041
3 1200 1198 920
3 1296 1005 1037
3 49 928 929
3 1258 1036 1109
3 1149 692 696
3 1253 1034 1110
3 1123 1024 1122
3 1147 683 686
3 1251 987 991
3 1218 1217 986
3 1214 718 965
3 1208 952 951
3 763 935 944
3 944 760 761
3 1201 929 927
3 1197 1077 914
3 1222 780 996
3 1195 956 908
3 1126 898 853
3 1185 877 879
3 1301 878 879
3 717 872 1154
3 1222 868 997
3 1141 1161 765
3 1299 1175 837
3 829 830 1172
3 1148 687 690
3 1172 1229 829
3 827 1171 955
3 1177 815 844
3 1167 787 800
3 777 910 1274
3 1160 746 756
3 744 752 751
3 966 739 967
3 733 727 1266
3 1156 719 724
3 716 1154 1271
3 1151 693 706
3 1148 689 691
3 685 682 1266
3 1074 283 1075
3 973 970 1096
3 1029 176 1027
3 44 1027 352
3 1242 1068 1076
3 47 1234 1047
3 1103 873 1104
3 1185 875 880
3 877 1108 1252
3 262 1131 192
3 886 1190 821
3 1151 698 705
3 1305 761 1223
3 967 737 1022
3 1160 749 755
3 1174 834 1022
3 961 957 966
3 859 856 1287
3 55 1136 1137
3 859 1036 1031
3 738 1015 1022
3 1045 1233 1046
3 1091 51 1096
3 1205 934 941
3 1192 818 811
3 1260 895 890
3 1204 937 938
3 776 775 886
3 1207 946 950
3 911 912 1275
3 1069 1019 1225
3 1153 708 1189
3 723 1263 1119
3 711 710 1035
3 1163 764 862
3 1213 961 962
3 753 983 984
3 744 745 753
3 969 968 971
3 1107 1091 1090
3 827 955 1005
3 1201 926 925
3 1301 876 1106
3 1238 1054 1055
3 1136 1052 1073
3 1184 867 1033
3 1233 1043 1100
3 1009 1010 1008
3 1036 710 1031
3 738 1013 1225
3 1231 1003 1004
3 1281 1122 1002
3 1237 852 846
3 1099 977 976
3 1215 969 1093
3 1156 724 723
3 1195 1196 907
3 1210 1211 1122
3 1206 948 1000
3 823 945 1026
3 1296 924 932
3 1297 911 916
3 779 780 778
3 1166 795 793
3 1168 805 794
3 1194 817 813
3 1193 898 889
3 815 821 814
3 1154 716 857
3 1184 868 864
3 1158 861 1254
3 856 717 857
3 1180 851 951
3 1220 843 845
3 1150 687 699
3 1165 787 789
3 1269 783 774
3 1161 771 765
3 1084 739 741
3 1157 727 728
3 1152 711 887
3 1149 693 695
3 1158 682 686
3 975 968 184
3 58 1130 179
3 266 1133 182
3 1230 712 697
3 1257 700 1116
3 1031 1236 871
3 259 1103 258
3 1256 769 1114
3 1178 842 845
3 1253 750 751
3 1259 834 1120
3 1218 982 1250
3 1139 1137 1138
3 1241 1171 826
3 1221 994 1056
3 1063 1064 1065
3 1046 852 1283
3 279 191 197
3 1255 1016 1113
3 1248 1233 1098
3 51 184 1097
3 1118 1087 1119
3 1169 809 819
3 1191 888 892
3 1261 942 1129
3 1209 849 953
3 1261 947 1128
3 1225 1019 1014
3 1189 708 884
3 1258 1213 1120
3 1249 1217 1102
3 753 745 985
3 976 1098 1100
3 1145 284 1089
3 1003 955 1004
3 1202 930 932
3 1199 917 1079
3 1143 190 2
3 1246 1066 1082
3 1245 1058 1079
3 1137 1073 1135
3 928 1175 1080
3 1011 1010 1121
3 1053 933 1
3 1229 694 713
3 1227 1030 1032
3 977 1024 978
3 1007 1004 1281
3 994 823 993
3 1256 991 773
3 1216 1236 1050
3 976 978 1300
3 936 972 1094
3 721 1214 726
3 1260 909 1125
3 1285 763 1095
3 1204 758 939
3 1202 922 931
3 1164 782 784
3 1167 795 801
3 1166 796 798
3 1257 904 1117
3 1191 891 893
3 1249 874 1302
3 764 1161 854
3 1254 861 1111
3 1177 1193 894
3 1255 1174 1022
3 832 688 831
3 1173 828 689
3 1059 824 1060
3 1169 810 812
3 820 806 819
3 1194 799 903
3 1189 781 885
3 1223 766 1305
3 861 770 863
3 1226 732 1018
3 859 726 1109
3 1212 1156 960
3 1228 1153 1033
3 1230 704 1306
3 283 180 1075
3 350 352 333
3 359 1006 980
3 54 302 1053
3 1118 1146 1144
3 1083 1086 1089
3 197 191 50
3 1306 707 1117
3 259 716 1103
3 845 842 1179
3 1285 1090 1096
3 1111 1001 1115
3 359 980 360
3 1279 866 1183
3 1304 757 1110
3 967 1022 1259
3 1241 777 955
3 1277 981 986
3 1053 1 1140
3 1270 792 804
3 1083 1247 1088
3 1285 1096 970
3 1298 1129 1094
3 1269 775 786
3 1273 896 812
3 1292 1124 893
3 1293 940 1128
3 1295 785 886
3 1300 1122 952
3 1276 923 929
3 1294 714 885
3 1293 1127 762
3 1111 863 1001
3 1302 752 984
3 1032 751 860
3 193 883 189
3 1298 972 945
3 759 1107 1095
3 1296 827 1005
3 1276 1201 931
3 1275 1197 918
3 1281 1004 1210
3 1284 1064 1081
3 914 1057 1078
3 1294 869 1033
3 1280 767 760
3 1279 779 1241
3 914 1077 846
3 1289 992 1114
3 1277 748 981
3 1285 1215 1093
3 1265 1155 718
3 1291 725 1119
3 1281 1210 1122
3 1293 949 1127
3 1293 762 940
3 1269 779 783
3 1270 797 800
3 1270 804 797
3 1290 902 1116
3 1273 899 892
3 1269 786 779
3 1118 882 1146
3 990 987 877
3 1286 872 1102
3 1032 860 859
3 845 1179 841
3 1290 832 830
3 1288 833 1113
3 1290 702 832
3 807 815 819
3 1295 886 820
3 1295 909 785
3 1278 988 773
3 1288 733 736
3 1014 731 1017
3 1302 874 717
3 775 1152 887
3 1007 1281 187
3 1185 879 875
3 44 1012 1027
3 1242 1147 1068
3 47 1048 1234
3 1100 1101 976
3 1103 1271 873
3 1146 1188 1144
3 262 1132 1131
3 886 808 1190
3 1151 706 698
3 967 742 737
3 1091 1092 183
3 1160 756 749
3 1216 1050 982
3 1141 765 1112
3 55 205 1136
3 1241 955 825
3 994 993 1239
3 1284 838 1064
3 859 1109 1036
3 738 1023 1015
3 1046 1283 1044
3 1091 183 51
3 1205 943 934
3 1192 897 818
3 1260 1125 895
3 1204 939 937
3 1211 955 952
3 1203 1039 929
3 1153 709 708
3 723 724 1263
3 770 771 1162
3 835 829 736
3 1213 963 961
3 753 985 983
3 1289 1301 992
3 1107 1092 1091
3 1201 927 926
3 1121 823 1011
3 1197 914 913
3 1301 879 876
3 684 685 1069
3 1063 1065 1062
3 1136 1134 1052
3 1176 1250 928
3 1234 1048 1044
3 1009 1042 1010
3 1003 1040 1005
3 1173 703 692
3 1031 1304 1034
3 1036 1035 710
3 738 1021 1013
3 1231 1040 1003
3 867 837 870
3 1237 839 852
3 1099 979 977
3 1215 968 969
3 1155 720 718
3 1195 908 1196
3 1210 955 1211
3 1209 953 952
3 928 1080 929
3 1296 1037 924
3 1297 1041 911
3 1166 798 795
3 1194 903 817
3 1193 847 898
3 1184 869 868
3 856 858 717
3 1179 1303 847
3 832 831 830
3 1150 701 687
3 834 829 1229
3 1165 791 787
3 1161 1268 771
3 1107 759 1305
3 1159 747 746
3 1084 740 739
3 733 1266 736
3 1157 730 727
3 859 722 721
3 1149 696 693
3 1158 736 682
3 46 1200 919
3 1009 45 1042
3 1024 1025 48
3 872 1104 873
3 1145 1085 1144
3 1252 1133 1131
3 1038 1203 924
3 875 1142 1244
3 1150 700 698
3 1163 769 768
3 1181 848 853
3 1242 180 1071
3 1000 999 998
3 846 842 1056
3 743 750 749
3 1212 958 957
3 1241 1064 866
3 1053 1140 200
3 1239 1238 1056
3 1103 1250 1053
3 1262 283 1074
3 1226 1016 1015
3 1289 862 855
3 735 730 734
3 1176 1053 836
3 935 936 934
3 1083 1087 1085
3 820 809 818
3 1192 888 895
3 900 999 1000
3 1205 942 937
3 1165 790 788
3 955 1209 952
3 1206 947 946
3 1232 920 912
3 881 1263 1272
3 1251 991 992
3 744 751 743
3 980 1025 977
3 1246 930 926
3 1245 917 913
3 877 1251 876
3 1051 1073 1044
3 180 190 1071
3 1240 1066 1062
3 1059 1058 1054
3 870 1228 867
3 1235 1100 1043
3 1200 915 1198
3 49 933 928
3 1149 694 692
3 1253 1030 1034
3 837 1049 870
3 975 974 968
3 850 954 951
3 803 1000 948
3 944 758 760
3 1222 782 780
3 1126 891 898
3 1170 900 821
3 717 874 872
3 1222 865 868
3 1178 845 843
3 1299 838 1175
3 829 999 830
3 1148 688 687
3 1172 828 1229
3 1121 824 823
3 1177 810 815
3 1167 799 787
3 777 776 910
3 1164 781 783
3 1160 754 746
3 966 741 739
3 733 732 727
3 1151 704 693
3 1148 703 689
3 973 1097 968
3 46 921 1200
3 107 176 1029
3 1069 1070 1068
3 1009 320 45
3 1234 1073 1047
3 0 979 260
3 977 0 980
3 1038 1039 1203
3 711 713 712
3 875 1182 1142
3 1190 822 1170
3 1150 702 700
3 846 851 1179
3 1163 1289 769
3 1181 1292 848
3 989 990 988
3 743 751 750
3 1212 960 958
3 1239 1056 994
3 1239 1061 1238
3 1262 282 283
3 1226 1018 1016
3 1250 1049 837
3 915 1138 1051
3 915 1283 839
3 935 763 936
3 820 819 809
3 1192 896 888
3 900 902 999
3 1205 1129 942
3 955 956 1209
3 1206 949 947
3 729 731 1019
3 1174 833 736
3 1159 748 745
3 881 882 1263
3 988 990 1252
3 1246 1082 930
3 1245 1079 917
3 877 987 1251
3 740 1084 1074
3 1051 1135 1073
3 1059 1060 1058
3 870 710 1228
3 1045 1046 1044
3 1200 921 915
3 1258 1120 1036
3 1149 697 694
3 1253 751 1030
3 1243 1076 1013
3 104 186 980
3 975 392 974
3 1208 976 952
3 850 852 954
3 1207 1298 945
3 924 1276 922
3 1222 997 782
3 1195 1292 956
3 1220 801 795
3 805 995 796
3 900 905 904
3 1170 822 900
3 1222 996 865
3 860 1302 717
3 875 878 1289
3 829 835 999
3 1148 691 688
3 1121 1297 824
3 1177 894 810
3 886 807 806
3 945 792 802
3 1167 801 799
3 777 775 776
3 1164 784 781
3 772 773 766
3 1160 757 754
3 966 958 741
3 711 715 1190
3 1151 707 704
3 1148 690 703
3 973 1096 1097
3 977 979 0
3 1038 1040 1039
3 1085 1145 1086
3 1262 284 282
3 50 1142 195
3 1185 880 463
3 924 923 1276
3 886 821 807
3 1151 705 707
3 1282 1050 870
3 846 1179 842
3 772 768 773
3 1280 998 1001
3 1160 755 757
3 961 966 967
3 686 683 1112
3 859 1287 1187
3 426 1137 1139
3 463 1244 191
3 1205 941 1129
3 1192 811 896
3 1260 890 1124
3 1204 938 940
3 788 790 803
3 776 886 785
3 1211 952 1122
3 1203 929 923
3 1207 950 1298
3 1069 1225 1013
3 1153 1189 714
3 1214 964 726
3 711 1035 713
3 1163 862 1289
3 1213 962 1120
3 744 753 752
3 969 971 972
3 1182 854 1143
3 845 844 903
3 1238 1055 1057
3 1136 1073 1137
3 1184 1033 869
3 1176 928 1053
3 1233 1100 1098
3 1009 1008 320
3 1024 977 1025
3 738 1225 1020
3 320 968 1224
3 1231 1004 1007
3 1223 760 767
3 1237 846 1077
3 989 987 990
3 1219 981 748
3 1156 723 725
3 1195 907 1292
3 1206 1000 949
3 1166 793 797
3 1168 794 804
3 900 901 902
3 1194 813 790
3 1193 889 899
3 1241 779 786
3 815 814 816
3 1287 1186 1187
3 1154 857 717
3 870 1031 710
3 1184 864 867
3 1158 1254 736
3 856 857 1287
3 1220 845 801
3 915 840 1283
3 1150 699 702
3 1165 789 790
3 1269 774 775
3 1107 1305 988
3 860 752 1302
3 1084 741 1088
3 1157 728 731
3 1155 719 720
3 1149 695 697
3 685 684 682
3 1158 686 1112
3 1272 883 881
3 968 1028 1027
3 1134 203 177
3 185 1099 1101
3 1281 1002 187
3 1287 716 468
3 1118 1144 1087
3 775 887 808
3 216 179 194
3 1264 701 706
3 1286 1250 1104
3 1268 764 772
3 1180 849 1303
3 763 761 1305
3 1278 989 988
3 1267 1021 742
3 914 846 1056
3 720 959 957
3 1274 956 777
3 860 858 859
3 1272 1187 883
3 1132 1092 988
3 689 828 1172
3 1279 1241 866
3 54 1053 199
3 1059 1061 993
3 1262 1084 1247
3 1014 1017 1023
3 1235 1043 1045
3 758 944 943
3 1295 820 897
3 1295 897 1125
3 816 1000 790
3 758 943 939
3 1270 791 802
3 906 948 1207
3 735 734 1019
3 710 1152 709
3 720 963 965
3 1265 1187 724
3 1268 766 771
3 720 957 963
3 1277 983 985
3 749 747 745
3 1132 988 1131
3 1287 468 178
3 1262 1247 284
3 1267 742 967
3 1284 1081 927
3 1289 855 1182
3 1267 740 1243
3 1283 840 1044
3 1147 1071 683
3 735 1019 685
3 826 1240 1065
3 1235 1045 1048
3 1232 1041 1042
3 1275 920 1077
3 1038 1037 1040
3 1264 696 703
3 1267 1243 1021
3 1280 760 998
3 1283 852 839
3 1278 773 991
3 1278 991 989
3 1277 986 983
3 1304 981 1219
3 1274 910 908
3 906 803 948
3 906 1207 945
3 1284 927 1080
3 1038 924 1037
3 1232 912 1041
3 1279 996 779
3 1274 908 956
3 816 814 1000
3 1303 853 847
3 807 821 815
3 1271 1154 873
3 1294 997 869
3 1289 1182 875
3 1180 1303 851
3 689 1172 831
3 1264 690 701
3 903 844 817
3 906 802 803
3 1270 800 791
3 1268 772 766
3 763 1305 759
3 749 756 747
3 1267 967 740
3 1265 718 722
3 1265 724 1155
3 710 711 1152
3 1264 706 696
3 352 1027 333
3 980 1006 1025
3 58 284 1130
3 1244 880 875
3 266 192 1133
3 1230 715 712
3 1257 705 700
3 1031 1050 1236
3 1256 768 769
3 1126 853 848
3 338 360 186
3 1178 1221 842
3 1183 866 867
3 1253 755 750
3 1259 1022 834
3 178 883 1186
3 1218 1216 982
3 1241 825 1171
3 1073 1052 1134
3 1168 792 805
3 50 191 1244
3 1255 1022 1016
3 1157 729 730
3 1237 1198 839
3 1248 1046 1233
3 1169 811 809
3 1191 890 888
3 1261 938 942
3 1209 1181 849
3 1261 950 947
3 1258 964 1213
3 1118 1119 882
3 1280 770 767
3 1254 835 736
3 1259 962 967
3 1249 984 1217
3 1026 971 968
3 1145 1130 284
3 1003 1005 955
3 1202 925 930
3 1199 913 917
3 1143 1072 190
3 1210 1004 955
3 1246 1063 1066
3 1245 1055 1058
3 1011 1008 1010
3 1229 1035 1036
3 1229 1173 694
3 1227 1031 1030
3 1071 1141 683
3 1282 870 1049
3 994 995 823
3 1216 981 1236
3 936 1093 972
3 721 718 1214
3 1260 907 909
3 1248 1208 954
3 1204 762 758
3 1202 932 922
3 1199 916 918
3 1164 778 782
3 1167 793 795
3 1166 794 796
3 1257 901 904
3 1191 889 891
3 1146 882 1188
3 1249 1102 874
3 1183 864 865
3 846 850 851
3 1177 847 1193
3 1284 1080 838
3 832 699 688
3 1173 1229 828
3 1240 826 827
3 945 823 805
3 1194 789 799
3 1189 774 781
3 1223 1162 766
3 861 765 770
3 1219 1159 754
3 1226 728 732
3 1212 719 1156
3 1228 709 1153
3 1230 695 704
3 968 1097 184
3 1188 883 193
3 1068 1070 1076
3 1047 1073 1134
3 260 979 1099
3 1142 1182 1143
3 1133 1252 182
3 712 713 697
3 700 702 1116
3 1236 981 871
3 1103 1105 258
3 1179 851 1303
3 769 1289 1114
3 848 1292 1126
3 738 1020 1023
3 1141 1072 854
3 1064 1241 1067
3 1238 1061 1054
3 1064 1067 1065
3 1016 1018 1113
3 1051 1138 1137
3 936 763 1093
3 1087 1083 1119
3 888 896 892
3 849 1180 953
3 1209 956 1181
3 947 949 1128
3 920 1232 919
3 1019 731 1014
3 708 1152 884
3 1217 1218 1102
3 745 748 985
3 284 1247 1089
3 930 1082 932
3 1069 1013 1070
3 1066 1240 1082
3 1058 1060 1079
3 1100 1235 1101
3 1010 1297 1121
3 915 921 1139
3 1036 1120 1229
3 694 697 713
3 1030 751 1032
3 1024 1123 978
3 823 824 993
3 974 392 1029
3 954 852 1248
3 922 1276 931
3 782 997 784
3 796 995 798
3 904 905 1117
3 891 1126 893
3 900 822 905
3 877 1185 1108
3 716 1287 857
3 1031 871 1304
3 865 996 1183
3 1161 1141 854
3 861 863 1111
3 1289 878 1301
3 1193 899 894
3 999 835 1115
3 688 691 831
3 824 1297 1060
3 810 894 812
3 806 807 819
3 799 801 903
3 781 784 885
3 766 773 1305
3 754 757 1219
3 741 958 1083
3 732 733 1018
3 1156 725 960
3 1153 714 1033
3 1190 715 822
3 704 707 1306
3 684 1068 1147
3 1235 1048 185
3 180 1242 1075
3 1039 1040 188
3 1086 1145 1089
3 195 1142 2
3 463 880 1244
3 213 1252 1108
3 194 179 1145
3 707 705 1117
3 1090 1091 1096
3 1001 998 1115
3 85 209 1134
3 757 755 1110
3 1112 683 1141
3 1265 722 1187
3 981 1216 986
3 1220 994 843
3 914 1056 1057
3 859 1031 1032
3 1247 1084 1088
3 1129 941 1094
3 775 777 786
3 896 811 812
3 1124 890 893
3 940 938 1128
3 1298 950 1129
3 714 1189 885
3 726 964 1109
3 1127 1000 762
3 863 770 1001
3 752 753 984
3 883 178 189
3 972 971 945
3 1107 1090 1095
3 1201 925 931
3 1197 913 918
3 685 1266 735
3 1064 1063 1081
3 1057 1055 1078
3 1053 928 933
3 968 320 823
3 1020 1225 1014
3 1224 968 1012
3 992 991 1114
3 968 974 1028
3 725 723 1119
3 1292 907 1124
3 949 1000 1127
3 1297 916 1079
3 779 778 783
3 797 793 800
3 804 794 797
3 902 901 1116
3 790 813 816
3 899 889 892
3 801 845 903
3 1179 847 841
3 1049 1250 1282
3 833 1174 1113
3 702 699 832
3 815 810 819
3 886 806 820
3 909 1196 785
3 775 774 884
3 988 1305 773
3 1088 741 1083
3 731 728 1017
3 720 719 959
3 1287 178 1186
3 682 684 686
3 1076 1243 1075
3 881 883 1188
3 973 968 970
3 203 1134 205
3 1101 1099 976
3 187 1002 48
3 1188 1145 1144
3 1087 1144 1085
3 990 877 1252
3 808 887 1190
3 706 701 698
3 1104 1250 1103
3 772 764 768
3 1303 849 853
3 742 1021 737
3 1092 1132 183
3 1299 837 866
3 1174 829 834
3 859 858 856
3 1050 1282 982
3 765 861 1112
3 802 906 945
3 199 1053 200
3 993 1061 1239
3 838 1299 1064
3 1023 1017 1015
3 840 915 1051
3 1045 1043 1233
3 943 944 934
3 1086 1083 1085
3 897 820 818
3 1125 897 895
3 939 943 937
3 802 791 788
3 1207 948 946
3 709 1152 708
3 965 963 1214
3 724 1187 1263
3 771 766 1162
3 829 1174 736
3 963 957 961
3 1301 1106 992
3 1131 988 1252
3 749 745 743
3 927 1081 926
3 914 1078 913
3 1182 855 854
3 845 841 844
3 685 1019 1069
3 1065 1240 1062
3 1250 837 928
3 1048 1045 1044
3 1042 1041 1010
3 1077 920 1198
3 1040 1037 1005
3 703 696 692
3 1304 1110 1034
3 1021 1243 1013
3 998 760 1000
3 989 991 987
3 983 986 1217
3 720 965 718
3 908 910 1196
3 953 951 952
3 1080 927 929
3 1041 912 911
3 779 996 780
3 798 1220 795
3 1000 814 900
3 847 853 898
3 876 879 877
3 875 879 878
3 873 1154 872
3 869 997 868
3 858 860 717
3 831 1172 830
3 701 690 687
3 825 955 1171
3 817 844 815
3 775 808 886
3 791 800 787
3 747 756 746
3 860 751 752
3 740 967 739
3 730 1266 727
3 722 718 721
3 1155 724 719
3 696 706 693
3 736 1266 682
3 1200 920 919
3 333 1027 176
3 1025 1006 48
3 1133 192 1131
3 1203 923 924
3 712 715 711
3 1142 50 1244
3 1170 821 1190
3 700 705 698
3 760 1223 761
3 738 1022 737
3 186 360 980
3 842 1221 1056
3 750 755 749
3 958 966 957
3 1064 1299 866
3 805 792 945
3 1016 1022 1015
3 862 764 855
3 730 729 734
3 1053 1250 836
3 839 1198 915
3 1097 1096 51
3 936 941 934
3 809 811 818
3 888 890 895
3 942 938 937
3 947 950 946
3 920 1275 912
3 1213 964 1214
3 882 1119 1263
3 767 770 1162
3 967 962 961
3 1217 984 983
3 1098 976 1208
3 930 925 926
3 1251 1106 876
3 1074 1243 740
3 190 1072 1071
3 1066 1063 1062
3 1058 1055 1054
3 1228 1033 867
3 694 1173 692
3 1030 1031 1034
3 1026 968 823
3 1024 1002 1122
3 823 995 805
3 978 976 977
3 972 1093 969
3 909 907 1196
3 954 1208 951
3 758 762 760
3 922 932 924
3 918 916 911
3 782 778 780
3 796 794 805
3 904 901 900
3 815 813 817
3 891 889 898
3 900 814 821
3 1188 882 881
3 874 1102 872
3 865 864 868
3 850 951 851
3 838 1080 1175
3 688 699 687
3 827 826 1171
3 799 789 787
3 776 1196 910
3 781 774 783
3 770 765 771
3 763 944 761
3 754 1159 746
3 732 728 727
3 726 859 721
3 1190 887 711
3 704 695 693
3 703 1173 689
