 0.00000     0.000000000     0.000000000     0.000000000     0.000000000      0.000000000     0.000000000
 0.01000    -0.000139740    -0.000000100    -0.000220760    -0.000019601      0.000000000    -0.000003087
 0.02000    -0.000679860    -0.000000404    -0.000460210    -0.000036874      0.000000000    -0.000011371
 0.03000    -0.001520600    -0.000000877    -0.000834590    -0.000049029      0.000000000    -0.000010019
 0.04000    -0.002637800    -0.000001486    -0.001303800    -0.000060076      0.000000000    -0.000007157
 0.05000    -0.003856700    -0.000002322    -0.001801700    -0.000084182      0.000000000    -0.000006286
 0.06000    -0.005002900    -0.000003423    -0.002299300    -0.000107380      0.000000000    -0.000024136
 0.07000    -0.005997000    -0.000004616    -0.002818500    -0.000114930     -0.000000001    -0.000038967
 0.08000    -0.006827300    -0.000005833    -0.003285200    -0.000124110     -0.000000001    -0.000054046
 0.09000    -0.007328400    -0.000007152    -0.003563000    -0.000141000     -0.000000001    -0.000062733
 0.10000    -0.007460300    -0.000008658    -0.003651800    -0.000156320     -0.000000001    -0.000062758
 0.11000    -0.007430700    -0.000010310    -0.003651900    -0.000162390      0.000000000    -0.000055646
 0.12000    -0.007462800    -0.000012013    -0.003668200    -0.000161440      0.000000000    -0.000048349
 0.13000    -0.007520800    -0.000013667    -0.003684300    -0.000152050      0.000000000    -0.000049644
 0.14000    -0.007377700    -0.000015172    -0.003595300    -0.000139980     -0.000000001    -0.000053293
 0.15000    -0.007051400    -0.000016503    -0.003419900    -0.000128580     -0.000000002    -0.000063010
 0.16000    -0.006826600    -0.000017655    -0.003305000    -0.000116290     -0.000000003    -0.000066017
 0.17000    -0.006775000    -0.000018710    -0.003273000    -0.000106150     -0.000000002    -0.000053599
 0.18000    -0.006808800    -0.000019641    -0.003287500    -0.000085621     -0.000000001    -0.000040448
 0.19000    -0.006862900    -0.000020379    -0.003312100    -0.000061238      0.000000001    -0.000016979
 0.20000    -0.006920000    -0.000020916    -0.003345600    -0.000034860      0.000000001    -0.000002002
 0.21000    -0.007026700    -0.000021183    -0.003405300    -0.000010851      0.000000001     0.000001066
 0.22000    -0.007138400    -0.000021189    -0.003459800     0.000012962      0.000000000     0.000007972
 0.23000    -0.007215200    -0.000020953    -0.003505700     0.000033963      0.000000000     0.000011273
 0.24000    -0.007256800    -0.000020505    -0.003532400     0.000054539      0.000000001     0.000027882
 0.25000    -0.007292700    -0.000019892    -0.003550000     0.000077150      0.000000002     0.000043833
 0.26000    -0.007301000    -0.000019106    -0.003556200     0.000094774      0.000000004     0.000061175
 0.27000    -0.007290900    -0.000018148    -0.003550200     0.000116760      0.000000004     0.000073013
 0.28000    -0.007247200    -0.000017032    -0.003537300     0.000129010      0.000000004     0.000074928
 0.29000    -0.007198800    -0.000015753    -0.003520000     0.000139750      0.000000003     0.000071715
 0.30000    -0.007150800    -0.000014367    -0.003515900     0.000144840      0.000000003     0.000065082
 0.31000    -0.007105100    -0.000012897    -0.003517000     0.000150160      0.000000003     0.000065183
 0.32000    -0.007077400    -0.000011396    -0.003538800     0.000150870      0.000000002     0.000061653
 0.33000    -0.007050200    -0.000009896    -0.003575800     0.000147200      0.000000002     0.000061379
 0.34000    -0.007028300    -0.000008429    -0.003628000     0.000143460      0.000000002     0.000059951
 0.35000    -0.007004600    -0.000007024    -0.003700800     0.000134250      0.000000002     0.000047859
 0.36000    -0.006966200    -0.000005709    -0.003775700     0.000120680      0.000000001     0.000038732
 0.37000    -0.006914900    -0.000004512    -0.003872600     0.000101870      0.000000001     0.000025404
 0.38000    -0.006874400    -0.000003486    -0.003991500     0.000083914      0.000000001     0.000014581
 0.39000    -0.006823500    -0.000002670    -0.004124900     0.000062636      0.000000001     0.000006431
 0.40000    -0.006755400    -0.000002076    -0.004276700     0.000039389      0.000000000    -0.000000987
 0.41000    -0.006674800    -0.000001724    -0.004444400     0.000016631      0.000000000    -0.000009172
 0.42000    -0.006575200    -0.000001601    -0.004629500    -0.000008224      0.000000000    -0.000023458
 0.43000    -0.006467300    -0.000001721    -0.004837900    -0.000030717      0.000000000    -0.000030908
 0.44000    -0.006345500    -0.000002078    -0.005069800    -0.000054914     -0.000000001    -0.000040536
 0.45000    -0.006224000    -0.000002673    -0.005325000    -0.000075750     -0.000000001    -0.000046475
 0.46000    -0.006084800    -0.000003498    -0.005606800    -0.000095494     -0.000000001    -0.000052337
 0.47000    -0.005930200    -0.000004530    -0.005913000    -0.000113130     -0.000000001    -0.000059097
 0.48000    -0.005777100    -0.000005741    -0.006251700    -0.000125400     -0.000000001    -0.000058485
 0.49000    -0.005593400    -0.000007086    -0.006612200    -0.000136090      0.000000000    -0.000058964
 0.50000    -0.005385000    -0.000008536    -0.006993600    -0.000140010      0.000000000    -0.000054029
 0.51000    -0.005170600    -0.000010070    -0.007409900    -0.000143520      0.000000000    -0.000051289
 0.52000    -0.004934800    -0.000011650    -0.007845300    -0.000144140      0.000000000    -0.000048502
 0.53000    -0.004672000    -0.000013249    -0.008308600    -0.000140020      0.000000001    -0.000040816
 0.54000    -0.004380500    -0.000014837    -0.008794800    -0.000135510      0.000000001    -0.000034907
 0.55000    -0.004065900    -0.000016377    -0.009302800    -0.000124420      0.000000002    -0.000023233
 0.56000    -0.003726900    -0.000017841    -0.009842700    -0.000112170      0.000000002    -0.000013401
 0.57000    -0.003367100    -0.000019191    -0.010411000    -0.000099020      0.000000003    -0.000005343
 0.58000    -0.002992400    -0.000020402    -0.011008000    -0.000081597      0.000000003     0.000005581
 0.59000    -0.002596900    -0.000021447    -0.011640000    -0.000062533      0.000000004     0.000015078
 0.60000    -0.002188700    -0.000022313    -0.012300000    -0.000042177      0.000000005     0.000026702
 0.61000    -0.001761900    -0.000022983    -0.012994000    -0.000022552      0.000000006     0.000039239
 0.62000    -0.001316000    -0.000023442    -0.013724000    -0.000004613      0.000000006     0.000045190
 0.63000    -0.000864010    -0.000023682    -0.014484000     0.000016691      0.000000006     0.000052869
 0.64000    -0.000398610    -0.000023703    -0.015281000     0.000038497      0.000000006     0.000058532
 0.65000    -0.000029301    -0.000023467    -0.016211000     0.000059564      0.000000006     0.000059057
 0.66000     0.000270420    -0.000022943    -0.017246000     0.000083462      0.000000007     0.000066890
 0.67000     0.000545870    -0.000022144    -0.018331000     0.000104440      0.000000007     0.000072254
 0.68000     0.000850300    -0.000021079    -0.019447000     0.000125430      0.000000006     0.000066046
 0.69000     0.001226400    -0.000019727    -0.020578000     0.000141030      0.000000005     0.000057829
 0.70000     0.001679000    -0.000018150    -0.021719000     0.000150290      0.000000005     0.000056458
 0.71000     0.002224400    -0.000016456    -0.022856000     0.000154320      0.000000005     0.000055470
 0.72000     0.002850300    -0.000014708    -0.023980000     0.000155270      0.000000005     0.000051654
 0.73000     0.003545000    -0.000012932    -0.025118000     0.000154040      0.000000005     0.000050738
 0.74000     0.004276600    -0.000011148    -0.026289000     0.000149770      0.000000005     0.000045028
 0.75000     0.005039400    -0.000009359    -0.027479000     0.000144360      0.000000004     0.000031636
 0.76000     0.005840300    -0.000007584    -0.028687000     0.000135130      0.000000003     0.000015867
 0.77000     0.006666000    -0.000005868    -0.029922000     0.000123680      0.000000003     0.000002379
 0.78000     0.007512900    -0.000004284    -0.031193000     0.000108650      0.000000002    -0.000008853
 0.79000     0.008368300    -0.000002882    -0.032492000     0.000089439      0.000000002    -0.000015931
 0.80000     0.009226300    -0.000001699    -0.033821000     0.000070114      0.000000001    -0.000020341
 0.81000     0.010073000    -0.000000754    -0.035208000     0.000053381      0.000000001    -0.000025879
 0.82000     0.010697000    -0.000000016    -0.036844000     0.000036546      0.000000001    -0.000038366
 0.83000     0.011311000     0.000000501    -0.038559000     0.000015483      0.000000001    -0.000044871
 0.84000     0.011964000     0.000000757    -0.040261000    -0.000005300      0.000000000    -0.000052295
 0.85000     0.012789000     0.000000733    -0.041926000    -0.000027403      0.000000000    -0.000067592
 0.86000     0.013709000     0.000000385    -0.043586000    -0.000051334      0.000000000    -0.000069599
 0.87000     0.014683000    -0.000000284    -0.045238000    -0.000069077      0.000000000    -0.000072754
 0.88000     0.015755000    -0.000001194    -0.046871000    -0.000082933      0.000000000    -0.000069719
 0.89000     0.016889000    -0.000002283    -0.048500000    -0.000090771      0.000000000    -0.000076402
 0.90000     0.018051000    -0.000003520    -0.050140000    -0.000098746      0.000000000    -0.000078162
 0.91000     0.019264000    -0.000004870    -0.051771000    -0.000106320      0.000000000    -0.000083804
 0.92000     0.020196000    -0.000006331    -0.053647000    -0.000107310      0.000000000    -0.000083860
 0.93000     0.021119000    -0.000007890    -0.055671000    -0.000115420      0.000000001    -0.000069437
 0.94000     0.022060000    -0.000009673    -0.057684000    -0.000123560      0.000000002    -0.000069346
 0.95000     0.023130000    -0.000011591    -0.059645000    -0.000124070      0.000000002    -0.000053716
 0.96000     0.024340000    -0.000013556    -0.061589000    -0.000122070      0.000000003    -0.000035494
 0.97000     0.025620000    -0.000015579    -0.063510000    -0.000115570      0.000000004    -0.000021638
 0.98000     0.027008000    -0.000017538    -0.065369000    -0.000110710      0.000000005    -0.000007860
 0.99000     0.028505000    -0.000019433    -0.067183000    -0.000098561      0.000000004    -0.000001840
 1.00000     0.030088000    -0.000021216    -0.068951000    -0.000090490      0.001952900     0.000008038
 1.01000     0.031365000    -0.000022741    -0.070991000    -0.000060041      0.119840000     0.000012674
 1.02000     0.032778000    -0.000024099    -0.073067000    -0.000029774      0.569100000    -0.000022350
 1.03000     0.034262000    -0.000025076    -0.075072000     0.000011736      0.733730000    -0.000047158
 1.04000     0.035872000    -0.000025497    -0.077017000     0.000052499      1.017800000    -0.000057418
 1.05000     0.037635000    -0.000025393    -0.078900000     0.000085027      1.129600000    -0.000055416
 1.06000     0.039502000    -0.000024817    -0.080698000     0.000109470      1.192500000    -0.000053430
 1.07000     0.041493000    -0.000023828    -0.082391000     0.000122880      1.225900000    -0.000056395
 1.08000     0.043577000    -0.000022385    -0.084008000     0.000141920      1.081700000    -0.000051812
 1.09000     0.045764000    -0.000020562    -0.085509000     0.000158530      1.150000000    -0.000057347
 1.10000     0.048118000    -0.000018279    -0.086893000     0.000181440      1.067700000    -0.000059455
 1.11000     0.050494000    -0.000015544    -0.088148000     0.000196980      0.985520000    -0.000043186
 1.12000     0.052982000    -0.000012626    -0.089276000     0.000205680      1.046100000    -0.000027442
 1.13000     0.055590000    -0.000009556    -0.090237000     0.000201580      1.006400000    -0.000013694
 1.14000     0.058246000    -0.000006515    -0.091050000     0.000201720      1.005000000    -0.000002120
 1.15000     0.060959000    -0.000003479    -0.091690000     0.000194470      1.003400000    -0.000009608
 1.16000     0.063706000    -0.000000525    -0.092107000     0.000186830      0.990790000    -0.000010188
 1.17000     0.066562000     0.000002302    -0.092418000     0.000182630      1.036400000    -0.000023320
 1.18000     0.069352000     0.000004907    -0.092570000     0.000166680      0.928380000    -0.000030180
 1.19000     0.072174000     0.000007218    -0.092550000     0.000151010      0.855470000    -0.000018502
 1.20000     0.075044000     0.000009119    -0.092334000     0.000127960      0.834800000    -0.000021732
 1.21000     0.077888000     0.000010636    -0.091941000     0.000112440      0.790430000    -0.000012366
 1.22000     0.080681000     0.000011751    -0.091360000     0.000086876      0.717880000    -0.000012722
 1.23000     0.083450000     0.000012203    -0.090606000     0.000039053      0.641490000    -0.000001670
 1.24000     0.086224000     0.000011901    -0.089684000     0.000003476      0.554950000    -0.000026107
 1.25000     0.088843000     0.000011033    -0.088609000    -0.000035645      0.311340000    -0.000039083
 1.26000     0.091424000     0.000009682    -0.087365000    -0.000062174      0.211330000    -0.000039655
 1.27000     0.093957000     0.000007877    -0.085942000    -0.000092874      0.126170000    -0.000047173
 1.28000     0.096371000     0.000005711    -0.084372000    -0.000113690      0.124900000    -0.000025926
 1.29000     0.098655000     0.000003056    -0.082655000    -0.000162040     -0.080351000    -0.000026987
 1.30000     0.100880000    -0.000000168    -0.080776000    -0.000210020     -0.337040000    -0.000032000
 1.31000     0.102980000    -0.000003740    -0.078795000    -0.000236020     -0.620500000    -0.000043628
 1.32000     0.104900000    -0.000007450    -0.076721000    -0.000251930     -0.619530000    -0.000033543
 1.33000     0.106740000    -0.000011169    -0.074507000    -0.000256200     -0.683000000    -0.000005566
 1.34000     0.108460000    -0.000014902    -0.072186000    -0.000273100     -0.775220000     0.000017578
 1.35000     0.110050000    -0.000018555    -0.069809000    -0.000274710     -0.775130000     0.000050522
 1.36000     0.111520000    -0.000022213    -0.067353000    -0.000278080     -0.775040000     0.000066853
 1.37000     0.112870000    -0.000025657    -0.064762000    -0.000263510     -0.774940000     0.000063910
 1.38000     0.114200000    -0.000028788    -0.062268000    -0.000238710     -0.774850000     0.000073637
 1.39000     0.115520000    -0.000031427    -0.059784000    -0.000211930     -0.774760000     0.000094854
 1.40000     0.116790000    -0.000033521    -0.057208000    -0.000191770     -0.774670000     0.000126420
 1.41000     0.117980000    -0.000035346    -0.054597000    -0.000179150     -0.774580000     0.000147630
 1.42000     0.119140000    -0.000036769    -0.051998000    -0.000156520     -0.774490000     0.000171800
 1.43000     0.120230000    -0.000037715    -0.049321000    -0.000112300     -0.774390000     0.000191460
