 0.000000      0.000000000      0.000000000      0.000000000       0.000000000       0.000000000      0.000000000
 0.010000     -0.000149010     -0.000000090     -0.000225010      -0.000019601       0.000000000     -0.000003087
 0.020000     -0.000752090     -0.000000360     -0.000493260      -0.000036874       0.000000000     -0.000011371
 0.030000     -0.001716600     -0.000000780     -0.000925110      -0.000049029       0.000000000     -0.000010019
 0.040000     -0.003031900     -0.000001326     -0.001488600      -0.000060076       0.000000000     -0.000007157
 0.050000     -0.004563500     -0.000002083     -0.002141000      -0.000084182       0.000000000     -0.000006286
 0.060000     -0.006078200     -0.000003075     -0.002829800      -0.000107380       0.000000000     -0.000024136
 0.070000     -0.007315500     -0.000004132     -0.003481000      -0.000114930      -0.000000001     -0.000038967
 0.080000     -0.008243100     -0.000005199     -0.004001700      -0.000124110      -0.000000001     -0.000054046
 0.090000     -0.008764700     -0.000006345     -0.004291000      -0.000141000      -0.000000001     -0.000062733
 0.100000     -0.008839700     -0.000007657     -0.004348100      -0.000156320      -0.000000001     -0.000062758
 0.110000     -0.008735000     -0.000009106     -0.004306500      -0.000162390       0.000000000     -0.000055646
 0.120000     -0.008710700     -0.000010609     -0.004291900      -0.000161440       0.000000000     -0.000048349
 0.130000     -0.008739300     -0.000012070     -0.004292000      -0.000152050       0.000000000     -0.000049644
 0.140000     -0.008560800     -0.000013391     -0.004183700      -0.000139980      -0.000000001     -0.000053293
 0.150000     -0.008163500     -0.000014546     -0.003970200      -0.000128580      -0.000000002     -0.000063010
 0.160000     -0.007868300     -0.000015531     -0.003817700      -0.000116290      -0.000000003     -0.000066017
 0.170000     -0.007773600     -0.000016433     -0.003762900      -0.000106150      -0.000000002     -0.000053599
 0.180000     -0.007807500     -0.000017236     -0.003777500      -0.000085621      -0.000000001     -0.000040448
 0.190000     -0.007881500     -0.000017880     -0.003812600      -0.000061238       0.000000001     -0.000016979
 0.200000     -0.007968000     -0.000018364     -0.003861600      -0.000034860       0.000000001     -0.000002002
 0.210000     -0.008106500     -0.000018609     -0.003938200      -0.000010851       0.000000001      0.000001066
 0.220000     -0.008254100     -0.000018620     -0.004012000       0.000012962       0.000000000      0.000007972
 0.230000     -0.008359100     -0.000018414     -0.004073000       0.000033963       0.000000000      0.000011273
 0.240000     -0.008418200     -0.000018026     -0.004109100       0.000054539       0.000000001      0.000027882
 0.250000     -0.008459700     -0.000017501     -0.004129800       0.000077150       0.000000002      0.000043833
 0.260000     -0.008467800     -0.000016838     -0.004135800       0.000094774       0.000000004      0.000061175
 0.270000     -0.008449200     -0.000016031     -0.004125200       0.000116760       0.000000004      0.000073013
 0.280000     -0.008390200     -0.000015085     -0.004104200       0.000129010       0.000000004      0.000074928
 0.290000     -0.008326300     -0.000013991     -0.004078500       0.000139750       0.000000003      0.000071715
 0.300000     -0.008259400     -0.000012794     -0.004064300       0.000144840       0.000000003      0.000065082
 0.310000     -0.008201900     -0.000011517     -0.004059000       0.000150160       0.000000003      0.000065183
 0.320000     -0.008165900     -0.000010209     -0.004076400       0.000150870       0.000000002      0.000061653
 0.330000     -0.008135000     -0.000008904     -0.004111500       0.000147200       0.000000002      0.000061379
 0.340000     -0.008113700     -0.000007624     -0.004163900       0.000143460       0.000000002      0.000059951
 0.350000     -0.008088700     -0.000006394     -0.004236100       0.000134250       0.000000002      0.000047859
 0.360000     -0.008052500     -0.000005238     -0.004312100       0.000120680       0.000000001      0.000038732
 0.370000     -0.008001600     -0.000004177     -0.004409200       0.000101870       0.000000001      0.000025404
 0.380000     -0.007958000     -0.000003261     -0.004526500       0.000083914       0.000000001      0.000014581
 0.390000     -0.007909000     -0.000002527     -0.004660900       0.000062636       0.000000001      0.000006431
 0.400000     -0.007839800     -0.000001988     -0.004812100       0.000039389       0.000000000     -0.000000987
 0.410000     -0.007754300     -0.000001660     -0.004977200       0.000016631       0.000000000     -0.000009172
 0.420000     -0.007647200     -0.000001533     -0.005158200      -0.000008224       0.000000000     -0.000023458
 0.430000     -0.007530200     -0.000001617     -0.005361800      -0.000030717       0.000000000     -0.000030908
 0.440000     -0.007400900     -0.000001907     -0.005589700      -0.000054914      -0.000000001     -0.000040536
 0.450000     -0.007274700     -0.000002409     -0.005842500      -0.000075750      -0.000000001     -0.000046475
 0.460000     -0.007131800     -0.000003112     -0.006122300      -0.000095494      -0.000000001     -0.000052337
 0.470000     -0.006974600     -0.000004002     -0.006427100      -0.000113130      -0.000000001     -0.000059097
 0.480000     -0.006819300     -0.000005054     -0.006764600      -0.000125400      -0.000000001     -0.000058485
 0.490000     -0.006633200     -0.000006228     -0.007123900      -0.000136090       0.000000000     -0.000058964
 0.500000     -0.006423900     -0.000007501     -0.007504800      -0.000140010       0.000000000     -0.000054029
 0.510000     -0.006205400     -0.000008851     -0.007918900      -0.000143520       0.000000000     -0.000051289
 0.520000     -0.005968500     -0.000010252     -0.008353800      -0.000144140       0.000000000     -0.000048502
 0.530000     -0.005705800     -0.000011676     -0.008817100      -0.000140020       0.000000001     -0.000040816
 0.540000     -0.005411600     -0.000013098     -0.009301800      -0.000135510       0.000000001     -0.000034907
 0.550000     -0.005095800     -0.000014485     -0.009809200      -0.000124420       0.000000002     -0.000023233
 0.560000     -0.004755800     -0.000015812     -0.010349000      -0.000112170       0.000000002     -0.000013401
 0.570000     -0.004396300     -0.000017044     -0.010917000      -0.000099020       0.000000003     -0.000005343
 0.580000     -0.004025600     -0.000018162     -0.011516000      -0.000081597       0.000000003      0.000005581
 0.590000     -0.003637600     -0.000019137     -0.012153000      -0.000062533       0.000000004      0.000015078
 0.600000     -0.003241300     -0.000019961     -0.012818000      -0.000042177       0.000000005      0.000026702
 0.610000     -0.002830600     -0.000020615     -0.013521000      -0.000022552       0.000000006      0.000039239
 0.620000     -0.002405700     -0.000021085     -0.014263000      -0.000004613       0.000000006      0.000045190
 0.630000     -0.001978000     -0.000021362     -0.015035000       0.000016691       0.000000006      0.000052869
 0.640000     -0.001538600     -0.000021442     -0.015846000       0.000038497       0.000000006      0.000058532
 0.650000     -0.001129500     -0.000021291     -0.016755000       0.000059564       0.000000006      0.000059057
 0.660000     -0.000787300     -0.000020879     -0.017767000       0.000083462       0.000000007      0.000066890
 0.670000     -0.000486490     -0.000020218     -0.018838000       0.000104440       0.000000007      0.000072254
 0.680000     -0.000178150     -0.000019312     -0.019953000       0.000125430       0.000000006      0.000066046
 0.690000      0.000194430     -0.000018137     -0.021085000       0.000141030       0.000000005      0.000057829
 0.700000      0.000648350     -0.000016747     -0.022226000       0.000150290       0.000000005      0.000056458
 0.710000      0.001191100     -0.000015246     -0.023365000       0.000154320       0.000000005      0.000055470
 0.720000      0.001818900     -0.000013691     -0.024487000       0.000155270       0.000000005      0.000051654
 0.730000      0.002520600     -0.000012109     -0.025622000       0.000154040       0.000000005      0.000050738
 0.740000      0.003258500     -0.000010512     -0.026789000       0.000149770       0.000000005      0.000045028
 0.750000      0.004017600     -0.000008901     -0.027981000       0.000144360       0.000000004      0.000031636
 0.760000      0.004802000     -0.000007287     -0.029198000       0.000135130       0.000000003      0.000015867
 0.770000      0.005602500     -0.000005714     -0.030446000       0.000123680       0.000000003      0.000002379
 0.780000      0.006413400     -0.000004250     -0.031736000       0.000108650       0.000000002     -0.000008853
 0.790000      0.007217900     -0.000002947     -0.033063000       0.000089439       0.000000002     -0.000015931
 0.800000      0.008010100     -0.000001839     -0.034428000       0.000070114       0.000000001     -0.000020341
 0.810000      0.008799200     -0.000000945     -0.035846000       0.000053381       0.000000001     -0.000025879
 0.820000      0.009459400     -0.000000234     -0.037462000       0.000036546       0.000000001     -0.000038366
 0.830000      0.010080000      0.000000279     -0.039173000       0.000015483       0.000000001     -0.000044871
 0.840000      0.010716000      0.000000558     -0.040884000      -0.000005300       0.000000000     -0.000052295
 0.850000      0.011529000      0.000000588     -0.042556000      -0.000027403       0.000000000     -0.000067592
 0.860000      0.012444000      0.000000321     -0.044219000      -0.000051334       0.000000000     -0.000069599
 0.870000      0.013399000     -0.000000243     -0.045882000      -0.000069077       0.000000000     -0.000072754
 0.880000      0.014444000     -0.000001031     -0.047530000      -0.000082933       0.000000000     -0.000069719
 0.890000      0.015531000     -0.000001987     -0.049185000      -0.000090771       0.000000000     -0.000076402
 0.900000      0.016622000     -0.000003078     -0.050864000      -0.000098746       0.000000000     -0.000078162
 0.910000      0.017729000     -0.000004272     -0.052555000      -0.000106320       0.000000000     -0.000083804
 0.920000      0.018629000     -0.000005570     -0.054449000      -0.000107310       0.000000000     -0.000083860
 0.930000      0.019488000     -0.000006970     -0.056510000      -0.000115420       0.000000001     -0.000069437
 0.940000      0.020319000     -0.000008584     -0.058587000      -0.000123560       0.000000002     -0.000069346
 0.950000      0.021291000     -0.000010335     -0.060606000      -0.000124070       0.000000002     -0.000053716
 0.960000      0.022410000     -0.000012146     -0.062604000      -0.000122070       0.000000003     -0.000035494
 0.970000      0.023561000     -0.000014030     -0.064603000      -0.000115570       0.000000004     -0.000021638
 0.980000      0.024814000     -0.000015865     -0.066546000      -0.000110710       0.000000005     -0.000007860
 0.990000      0.026161000     -0.000017650     -0.068454000      -0.000098561       0.000000004     -0.000001840
 1.000000      0.027573000     -0.000019343     -0.070333000      -0.000090561       0.000000005      0.000008212
 1.010000      0.028653000     -0.000020804     -0.072502000      -0.000065573       0.000000005      0.000023678
 1.020000      0.029821000     -0.000022125     -0.074745000      -0.000054959       0.000000006      0.000031906
 1.030000      0.031016000     -0.000023092     -0.076955000      -0.000019371       0.000000003      0.000024551
 1.040000      0.032346000     -0.000023542     -0.079104000       0.000011420       0.000000004      0.000042366
 1.050000      0.033792000     -0.000023512     -0.081230000       0.000042829       0.000000004      0.000053421
 1.060000      0.035307000     -0.000023043     -0.083310000       0.000069127       0.000000003      0.000057310
 1.070000      0.036948000     -0.000022184     -0.085298000       0.000085832       0.000000002      0.000051428
 1.080000      0.038615000     -0.000020885     -0.087285000       0.000113950       0.068602000      0.000030892
 1.090000      0.040043000     -0.000019231     -0.089519000       0.000139150       0.388890000     -0.000000918
 1.100000      0.041636000     -0.000017118     -0.091726000       0.000176050       0.846790000     -0.000045124
 1.110000      0.043311000     -0.000014553     -0.093836000       0.000195490       0.923380000     -0.000039802
 1.120000      0.045143000     -0.000011801     -0.095865000       0.000206900       1.099400000     -0.000029754
 1.130000      0.047132000     -0.000008892     -0.097795000       0.000207030       1.258200000     -0.000021757
 1.140000      0.049227000     -0.000005990     -0.099611000       0.000204650       1.149500000     -0.000005121
 1.150000      0.051432000     -0.000003061     -0.101310000       0.000197180       1.140100000     -0.000010919
 1.160000      0.053708000     -0.000000177     -0.102890000       0.000189040       1.101500000     -0.000010054
 1.170000      0.056189000      0.000002633     -0.104330000       0.000183330       1.068800000     -0.000022948
 1.180000      0.058677000      0.000005265     -0.105630000       0.000168360       0.998120000     -0.000028702
 1.190000      0.061267000      0.000007638     -0.106780000       0.000155670       1.026900000     -0.000013418
 1.200000      0.063978000      0.000009620     -0.107760000       0.000133490       1.018600000     -0.000014944
 1.210000      0.066739000      0.000011242     -0.108560000       0.000120040       1.018400000     -0.000002585
 1.220000      0.069524000      0.000012464     -0.109160000       0.000097848       1.020900000      0.000001678
 1.230000      0.072354000      0.000013019     -0.109550000       0.000052824       0.997460000      0.000016104
 1.240000      0.075267000      0.000012819     -0.109820000       0.000022480       1.014900000     -0.000003251
 1.250000      0.078099000      0.000012058     -0.109920000      -0.000009006       0.905610000     -0.000010834
 1.260000      0.080967000      0.000010788     -0.109840000      -0.000032118       0.836790000     -0.000012355
 1.270000      0.083860000      0.000009039     -0.109570000      -0.000058082       0.805470000     -0.000021225
 1.280000      0.086704000      0.000006889     -0.109110000      -0.000080043       0.748730000     -0.000006362
 1.290000      0.089479000      0.000004192     -0.108470000      -0.000121720       0.646290000     -0.000010555
 1.300000      0.092276000      0.000000885     -0.107660000      -0.000154410       0.634600000     -0.000020668
 1.310000      0.095004000     -0.000002807     -0.106680000      -0.000166360       0.550310000     -0.000044452
 1.320000      0.097594000     -0.000006662     -0.105560000      -0.000194920       0.294690000     -0.000046046
 1.330000      0.100160000     -0.000010576     -0.104250000      -0.000197820       0.223120000     -0.000030047
 1.340000      0.102660000     -0.000014547     -0.102780000      -0.000217300       0.074472000     -0.000017040
 1.350000      0.105030000     -0.000018476     -0.101160000      -0.000219750       0.060282000      0.000004861
 1.360000      0.107280000     -0.000022445     -0.099390000      -0.000235830      -0.125620000      0.000022025
 1.370000      0.109490000     -0.000026207     -0.097460000      -0.000245280      -0.492420000      0.000040487
 1.380000      0.111520000     -0.000029623     -0.095458000      -0.000258110      -1.075000000      0.000102330
 1.390000      0.113410000     -0.000032517     -0.093341000      -0.000239540      -1.203300000      0.000140570
 1.400000      0.115210000     -0.000034849     -0.091079000      -0.000218470      -1.199800000      0.000175770
 1.410000      0.116890000     -0.000036908     -0.088739000      -0.000203340      -1.176700000      0.000197830
 1.420000      0.118460000     -0.000038545     -0.086352000      -0.000179120      -1.176300000      0.000225040
 1.430000      0.119860000     -0.000039671     -0.083829000      -0.000132960      -1.176000000      0.000247140
