 0.000000    0.0000000000     0.0000000000     0.0000000000    0.0000000000    0.0000000000     0.0000000000
 0.010000   -0.0001515300    -0.0000000849    -0.0002261400   -0.0000196020   -0.0169240000    -0.0000030788
 0.020000   -0.0007770300    -0.0000003386    -0.0005047300   -0.0000369080   -0.0646350000    -0.0000112240
 0.030000   -0.0017897000    -0.0000007324    -0.0009589800   -0.0000491600   -0.1096100000    -0.0000094728
 0.040000   -0.0031820000    -0.0000012465    -0.0015590000   -0.0000604060   -0.1865700000    -0.0000055952
 0.050000   -0.0048405000    -0.0000019636    -0.0022734000   -0.0000847630   -0.2745600000    -0.0000027575
 0.060000   -0.0065150000    -0.0000029001    -0.0030439000   -0.0001083100   -0.3097900000    -0.0000182660
 0.070000   -0.0078694000    -0.0000038900    -0.0037572000   -0.0001156100   -0.1334800000    -0.0000354990
 0.080000   -0.0088335000    -0.0000048819    -0.0042978000   -0.0001243300   -0.0268520000    -0.0000531480
 0.090000   -0.0093533000    -0.0000059404    -0.0045861000   -0.0001405900    0.0345660000    -0.0000641750
 0.100000   -0.0093963000    -0.0000071554    -0.0046257000   -0.0001551800    0.0727850000    -0.0000664780
 0.110000   -0.0092519000    -0.0000085030    -0.0045629000   -0.0001610400    0.0696660000    -0.0000599080
 0.120000   -0.0091952000    -0.0000099049    -0.0045310000   -0.0001602500    0.0524410000    -0.0000520910
 0.130000   -0.0092062000    -0.0000112690    -0.0045218000   -0.0001515600    0.0194010000    -0.0000512210
 0.140000   -0.0090195000    -0.0000124990    -0.0044092000   -0.0001393300    0.0226570000    -0.0000553420
 0.150000   -0.0086032000    -0.0000135670    -0.0041857000   -0.0001269400    0.0503980000    -0.0000679940
 0.160000   -0.0082813000    -0.0000144670    -0.0040194000   -0.0001145300    0.0480800000    -0.0000711390
 0.170000   -0.0081665000    -0.0000152930    -0.0039543000   -0.0001051300    0.0250240000    -0.0000564410
 0.180000   -0.0081993000    -0.0000160310    -0.0039682000   -0.0000861460   -0.0121130000    -0.0000390000
 0.190000   -0.0082842000    -0.0000166300    -0.0040089000   -0.0000624210   -0.0261180000    -0.0000137340
 0.200000   -0.0083866000    -0.0000170870    -0.0040661000   -0.0000361180   -0.0274740000     0.0000014964
 0.210000   -0.0085403000    -0.0000173200    -0.0041507000   -0.0000122510   -0.0305460000     0.0000049965
 0.220000   -0.0087047000    -0.0000173340    -0.0042333000    0.0000116790   -0.0282440000     0.0000116020
 0.230000   -0.0088232000    -0.0000171430    -0.0043014000    0.0000330070   -0.0212830000     0.0000139810
 0.240000   -0.0088916000    -0.0000167850    -0.0043424000    0.0000541040   -0.0099455000     0.0000291200
 0.250000   -0.0089356000    -0.0000163050    -0.0043644000    0.0000770790   -0.0017098000     0.0000440390
 0.260000   -0.0089431000    -0.0000157020    -0.0043701000    0.0000950670    0.0076655000     0.0000602940
 0.270000   -0.0089194000    -0.0000149710    -0.0043568000    0.0001170200    0.0078464000     0.0000721640
 0.280000   -0.0088536000    -0.0000141110    -0.0043322000    0.0001294600    0.0155380000     0.0000733560
 0.290000   -0.0087819000    -0.0000131080    -0.0043024000    0.0001400700    0.0131180000     0.0000705070
 0.300000   -0.0087065000    -0.0000120060    -0.0042837000    0.0001451600    0.0154560000     0.0000637940
 0.310000   -0.0086437000    -0.0000108250    -0.0042757000    0.0001503500    0.0112560000     0.0000643540
 0.320000   -0.0086035000    -0.0000096140    -0.0042909000    0.0001508900    0.0017811000     0.0000615380
 0.330000   -0.0085712000    -0.0000084057    -0.0043252000    0.0001472200    0.0027373000     0.0000612290
 0.340000   -0.0085499000    -0.0000072203    -0.0043777000    0.0001434500   -0.0018651000     0.0000600360
 0.350000   -0.0085248000    -0.0000060787    -0.0044497000    0.0001342500   -0.0019949000     0.0000479330
 0.360000   -0.0084901000    -0.0000050020    -0.0045266000    0.0001206800    0.0011908000     0.0000386970
 0.370000   -0.0084398000    -0.0000040083    -0.0046240000    0.0001018800   -0.0017053000     0.0000254420
 0.380000   -0.0083951000    -0.0000031481    -0.0047406000    0.0000839090    0.0004385000     0.0000145730
 0.390000   -0.0083467000    -0.0000024557    -0.0048754000    0.0000626310    0.0006308300     0.0000064232
 0.400000   -0.0082769000    -0.0000019436    -0.0050263000    0.0000393680    0.0032874000    -0.0000010135
 0.410000   -0.0081887000    -0.0000016279    -0.0051900000    0.0000166130    0.0034742000    -0.0000091945
 0.420000   -0.0080782000    -0.0000014982    -0.0053693000   -0.0000082571    0.0077413000    -0.0000235070
 0.430000   -0.0079570000    -0.0000015650    -0.0055706000   -0.0000307370    0.0077568000    -0.0000309670
 0.440000   -0.0078240000    -0.0000018225    -0.0057966000   -0.0000549200    0.0093738000    -0.0000406320
 0.450000   -0.0076955000    -0.0000022764    -0.0060481000   -0.0000757420    0.0040533000    -0.0000465320
 0.460000   -0.0075509000    -0.0000029182    -0.0063271000   -0.0000954850    0.0014879000    -0.0000523670
 0.470000   -0.0073926000    -0.0000037374    -0.0066314000   -0.0001131100    0.0017930000    -0.0000591430
 0.480000   -0.0072356000    -0.0000047102    -0.0069680000   -0.0001254300   -0.0025282000    -0.0000583980
 0.490000   -0.0070488000    -0.0000057993    -0.0073269000   -0.0001360700    0.0010026000    -0.0000590070
 0.500000   -0.0068391000    -0.0000069828    -0.0077076000   -0.0001400200   -0.0005108700    -0.0000540040
 0.510000   -0.0066189000    -0.0000082417    -0.0081208000   -0.0001434700    0.0019109000    -0.0000514030
 0.520000   -0.0063817000    -0.0000095520    -0.0085555000   -0.0001440700    0.0023107000    -0.0000486610
 0.530000   -0.0061190000    -0.0000108880    -0.0090189000   -0.0001400600   -0.0012250000    -0.0000407220
 0.540000   -0.0058242000    -0.0000122270    -0.0095034000   -0.0001354300    0.0026696000    -0.0000351380
 0.550000   -0.0055082000    -0.0000135380    -0.0100110000   -0.0001243900    0.0009914900    -0.0000233260
 0.560000   -0.0051681000    -0.0000147960    -0.0105500000   -0.0001121700   -0.0001355100    -0.0000133900
 0.570000   -0.0048093000    -0.0000159690    -0.0111190000   -0.0000991190   -0.0028094000    -0.0000050391
 0.580000   -0.0044407000    -0.0000170390    -0.0117190000   -0.0000818450   -0.0070519000     0.0000063884
 0.590000   -0.0040567000    -0.0000179800    -0.0123570000   -0.0000628510   -0.0091869000     0.0000161710
 0.600000   -0.0036660000    -0.0000187830    -0.0130260000   -0.0000426380   -0.0139350000     0.0000284070
 0.610000   -0.0032629000    -0.0000194280    -0.0137330000   -0.0000230080   -0.0146570000     0.0000410630
 0.620000   -0.0028474000    -0.0000199040    -0.0144790000   -0.0000051619   -0.0193180000     0.0000475980
 0.630000   -0.0024302000    -0.0000201990    -0.0152570000    0.0000161060   -0.0230850000     0.0000557450
 0.640000   -0.0020024000    -0.0000203090    -0.0160740000    0.0000379920   -0.0230010000     0.0000613630
 0.650000   -0.0015791000    -0.0000201990    -0.0169760000    0.0000605050    0.0517660000     0.0000528460
 0.660000   -0.0012115000    -0.0000198430    -0.0179740000    0.0000841070    0.0457270000     0.0000616150
 0.670000   -0.0008904400    -0.0000192510    -0.0190350000    0.0001047200    0.0284690000     0.0000691370
 0.680000   -0.0005733000    -0.0000184250    -0.0201450000    0.0001254700    0.0071089000     0.0000653220
 0.690000   -0.0001998000    -0.0000173380    -0.0212770000    0.0001410300   -0.0035848000     0.0000581650
 0.700000    0.0002535200    -0.0000160430    -0.0224180000    0.0001502900   -0.0012734000     0.0000565640
 0.710000    0.0007923700    -0.0000146380    -0.0235590000    0.0001543500   -0.0058654000     0.0000559100
 0.720000    0.0014159000    -0.0000131800    -0.0246840000    0.0001553300   -0.0064758000     0.0000520780
 0.730000    0.0021157000    -0.0000116940    -0.0258190000    0.0001540900   -0.0039858000     0.0000509620
 0.740000    0.0028536000    -0.0000101920    -0.0269860000    0.0001498700   -0.0060304000     0.0000453070
 0.750000    0.0036087000    -0.0000086689    -0.0281810000    0.0001445100   -0.0084468000     0.0000319470
 0.760000    0.0043838000    -0.0000071363    -0.0294020000    0.0001354700   -0.0174370000     0.0000163540
 0.770000    0.0051722000    -0.0000056343    -0.0306570000    0.0001243300   -0.0326760000     0.0000030243
 0.780000    0.0059665000    -0.0000042315    -0.0319560000    0.0001093400   -0.0354690000    -0.0000084070
 0.790000    0.0067492000    -0.0000029774    -0.0332940000    0.0000902940   -0.0458500000    -0.0000156390
 0.800000    0.0075141000    -0.0000019083    -0.0346730000    0.0000711120   -0.0567980000    -0.0000202690
 0.810000    0.0082766000    -0.0000010395    -0.0361050000    0.0000531260    0.0161760000    -0.0000258380
 0.820000    0.0089625000    -0.0000003414    -0.0377080000    0.0000357590    0.0565060000    -0.0000380650
 0.830000    0.0096068000     0.0000001688    -0.0394070000    0.0000151060    0.0328510000    -0.0000446400
 0.840000    0.0102520000     0.0000004578    -0.0411130000   -0.0000053763    0.0090935000    -0.0000522280
 0.850000    0.0110650000     0.0000005159    -0.0427840000   -0.0000274310    0.0061654000    -0.0000675540
 0.860000    0.0119820000     0.0000002890    -0.0444460000   -0.0000513350    0.0036010000    -0.0000695840
 0.870000    0.0129340000    -0.0000002232    -0.0461110000   -0.0000691740   -0.0237170000    -0.0000727540
 0.880000    0.0139670000    -0.0000009508    -0.0477650000   -0.0000831390   -0.0237890000    -0.0000696050
 0.890000    0.0150330000    -0.0000018396    -0.0494310000   -0.0000914360   -0.0501260000    -0.0000758880
 0.900000    0.0160950000    -0.0000028582    -0.0511260000   -0.0000999510   -0.0669930000    -0.0000770670
 0.910000    0.0171550000    -0.0000039740    -0.0528420000   -0.0001085000   -0.0944580000    -0.0000816620
 0.920000    0.0180560000    -0.0000051918    -0.0547360000   -0.0001068200    0.0171820000    -0.0000843620
 0.930000    0.0189220000    -0.0000065117    -0.0567930000   -0.0001153300    0.0023186000    -0.0000695610
 0.940000    0.0197410000    -0.0000080433    -0.0588760000   -0.0001247200   -0.0307320000    -0.0000679950
 0.950000    0.0206920000    -0.0000097113    -0.0609070000   -0.0001257400   -0.0401710000    -0.0000516380
 0.960000    0.0217930000    -0.0000114450    -0.0629150000   -0.0001237100   -0.0372880000    -0.0000332890
 0.970000    0.0229130000    -0.0000132570    -0.0649310000   -0.0001189500   -0.0732260000    -0.0000167340
 0.980000    0.0241240000    -0.0000150310    -0.0668980000   -0.0001147800   -0.0867020000    -0.0000014476
 0.990000    0.0254190000    -0.0000167580    -0.0688340000   -0.0001031100   -0.0961230000     0.0000059160
 1.000000    0.0267690000    -0.0000184040    -0.0707490000   -0.0000963120   -0.1223700000     0.0000188260
 1.010000    0.0278410000    -0.0000198300    -0.0729230000   -0.0000669540   -0.0297960000     0.0000264120
 1.020000    0.0289910000    -0.0000211290    -0.0751760000   -0.0000576460   -0.0601040000     0.0000376560
 1.030000    0.0301430000    -0.0000220850    -0.0774110000   -0.0000234520   -0.0950620000     0.0000338600
 1.040000    0.0314220000    -0.0000225440    -0.0795910000    0.0000064672   -0.1235800000     0.0000544450
 1.050000    0.0327990000    -0.0000225440    -0.0817590000    0.0000371130   -0.1533600000     0.0000682180
 1.060000    0.0342210000    -0.0000221230    -0.0838960000    0.0000624410   -0.1973000000     0.0000756560
 1.070000    0.0357570000    -0.0000213260    -0.0859510000    0.0000791980   -0.2192700000     0.0000707330
 1.080000    0.0373260000    -0.0000200930    -0.0880020000    0.0001065400   -0.1999400000     0.0000528060
 1.090000    0.0386370000    -0.0000185130    -0.0903150000    0.0001232500   -0.2358900000     0.0000453530
 1.100000    0.0400950000    -0.0000164800    -0.0926160000    0.0001480800   -0.3015700000     0.0000296920
 1.110000    0.0416170000    -0.0000140030    -0.0948370000    0.0001660400   -0.3180800000     0.0000280290
 1.120000    0.0432880000    -0.0000113420    -0.0969880000    0.0001727900   -0.3908400000     0.0000351370
 1.130000    0.0450870000    -0.0000085287    -0.0990680000    0.0001707400   -0.4209300000     0.0000320180
 1.140000    0.0469800000    -0.0000057163    -0.1010500000    0.0001723700   -0.4347800000     0.0000277570
 1.150000    0.0489760000    -0.0000028687    -0.1029300000    0.0001609500   -0.6859300000     0.0000065830
 1.160000    0.0508650000    -0.0000000515    -0.1048900000    0.0001477700   -0.9684200000    -0.0000125870
 1.170000    0.0529480000     0.0000027151    -0.1067700000    0.0001385000   -1.0106000000    -0.0000469690
 1.180000    0.0550710000     0.0000053253    -0.1085100000    0.0001207900   -0.9692600000    -0.0000702660
 1.190000    0.0573260000     0.0000076942    -0.1101300000    0.0001017200   -0.9547400000    -0.0000722660
 1.200000    0.0597220000     0.0000096893    -0.1116100000    0.0000731470   -0.9864100000    -0.0000889840
 1.210000    0.0622000000     0.0000113420    -0.1129400000    0.0000533100   -0.9813300000    -0.0000883870
 1.220000    0.0647280000     0.0000126040    -0.1141000000    0.0000196700   -1.1383000000    -0.0001009800
 1.230000    0.0673280000     0.0000132100    -0.1150800000   -0.0000256760   -1.0318000000    -0.0000852460
 1.240000    0.0700600000     0.0000130730    -0.1159300000   -0.0000606010   -0.9956800000    -0.0001031600
 1.250000    0.0727510000     0.0000123830    -0.1166100000   -0.0000948140   -1.0089000000    -0.0001018000
 1.260000    0.0755110000     0.0000111820    -0.1171300000   -0.0001217500   -1.0295000000    -0.0000938310
 1.270000    0.0783370000     0.0000094967    -0.1174600000   -0.0001510100   -1.0096000000    -0.0000905730
 1.280000    0.0811510000     0.0000073977    -0.1176100000   -0.0001738200   -0.9894000000    -0.0000609080
 1.290000    0.0839330000     0.0000047302    -0.1175400000   -0.0002089600   -0.9247900000    -0.0000460740
 1.300000    0.0867740000     0.0000014381    -0.1173200000   -0.0002480000   -1.0009000000    -0.0000397350
 1.310000    0.0895840000    -0.0000022488    -0.1169400000   -0.0002583600   -0.9961700000    -0.0000433660
 1.320000    0.0922920000    -0.0000061150    -0.1164000000   -0.0002749200   -0.9889500000    -0.0000284800
 1.330000    0.0950190000    -0.0000100640    -0.1156700000   -0.0002769500   -1.0048000000     0.0000031170
 1.340000    0.0977090000    -0.0000140980    -0.1147700000   -0.0002872200   -0.9897200000     0.0000263180
 1.350000    0.1003100000    -0.0000181180    -0.1137000000   -0.0002905700   -1.0174000000     0.0000637580
 1.360000    0.1028100000    -0.0000222020    -0.1124600000   -0.0002943200   -1.0256000000     0.0000841920
 1.370000    0.1053100000    -0.0000260930    -0.1110600000   -0.0002786100   -1.0091000000     0.0000833190
 1.380000    0.1076700000    -0.0000296380    -0.1095500000   -0.0002508500   -0.9641900000     0.0000917400
 1.390000    0.1099000000    -0.0000326660    -0.1079000000   -0.0002246700   -0.9728800000     0.0001160000
 1.400000    0.1120800000    -0.0000351420    -0.1060900000   -0.0002046400   -0.9791900000     0.0001501500
 1.410000    0.1141500000    -0.0000373510    -0.1041600000   -0.0001884300   -0.9288100000     0.0001668900
 1.420000    0.1161000000    -0.0000391340    -0.1021300000   -0.0001614100   -0.8611600000     0.0001833000
 1.430000    0.1179100000    -0.0000404030    -0.0999550000   -0.0001199500   -0.9230900000     0.0002120700
