1
1
10
0
(8 0
((0,0,0) (19,19,19) (0,0,0))
((20,0,0) (39,19,19) (0,0,0))
((0,20,0) (19,39,19) (0,0,0))
((20,20,0) (39,39,19) (0,0,0))
((0,0,20) (19,19,39) (0,0,0))
((20,0,20) (39,19,39) (0,0,0))
((0,20,20) (19,39,39) (0,0,0))
((20,20,20) (39,39,39) (0,0,0))
)
8
FabOnDisk: Cell_D_00000 0
FabOnDisk: Cell_D_00001 0
FabOnDisk: Cell_D_00002 0
FabOnDisk: Cell_D_00003 0
FabOnDisk: Cell_D_00004 0
FabOnDisk: Cell_D_00005 0
FabOnDisk: Cell_D_00006 0
FabOnDisk: Cell_D_00007 0

8,10
-1.9213971060359195e-01,-1.8135529160564162e-01,-1.8198197353968409e-01,8.9816136604934149e-01,-2.8226617468589171e-01,1.0000000000000000e+00,8.9816136604934149e-01,2.0000000000000002e-05,0.0000000000000000e+00,1.0000000000000000e+00,
-1.6901745839005283e-01,-1.8870791626685490e-01,-1.7584276510130264e-01,8.9762865680947290e-01,-1.3199195278814738e-01,1.0000000000000000e+00,8.9762865680947290e-01,2.0000000000000002e-05,0.0000000000000000e+00,1.0000000000000000e+00,
-2.1340020894759484e-01,-2.7568323523241489e-01,-1.8549924303420701e-01,9.0709681019564958e-01,-1.3511965117404440e-01,1.0000000000000000e+00,9.0709681019564958e-01,2.0000000000000002e-05,0.0000000000000000e+00,1.0000000000000000e+00,
-1.7524784957085673e-01,-1.8710141783026929e-01,-2.3290116266067029e-01,8.9898300790767105e-01,-1.3461671077251311e-01,1.0000000000000000e+00,8.9898300790767105e-01,2.0000000000000002e-05,0.0000000000000000e+00,1.0000000000000000e+00,
-2.1138252681905079e-01,-1.8630660127844437e-01,-3.5496771256388471e-01,8.9991548997762005e-01,-3.1724138010985925e-01,1.0000000000000000e+00,8.9991548997762005e-01,2.0000000000000002e-05,0.0000000000000000e+00,1.0000000000000000e+00,
-2.2053660999180255e-01,-2.0159074312119563e-01,-1.7977397945014945e-01,9.0887160698064484e-01,-1.4879766376286471e-01,1.0000000000000000e+00,9.0887160698064484e-01,2.0000000000000002e-05,0.0000000000000000e+00,1.0000000000000000e+00,
-1.5022088030396277e-01,-2.0872057162728241e-01,-2.5832133615897102e-01,9.0208503749187818e-01,-1.2309778107344037e-01,1.0000000000000000e+00,9.0208503749187818e-01,2.0000000000000002e-05,0.0000000000000000e+00,1.0000000000000000e+00,
-2.0365193579921570e-01,-1.6900440259624397e-01,-1.8581773088418577e-01,9.1491892501836070e-01,-1.4442129480612778e-01,1.0000000000000000e+00,9.1491892501836070e-01,2.0000000000000002e-05,0.0000000000000000e+00,1.0000000000000000e+00,

8,10
1.7674018547497874e-01,3.6380311520000819e-01,2.7653565937857344e-01,1.0000000000000000e+00,3.0695219214904551e-01,1.0000000000000000e+00,1.0000000000000000e+00,2.0000000000000002e-05,0.0000000000000000e+00,1.0000000000000000e+00,
1.9319452060107103e-01,2.0240043744155473e-01,1.9239896970757508e-01,1.0000000000000000e+00,1.4492130462301930e-01,1.0000000000000000e+00,1.0000000000000000e+00,2.0000000000000002e-05,0.0000000000000000e+00,1.0000000000000000e+00,
1.6967452896130508e-01,1.9768876205819569e-01,2.2177778582552088e-01,1.0000000000000000e+00,1.3251730873580886e-01,1.0000000000000000e+00,1.0000000000000000e+00,2.0000000000000002e-05,0.0000000000000000e+00,1.0000000000000000e+00,
1.8438583635178896e-01,2.3976250989240111e-01,2.0111838020195280e-01,1.0000000000000000e+00,1.4139971902270443e-01,1.0000000000000000e+00,1.0000000000000000e+00,2.0000000000000002e-05,0.0000000000000000e+00,1.0000000000000000e+00,
2.0278258242221109e-01,1.8629417278268040e-01,1.8869238948826347e-01,1.0000000000000000e+00,3.2148736302663045e-01,1.0000000000000000e+00,1.0000000000000000e+00,2.0000000000000002e-05,0.0000000000000000e+00,1.0000000000000000e+00,
1.6926164959901691e-01,2.0009116425870194e-01,1.9504624497564721e-01,1.0000000000000000e+00,1.2207229358709287e-01,1.0000000000000000e+00,1.0000000000000000e+00,2.0000000000000002e-05,0.0000000000000000e+00,1.0000000000000000e+00,
1.8005893763357328e-01,2.0292888870685288e-01,2.3907417593103136e-01,1.0000000000000000e+00,1.6137491339836874e-01,1.0000000000000000e+00,1.0000000000000000e+00,2.0000000000000002e-05,0.0000000000000000e+00,1.0000000000000000e+00,
2.2652682292640466e-01,2.1642477983977049e-01,2.0591367746943925e-01,1.0000000000000000e+00,1.1122431909428221e-01,1.0000000000000000e+00,1.0000000000000000e+00,2.0000000000000002e-05,0.0000000000000000e+00,1.0000000000000000e+00,

