/*--------------------------------*- C++ -*----------------------------------*\
| =========                 |                                                 |
| \\      /  F ield         | OpenFOAM: The Open Source CFD Toolbox           |
|  \\    /   O peration     | Version:  dev                                   |
|   \\  /    A nd           | Web:      www.OpenFOAM.org                      |
|    \\/     M anipulation  |                                                 |
\*---------------------------------------------------------------------------*/
FoamFile
{
    version     2.0;
    format      ascii;
    class       vectorField;
    location    "constant/polyMesh";
    object      points;
}
// * * * * * * * * * * * * * * * * * * * * * * * * * * * * * * * * * * * * * //


4422
(
(0 0 0)
(0.001 0 0)
(0.002 0 0)
(0.003 0 0)
(0.004 0 0)
(0.005 0 0)
(0.006 0 0)
(0.007 0 0)
(0.008 0 0)
(0.009 0 0)
(0.01 0 0)
(0.011 0 0)
(0.012 0 0)
(0.013 0 0)
(0.014 0 0)
(0.015 0 0)
(0.016 0 0)
(0.017 0 0)
(0.018 0 0)
(0.019 0 0)
(0.02 0 0)
(0.021 0 0)
(0.022 0 0)
(0.023 0 0)
(0.024 0 0)
(0.025 0 0)
(0.026 0 0)
(0.027 0 0)
(0.028 0 0)
(0.029 0 0)
(0.03 0 0)
(0.031 0 0)
(0.032 0 0)
(0.033 0 0)
(0.034 0 0)
(0.035 0 0)
(0.036 0 0)
(0.037 0 0)
(0.038 0 0)
(0.039 0 0)
(0.04 0 0)
(0.041 0 0)
(0.042 0 0)
(0.043 0 0)
(0.044 0 0)
(0.045 0 0)
(0.046 0 0)
(0.047 0 0)
(0.048 0 0)
(0.049 0 0)
(0.05 0 0)
(0.051 0 0)
(0.052 0 0)
(0.053 0 0)
(0.054 0 0)
(0.055 0 0)
(0.056 0 0)
(0.057 0 0)
(0.058 0 0)
(0.059 0 0)
(0.06 0 0)
(0.061 0 0)
(0.062 0 0)
(0.063 0 0)
(0.064 0 0)
(0.065 0 0)
(0.066 0 0)
(0.067 0 0)
(0.068 0 0)
(0.069 0 0)
(0.07 0 0)
(0.071 0 0)
(0.072 0 0)
(0.073 0 0)
(0.074 0 0)
(0.075 0 0)
(0.076 0 0)
(0.077 0 0)
(0.078 0 0)
(0.079 0 0)
(0.08 0 0)
(0.081 0 0)
(0.082 0 0)
(0.083 0 0)
(0.084 0 0)
(0.085 0 0)
(0.086 0 0)
(0.087 0 0)
(0.088 0 0)
(0.089 0 0)
(0.09 0 0)
(0.091 0 0)
(0.092 0 0)
(0.093 0 0)
(0.094 0 0)
(0.095 0 0)
(0.096 0 0)
(0.097 0 0)
(0.098 0 0)
(0.099 0 0)
(0.1 0 0)
(0.101 0 0)
(0.102 0 0)
(0.103 0 0)
(0.104 0 0)
(0.105 0 0)
(0.106 0 0)
(0.107 0 0)
(0.108 0 0)
(0.109 0 0)
(0.11 0 0)
(0.111 0 0)
(0.112 0 0)
(0.113 0 0)
(0.114 0 0)
(0.115 0 0)
(0.116 0 0)
(0.117 0 0)
(0.118 0 0)
(0.119 0 0)
(0.12 0 0)
(0.121 0 0)
(0.122 0 0)
(0.123 0 0)
(0.124 0 0)
(0.125 0 0)
(0.126 0 0)
(0.127 0 0)
(0.128 0 0)
(0.129 0 0)
(0.13 0 0)
(0.131 0 0)
(0.132 0 0)
(0.133 0 0)
(0.134 0 0)
(0.135 0 0)
(0.136 0 0)
(0.137 0 0)
(0.138 0 0)
(0.139 0 0)
(0.14 0 0)
(0.141 0 0)
(0.142 0 0)
(0.143 0 0)
(0.144 0 0)
(0.145 0 0)
(0.146 0 0)
(0.147 0 0)
(0.148 0 0)
(0.149 0 0)
(0.15 0 0)
(0.151 0 0)
(0.152 0 0)
(0.153 0 0)
(0.154 0 0)
(0.155 0 0)
(0.156 0 0)
(0.157 0 0)
(0.158 0 0)
(0.159 0 0)
(0.16 0 0)
(0.161 0 0)
(0.162 0 0)
(0.163 0 0)
(0.164 0 0)
(0.165 0 0)
(0.166 0 0)
(0.167 0 0)
(0.168 0 0)
(0.169 0 0)
(0.17 0 0)
(0.171 0 0)
(0.172 0 0)
(0.173 0 0)
(0.174 0 0)
(0.175 0 0)
(0.176 0 0)
(0.177 0 0)
(0.178 0 0)
(0.179 0 0)
(0.18 0 0)
(0.181 0 0)
(0.182 0 0)
(0.183 0 0)
(0.184 0 0)
(0.185 0 0)
(0.186 0 0)
(0.187 0 0)
(0.188 0 0)
(0.189 0 0)
(0.19 0 0)
(0.191 0 0)
(0.192 0 0)
(0.193 0 0)
(0.194 0 0)
(0.195 0 0)
(0.196 0 0)
(0.197 0 0)
(0.198 0 0)
(0.199 0 0)
(0.2 0 0)
(0 0.001 0)
(0.001 0.001 0)
(0.002 0.001 0)
(0.003 0.001 0)
(0.004 0.001 0)
(0.005 0.001 0)
(0.006 0.001 0)
(0.007 0.001 0)
(0.008 0.001 0)
(0.009 0.001 0)
(0.01 0.001 0)
(0.011 0.001 0)
(0.012 0.001 0)
(0.013 0.001 0)
(0.014 0.001 0)
(0.015 0.001 0)
(0.016 0.001 0)
(0.017 0.001 0)
(0.018 0.001 0)
(0.019 0.001 0)
(0.02 0.001 0)
(0.021 0.001 0)
(0.022 0.001 0)
(0.023 0.001 0)
(0.024 0.001 0)
(0.025 0.001 0)
(0.026 0.001 0)
(0.027 0.001 0)
(0.028 0.001 0)
(0.029 0.001 0)
(0.03 0.001 0)
(0.031 0.001 0)
(0.032 0.001 0)
(0.033 0.001 0)
(0.034 0.001 0)
(0.035 0.001 0)
(0.036 0.001 0)
(0.037 0.001 0)
(0.038 0.001 0)
(0.039 0.001 0)
(0.04 0.001 0)
(0.041 0.001 0)
(0.042 0.001 0)
(0.043 0.001 0)
(0.044 0.001 0)
(0.045 0.001 0)
(0.046 0.001 0)
(0.047 0.001 0)
(0.048 0.001 0)
(0.049 0.001 0)
(0.05 0.001 0)
(0.051 0.001 0)
(0.052 0.001 0)
(0.053 0.001 0)
(0.054 0.001 0)
(0.055 0.001 0)
(0.056 0.001 0)
(0.057 0.001 0)
(0.058 0.001 0)
(0.059 0.001 0)
(0.06 0.001 0)
(0.061 0.001 0)
(0.062 0.001 0)
(0.063 0.001 0)
(0.064 0.001 0)
(0.065 0.001 0)
(0.066 0.001 0)
(0.067 0.001 0)
(0.068 0.001 0)
(0.069 0.001 0)
(0.07 0.001 0)
(0.071 0.001 0)
(0.072 0.001 0)
(0.073 0.001 0)
(0.074 0.001 0)
(0.075 0.001 0)
(0.076 0.001 0)
(0.077 0.001 0)
(0.078 0.001 0)
(0.079 0.001 0)
(0.08 0.001 0)
(0.081 0.001 0)
(0.082 0.001 0)
(0.083 0.001 0)
(0.084 0.001 0)
(0.085 0.001 0)
(0.086 0.001 0)
(0.087 0.001 0)
(0.088 0.001 0)
(0.089 0.001 0)
(0.09 0.001 0)
(0.091 0.001 0)
(0.092 0.001 0)
(0.093 0.001 0)
(0.094 0.001 0)
(0.095 0.001 0)
(0.096 0.001 0)
(0.097 0.001 0)
(0.098 0.001 0)
(0.099 0.001 0)
(0.1 0.001 0)
(0.101 0.001 0)
(0.102 0.001 0)
(0.103 0.001 0)
(0.104 0.001 0)
(0.105 0.001 0)
(0.106 0.001 0)
(0.107 0.001 0)
(0.108 0.001 0)
(0.109 0.001 0)
(0.11 0.001 0)
(0.111 0.001 0)
(0.112 0.001 0)
(0.113 0.001 0)
(0.114 0.001 0)
(0.115 0.001 0)
(0.116 0.001 0)
(0.117 0.001 0)
(0.118 0.001 0)
(0.119 0.001 0)
(0.12 0.001 0)
(0.121 0.001 0)
(0.122 0.001 0)
(0.123 0.001 0)
(0.124 0.001 0)
(0.125 0.001 0)
(0.126 0.001 0)
(0.127 0.001 0)
(0.128 0.001 0)
(0.129 0.001 0)
(0.13 0.001 0)
(0.131 0.001 0)
(0.132 0.001 0)
(0.133 0.001 0)
(0.134 0.001 0)
(0.135 0.001 0)
(0.136 0.001 0)
(0.137 0.001 0)
(0.138 0.001 0)
(0.139 0.001 0)
(0.14 0.001 0)
(0.141 0.001 0)
(0.142 0.001 0)
(0.143 0.001 0)
(0.144 0.001 0)
(0.145 0.001 0)
(0.146 0.001 0)
(0.147 0.001 0)
(0.148 0.001 0)
(0.149 0.001 0)
(0.15 0.001 0)
(0.151 0.001 0)
(0.152 0.001 0)
(0.153 0.001 0)
(0.154 0.001 0)
(0.155 0.001 0)
(0.156 0.001 0)
(0.157 0.001 0)
(0.158 0.001 0)
(0.159 0.001 0)
(0.16 0.001 0)
(0.161 0.001 0)
(0.162 0.001 0)
(0.163 0.001 0)
(0.164 0.001 0)
(0.165 0.001 0)
(0.166 0.001 0)
(0.167 0.001 0)
(0.168 0.001 0)
(0.169 0.001 0)
(0.17 0.001 0)
(0.171 0.001 0)
(0.172 0.001 0)
(0.173 0.001 0)
(0.174 0.001 0)
(0.175 0.001 0)
(0.176 0.001 0)
(0.177 0.001 0)
(0.178 0.001 0)
(0.179 0.001 0)
(0.18 0.001 0)
(0.181 0.001 0)
(0.182 0.001 0)
(0.183 0.001 0)
(0.184 0.001 0)
(0.185 0.001 0)
(0.186 0.001 0)
(0.187 0.001 0)
(0.188 0.001 0)
(0.189 0.001 0)
(0.19 0.001 0)
(0.191 0.001 0)
(0.192 0.001 0)
(0.193 0.001 0)
(0.194 0.001 0)
(0.195 0.001 0)
(0.196 0.001 0)
(0.197 0.001 0)
(0.198 0.001 0)
(0.199 0.001 0)
(0.2 0.001 0)
(0 0.002 0)
(0.001 0.002 0)
(0.002 0.002 0)
(0.003 0.002 0)
(0.004 0.002 0)
(0.005 0.002 0)
(0.006 0.002 0)
(0.007 0.002 0)
(0.008 0.002 0)
(0.009 0.002 0)
(0.01 0.002 0)
(0.011 0.002 0)
(0.012 0.002 0)
(0.013 0.002 0)
(0.014 0.002 0)
(0.015 0.002 0)
(0.016 0.002 0)
(0.017 0.002 0)
(0.018 0.002 0)
(0.019 0.002 0)
(0.02 0.002 0)
(0.021 0.002 0)
(0.022 0.002 0)
(0.023 0.002 0)
(0.024 0.002 0)
(0.025 0.002 0)
(0.026 0.002 0)
(0.027 0.002 0)
(0.028 0.002 0)
(0.029 0.002 0)
(0.03 0.002 0)
(0.031 0.002 0)
(0.032 0.002 0)
(0.033 0.002 0)
(0.034 0.002 0)
(0.035 0.002 0)
(0.036 0.002 0)
(0.037 0.002 0)
(0.038 0.002 0)
(0.039 0.002 0)
(0.04 0.002 0)
(0.041 0.002 0)
(0.042 0.002 0)
(0.043 0.002 0)
(0.044 0.002 0)
(0.045 0.002 0)
(0.046 0.002 0)
(0.047 0.002 0)
(0.048 0.002 0)
(0.049 0.002 0)
(0.05 0.002 0)
(0.051 0.002 0)
(0.052 0.002 0)
(0.053 0.002 0)
(0.054 0.002 0)
(0.055 0.002 0)
(0.056 0.002 0)
(0.057 0.002 0)
(0.058 0.002 0)
(0.059 0.002 0)
(0.06 0.002 0)
(0.061 0.002 0)
(0.062 0.002 0)
(0.063 0.002 0)
(0.064 0.002 0)
(0.065 0.002 0)
(0.066 0.002 0)
(0.067 0.002 0)
(0.068 0.002 0)
(0.069 0.002 0)
(0.07 0.002 0)
(0.071 0.002 0)
(0.072 0.002 0)
(0.073 0.002 0)
(0.074 0.002 0)
(0.075 0.002 0)
(0.076 0.002 0)
(0.077 0.002 0)
(0.078 0.002 0)
(0.079 0.002 0)
(0.08 0.002 0)
(0.081 0.002 0)
(0.082 0.002 0)
(0.083 0.002 0)
(0.084 0.002 0)
(0.085 0.002 0)
(0.086 0.002 0)
(0.087 0.002 0)
(0.088 0.002 0)
(0.089 0.002 0)
(0.09 0.002 0)
(0.091 0.002 0)
(0.092 0.002 0)
(0.093 0.002 0)
(0.094 0.002 0)
(0.095 0.002 0)
(0.096 0.002 0)
(0.097 0.002 0)
(0.098 0.002 0)
(0.099 0.002 0)
(0.1 0.002 0)
(0.101 0.002 0)
(0.102 0.002 0)
(0.103 0.002 0)
(0.104 0.002 0)
(0.105 0.002 0)
(0.106 0.002 0)
(0.107 0.002 0)
(0.108 0.002 0)
(0.109 0.002 0)
(0.11 0.002 0)
(0.111 0.002 0)
(0.112 0.002 0)
(0.113 0.002 0)
(0.114 0.002 0)
(0.115 0.002 0)
(0.116 0.002 0)
(0.117 0.002 0)
(0.118 0.002 0)
(0.119 0.002 0)
(0.12 0.002 0)
(0.121 0.002 0)
(0.122 0.002 0)
(0.123 0.002 0)
(0.124 0.002 0)
(0.125 0.002 0)
(0.126 0.002 0)
(0.127 0.002 0)
(0.128 0.002 0)
(0.129 0.002 0)
(0.13 0.002 0)
(0.131 0.002 0)
(0.132 0.002 0)
(0.133 0.002 0)
(0.134 0.002 0)
(0.135 0.002 0)
(0.136 0.002 0)
(0.137 0.002 0)
(0.138 0.002 0)
(0.139 0.002 0)
(0.14 0.002 0)
(0.141 0.002 0)
(0.142 0.002 0)
(0.143 0.002 0)
(0.144 0.002 0)
(0.145 0.002 0)
(0.146 0.002 0)
(0.147 0.002 0)
(0.148 0.002 0)
(0.149 0.002 0)
(0.15 0.002 0)
(0.151 0.002 0)
(0.152 0.002 0)
(0.153 0.002 0)
(0.154 0.002 0)
(0.155 0.002 0)
(0.156 0.002 0)
(0.157 0.002 0)
(0.158 0.002 0)
(0.159 0.002 0)
(0.16 0.002 0)
(0.161 0.002 0)
(0.162 0.002 0)
(0.163 0.002 0)
(0.164 0.002 0)
(0.165 0.002 0)
(0.166 0.002 0)
(0.167 0.002 0)
(0.168 0.002 0)
(0.169 0.002 0)
(0.17 0.002 0)
(0.171 0.002 0)
(0.172 0.002 0)
(0.173 0.002 0)
(0.174 0.002 0)
(0.175 0.002 0)
(0.176 0.002 0)
(0.177 0.002 0)
(0.178 0.002 0)
(0.179 0.002 0)
(0.18 0.002 0)
(0.181 0.002 0)
(0.182 0.002 0)
(0.183 0.002 0)
(0.184 0.002 0)
(0.185 0.002 0)
(0.186 0.002 0)
(0.187 0.002 0)
(0.188 0.002 0)
(0.189 0.002 0)
(0.19 0.002 0)
(0.191 0.002 0)
(0.192 0.002 0)
(0.193 0.002 0)
(0.194 0.002 0)
(0.195 0.002 0)
(0.196 0.002 0)
(0.197 0.002 0)
(0.198 0.002 0)
(0.199 0.002 0)
(0.2 0.002 0)
(0 0.003 0)
(0.001 0.003 0)
(0.002 0.003 0)
(0.003 0.003 0)
(0.004 0.003 0)
(0.005 0.003 0)
(0.006 0.003 0)
(0.007 0.003 0)
(0.008 0.003 0)
(0.009 0.003 0)
(0.01 0.003 0)
(0.011 0.003 0)
(0.012 0.003 0)
(0.013 0.003 0)
(0.014 0.003 0)
(0.015 0.003 0)
(0.016 0.003 0)
(0.017 0.003 0)
(0.018 0.003 0)
(0.019 0.003 0)
(0.02 0.003 0)
(0.021 0.003 0)
(0.022 0.003 0)
(0.023 0.003 0)
(0.024 0.003 0)
(0.025 0.003 0)
(0.026 0.003 0)
(0.027 0.003 0)
(0.028 0.003 0)
(0.029 0.003 0)
(0.03 0.003 0)
(0.031 0.003 0)
(0.032 0.003 0)
(0.033 0.003 0)
(0.034 0.003 0)
(0.035 0.003 0)
(0.036 0.003 0)
(0.037 0.003 0)
(0.038 0.003 0)
(0.039 0.003 0)
(0.04 0.003 0)
(0.041 0.003 0)
(0.042 0.003 0)
(0.043 0.003 0)
(0.044 0.003 0)
(0.045 0.003 0)
(0.046 0.003 0)
(0.047 0.003 0)
(0.048 0.003 0)
(0.049 0.003 0)
(0.05 0.003 0)
(0.051 0.003 0)
(0.052 0.003 0)
(0.053 0.003 0)
(0.054 0.003 0)
(0.055 0.003 0)
(0.056 0.003 0)
(0.057 0.003 0)
(0.058 0.003 0)
(0.059 0.003 0)
(0.06 0.003 0)
(0.061 0.003 0)
(0.062 0.003 0)
(0.063 0.003 0)
(0.064 0.003 0)
(0.065 0.003 0)
(0.066 0.003 0)
(0.067 0.003 0)
(0.068 0.003 0)
(0.069 0.003 0)
(0.07 0.003 0)
(0.071 0.003 0)
(0.072 0.003 0)
(0.073 0.003 0)
(0.074 0.003 0)
(0.075 0.003 0)
(0.076 0.003 0)
(0.077 0.003 0)
(0.078 0.003 0)
(0.079 0.003 0)
(0.08 0.003 0)
(0.081 0.003 0)
(0.082 0.003 0)
(0.083 0.003 0)
(0.084 0.003 0)
(0.085 0.003 0)
(0.086 0.003 0)
(0.087 0.003 0)
(0.088 0.003 0)
(0.089 0.003 0)
(0.09 0.003 0)
(0.091 0.003 0)
(0.092 0.003 0)
(0.093 0.003 0)
(0.094 0.003 0)
(0.095 0.003 0)
(0.096 0.003 0)
(0.097 0.003 0)
(0.098 0.003 0)
(0.099 0.003 0)
(0.1 0.003 0)
(0.101 0.003 0)
(0.102 0.003 0)
(0.103 0.003 0)
(0.104 0.003 0)
(0.105 0.003 0)
(0.106 0.003 0)
(0.107 0.003 0)
(0.108 0.003 0)
(0.109 0.003 0)
(0.11 0.003 0)
(0.111 0.003 0)
(0.112 0.003 0)
(0.113 0.003 0)
(0.114 0.003 0)
(0.115 0.003 0)
(0.116 0.003 0)
(0.117 0.003 0)
(0.118 0.003 0)
(0.119 0.003 0)
(0.12 0.003 0)
(0.121 0.003 0)
(0.122 0.003 0)
(0.123 0.003 0)
(0.124 0.003 0)
(0.125 0.003 0)
(0.126 0.003 0)
(0.127 0.003 0)
(0.128 0.003 0)
(0.129 0.003 0)
(0.13 0.003 0)
(0.131 0.003 0)
(0.132 0.003 0)
(0.133 0.003 0)
(0.134 0.003 0)
(0.135 0.003 0)
(0.136 0.003 0)
(0.137 0.003 0)
(0.138 0.003 0)
(0.139 0.003 0)
(0.14 0.003 0)
(0.141 0.003 0)
(0.142 0.003 0)
(0.143 0.003 0)
(0.144 0.003 0)
(0.145 0.003 0)
(0.146 0.003 0)
(0.147 0.003 0)
(0.148 0.003 0)
(0.149 0.003 0)
(0.15 0.003 0)
(0.151 0.003 0)
(0.152 0.003 0)
(0.153 0.003 0)
(0.154 0.003 0)
(0.155 0.003 0)
(0.156 0.003 0)
(0.157 0.003 0)
(0.158 0.003 0)
(0.159 0.003 0)
(0.16 0.003 0)
(0.161 0.003 0)
(0.162 0.003 0)
(0.163 0.003 0)
(0.164 0.003 0)
(0.165 0.003 0)
(0.166 0.003 0)
(0.167 0.003 0)
(0.168 0.003 0)
(0.169 0.003 0)
(0.17 0.003 0)
(0.171 0.003 0)
(0.172 0.003 0)
(0.173 0.003 0)
(0.174 0.003 0)
(0.175 0.003 0)
(0.176 0.003 0)
(0.177 0.003 0)
(0.178 0.003 0)
(0.179 0.003 0)
(0.18 0.003 0)
(0.181 0.003 0)
(0.182 0.003 0)
(0.183 0.003 0)
(0.184 0.003 0)
(0.185 0.003 0)
(0.186 0.003 0)
(0.187 0.003 0)
(0.188 0.003 0)
(0.189 0.003 0)
(0.19 0.003 0)
(0.191 0.003 0)
(0.192 0.003 0)
(0.193 0.003 0)
(0.194 0.003 0)
(0.195 0.003 0)
(0.196 0.003 0)
(0.197 0.003 0)
(0.198 0.003 0)
(0.199 0.003 0)
(0.2 0.003 0)
(0 0.004 0)
(0.001 0.004 0)
(0.002 0.004 0)
(0.003 0.004 0)
(0.004 0.004 0)
(0.005 0.004 0)
(0.006 0.004 0)
(0.007 0.004 0)
(0.008 0.004 0)
(0.009 0.004 0)
(0.01 0.004 0)
(0.011 0.004 0)
(0.012 0.004 0)
(0.013 0.004 0)
(0.014 0.004 0)
(0.015 0.004 0)
(0.016 0.004 0)
(0.017 0.004 0)
(0.018 0.004 0)
(0.019 0.004 0)
(0.02 0.004 0)
(0.021 0.004 0)
(0.022 0.004 0)
(0.023 0.004 0)
(0.024 0.004 0)
(0.025 0.004 0)
(0.026 0.004 0)
(0.027 0.004 0)
(0.028 0.004 0)
(0.029 0.004 0)
(0.03 0.004 0)
(0.031 0.004 0)
(0.032 0.004 0)
(0.033 0.004 0)
(0.034 0.004 0)
(0.035 0.004 0)
(0.036 0.004 0)
(0.037 0.004 0)
(0.038 0.004 0)
(0.039 0.004 0)
(0.04 0.004 0)
(0.041 0.004 0)
(0.042 0.004 0)
(0.043 0.004 0)
(0.044 0.004 0)
(0.045 0.004 0)
(0.046 0.004 0)
(0.047 0.004 0)
(0.048 0.004 0)
(0.049 0.004 0)
(0.05 0.004 0)
(0.051 0.004 0)
(0.052 0.004 0)
(0.053 0.004 0)
(0.054 0.004 0)
(0.055 0.004 0)
(0.056 0.004 0)
(0.057 0.004 0)
(0.058 0.004 0)
(0.059 0.004 0)
(0.06 0.004 0)
(0.061 0.004 0)
(0.062 0.004 0)
(0.063 0.004 0)
(0.064 0.004 0)
(0.065 0.004 0)
(0.066 0.004 0)
(0.067 0.004 0)
(0.068 0.004 0)
(0.069 0.004 0)
(0.07 0.004 0)
(0.071 0.004 0)
(0.072 0.004 0)
(0.073 0.004 0)
(0.074 0.004 0)
(0.075 0.004 0)
(0.076 0.004 0)
(0.077 0.004 0)
(0.078 0.004 0)
(0.079 0.004 0)
(0.08 0.004 0)
(0.081 0.004 0)
(0.082 0.004 0)
(0.083 0.004 0)
(0.084 0.004 0)
(0.085 0.004 0)
(0.086 0.004 0)
(0.087 0.004 0)
(0.088 0.004 0)
(0.089 0.004 0)
(0.09 0.004 0)
(0.091 0.004 0)
(0.092 0.004 0)
(0.093 0.004 0)
(0.094 0.004 0)
(0.095 0.004 0)
(0.096 0.004 0)
(0.097 0.004 0)
(0.098 0.004 0)
(0.099 0.004 0)
(0.1 0.004 0)
(0.101 0.004 0)
(0.102 0.004 0)
(0.103 0.004 0)
(0.104 0.004 0)
(0.105 0.004 0)
(0.106 0.004 0)
(0.107 0.004 0)
(0.108 0.004 0)
(0.109 0.004 0)
(0.11 0.004 0)
(0.111 0.004 0)
(0.112 0.004 0)
(0.113 0.004 0)
(0.114 0.004 0)
(0.115 0.004 0)
(0.116 0.004 0)
(0.117 0.004 0)
(0.118 0.004 0)
(0.119 0.004 0)
(0.12 0.004 0)
(0.121 0.004 0)
(0.122 0.004 0)
(0.123 0.004 0)
(0.124 0.004 0)
(0.125 0.004 0)
(0.126 0.004 0)
(0.127 0.004 0)
(0.128 0.004 0)
(0.129 0.004 0)
(0.13 0.004 0)
(0.131 0.004 0)
(0.132 0.004 0)
(0.133 0.004 0)
(0.134 0.004 0)
(0.135 0.004 0)
(0.136 0.004 0)
(0.137 0.004 0)
(0.138 0.004 0)
(0.139 0.004 0)
(0.14 0.004 0)
(0.141 0.004 0)
(0.142 0.004 0)
(0.143 0.004 0)
(0.144 0.004 0)
(0.145 0.004 0)
(0.146 0.004 0)
(0.147 0.004 0)
(0.148 0.004 0)
(0.149 0.004 0)
(0.15 0.004 0)
(0.151 0.004 0)
(0.152 0.004 0)
(0.153 0.004 0)
(0.154 0.004 0)
(0.155 0.004 0)
(0.156 0.004 0)
(0.157 0.004 0)
(0.158 0.004 0)
(0.159 0.004 0)
(0.16 0.004 0)
(0.161 0.004 0)
(0.162 0.004 0)
(0.163 0.004 0)
(0.164 0.004 0)
(0.165 0.004 0)
(0.166 0.004 0)
(0.167 0.004 0)
(0.168 0.004 0)
(0.169 0.004 0)
(0.17 0.004 0)
(0.171 0.004 0)
(0.172 0.004 0)
(0.173 0.004 0)
(0.174 0.004 0)
(0.175 0.004 0)
(0.176 0.004 0)
(0.177 0.004 0)
(0.178 0.004 0)
(0.179 0.004 0)
(0.18 0.004 0)
(0.181 0.004 0)
(0.182 0.004 0)
(0.183 0.004 0)
(0.184 0.004 0)
(0.185 0.004 0)
(0.186 0.004 0)
(0.187 0.004 0)
(0.188 0.004 0)
(0.189 0.004 0)
(0.19 0.004 0)
(0.191 0.004 0)
(0.192 0.004 0)
(0.193 0.004 0)
(0.194 0.004 0)
(0.195 0.004 0)
(0.196 0.004 0)
(0.197 0.004 0)
(0.198 0.004 0)
(0.199 0.004 0)
(0.2 0.004 0)
(0 0.005 0)
(0.001 0.005 0)
(0.002 0.005 0)
(0.003 0.005 0)
(0.004 0.005 0)
(0.005 0.005 0)
(0.006 0.005 0)
(0.007 0.005 0)
(0.008 0.005 0)
(0.009 0.005 0)
(0.01 0.005 0)
(0.011 0.005 0)
(0.012 0.005 0)
(0.013 0.005 0)
(0.014 0.005 0)
(0.015 0.005 0)
(0.016 0.005 0)
(0.017 0.005 0)
(0.018 0.005 0)
(0.019 0.005 0)
(0.02 0.005 0)
(0.021 0.005 0)
(0.022 0.005 0)
(0.023 0.005 0)
(0.024 0.005 0)
(0.025 0.005 0)
(0.026 0.005 0)
(0.027 0.005 0)
(0.028 0.005 0)
(0.029 0.005 0)
(0.03 0.005 0)
(0.031 0.005 0)
(0.032 0.005 0)
(0.033 0.005 0)
(0.034 0.005 0)
(0.035 0.005 0)
(0.036 0.005 0)
(0.037 0.005 0)
(0.038 0.005 0)
(0.039 0.005 0)
(0.04 0.005 0)
(0.041 0.005 0)
(0.042 0.005 0)
(0.043 0.005 0)
(0.044 0.005 0)
(0.045 0.005 0)
(0.046 0.005 0)
(0.047 0.005 0)
(0.048 0.005 0)
(0.049 0.005 0)
(0.05 0.005 0)
(0.051 0.005 0)
(0.052 0.005 0)
(0.053 0.005 0)
(0.054 0.005 0)
(0.055 0.005 0)
(0.056 0.005 0)
(0.057 0.005 0)
(0.058 0.005 0)
(0.059 0.005 0)
(0.06 0.005 0)
(0.061 0.005 0)
(0.062 0.005 0)
(0.063 0.005 0)
(0.064 0.005 0)
(0.065 0.005 0)
(0.066 0.005 0)
(0.067 0.005 0)
(0.068 0.005 0)
(0.069 0.005 0)
(0.07 0.005 0)
(0.071 0.005 0)
(0.072 0.005 0)
(0.073 0.005 0)
(0.074 0.005 0)
(0.075 0.005 0)
(0.076 0.005 0)
(0.077 0.005 0)
(0.078 0.005 0)
(0.079 0.005 0)
(0.08 0.005 0)
(0.081 0.005 0)
(0.082 0.005 0)
(0.083 0.005 0)
(0.084 0.005 0)
(0.085 0.005 0)
(0.086 0.005 0)
(0.087 0.005 0)
(0.088 0.005 0)
(0.089 0.005 0)
(0.09 0.005 0)
(0.091 0.005 0)
(0.092 0.005 0)
(0.093 0.005 0)
(0.094 0.005 0)
(0.095 0.005 0)
(0.096 0.005 0)
(0.097 0.005 0)
(0.098 0.005 0)
(0.099 0.005 0)
(0.1 0.005 0)
(0.101 0.005 0)
(0.102 0.005 0)
(0.103 0.005 0)
(0.104 0.005 0)
(0.105 0.005 0)
(0.106 0.005 0)
(0.107 0.005 0)
(0.108 0.005 0)
(0.109 0.005 0)
(0.11 0.005 0)
(0.111 0.005 0)
(0.112 0.005 0)
(0.113 0.005 0)
(0.114 0.005 0)
(0.115 0.005 0)
(0.116 0.005 0)
(0.117 0.005 0)
(0.118 0.005 0)
(0.119 0.005 0)
(0.12 0.005 0)
(0.121 0.005 0)
(0.122 0.005 0)
(0.123 0.005 0)
(0.124 0.005 0)
(0.125 0.005 0)
(0.126 0.005 0)
(0.127 0.005 0)
(0.128 0.005 0)
(0.129 0.005 0)
(0.13 0.005 0)
(0.131 0.005 0)
(0.132 0.005 0)
(0.133 0.005 0)
(0.134 0.005 0)
(0.135 0.005 0)
(0.136 0.005 0)
(0.137 0.005 0)
(0.138 0.005 0)
(0.139 0.005 0)
(0.14 0.005 0)
(0.141 0.005 0)
(0.142 0.005 0)
(0.143 0.005 0)
(0.144 0.005 0)
(0.145 0.005 0)
(0.146 0.005 0)
(0.147 0.005 0)
(0.148 0.005 0)
(0.149 0.005 0)
(0.15 0.005 0)
(0.151 0.005 0)
(0.152 0.005 0)
(0.153 0.005 0)
(0.154 0.005 0)
(0.155 0.005 0)
(0.156 0.005 0)
(0.157 0.005 0)
(0.158 0.005 0)
(0.159 0.005 0)
(0.16 0.005 0)
(0.161 0.005 0)
(0.162 0.005 0)
(0.163 0.005 0)
(0.164 0.005 0)
(0.165 0.005 0)
(0.166 0.005 0)
(0.167 0.005 0)
(0.168 0.005 0)
(0.169 0.005 0)
(0.17 0.005 0)
(0.171 0.005 0)
(0.172 0.005 0)
(0.173 0.005 0)
(0.174 0.005 0)
(0.175 0.005 0)
(0.176 0.005 0)
(0.177 0.005 0)
(0.178 0.005 0)
(0.179 0.005 0)
(0.18 0.005 0)
(0.181 0.005 0)
(0.182 0.005 0)
(0.183 0.005 0)
(0.184 0.005 0)
(0.185 0.005 0)
(0.186 0.005 0)
(0.187 0.005 0)
(0.188 0.005 0)
(0.189 0.005 0)
(0.19 0.005 0)
(0.191 0.005 0)
(0.192 0.005 0)
(0.193 0.005 0)
(0.194 0.005 0)
(0.195 0.005 0)
(0.196 0.005 0)
(0.197 0.005 0)
(0.198 0.005 0)
(0.199 0.005 0)
(0.2 0.005 0)
(0 0.006 0)
(0.001 0.006 0)
(0.002 0.006 0)
(0.003 0.006 0)
(0.004 0.006 0)
(0.005 0.006 0)
(0.006 0.006 0)
(0.007 0.006 0)
(0.008 0.006 0)
(0.009 0.006 0)
(0.01 0.006 0)
(0.011 0.006 0)
(0.012 0.006 0)
(0.013 0.006 0)
(0.014 0.006 0)
(0.015 0.006 0)
(0.016 0.006 0)
(0.017 0.006 0)
(0.018 0.006 0)
(0.019 0.006 0)
(0.02 0.006 0)
(0.021 0.006 0)
(0.022 0.006 0)
(0.023 0.006 0)
(0.024 0.006 0)
(0.025 0.006 0)
(0.026 0.006 0)
(0.027 0.006 0)
(0.028 0.006 0)
(0.029 0.006 0)
(0.03 0.006 0)
(0.031 0.006 0)
(0.032 0.006 0)
(0.033 0.006 0)
(0.034 0.006 0)
(0.035 0.006 0)
(0.036 0.006 0)
(0.037 0.006 0)
(0.038 0.006 0)
(0.039 0.006 0)
(0.04 0.006 0)
(0.041 0.006 0)
(0.042 0.006 0)
(0.043 0.006 0)
(0.044 0.006 0)
(0.045 0.006 0)
(0.046 0.006 0)
(0.047 0.006 0)
(0.048 0.006 0)
(0.049 0.006 0)
(0.05 0.006 0)
(0.051 0.006 0)
(0.052 0.006 0)
(0.053 0.006 0)
(0.054 0.006 0)
(0.055 0.006 0)
(0.056 0.006 0)
(0.057 0.006 0)
(0.058 0.006 0)
(0.059 0.006 0)
(0.06 0.006 0)
(0.061 0.006 0)
(0.062 0.006 0)
(0.063 0.006 0)
(0.064 0.006 0)
(0.065 0.006 0)
(0.066 0.006 0)
(0.067 0.006 0)
(0.068 0.006 0)
(0.069 0.006 0)
(0.07 0.006 0)
(0.071 0.006 0)
(0.072 0.006 0)
(0.073 0.006 0)
(0.074 0.006 0)
(0.075 0.006 0)
(0.076 0.006 0)
(0.077 0.006 0)
(0.078 0.006 0)
(0.079 0.006 0)
(0.08 0.006 0)
(0.081 0.006 0)
(0.082 0.006 0)
(0.083 0.006 0)
(0.084 0.006 0)
(0.085 0.006 0)
(0.086 0.006 0)
(0.087 0.006 0)
(0.088 0.006 0)
(0.089 0.006 0)
(0.09 0.006 0)
(0.091 0.006 0)
(0.092 0.006 0)
(0.093 0.006 0)
(0.094 0.006 0)
(0.095 0.006 0)
(0.096 0.006 0)
(0.097 0.006 0)
(0.098 0.006 0)
(0.099 0.006 0)
(0.1 0.006 0)
(0.101 0.006 0)
(0.102 0.006 0)
(0.103 0.006 0)
(0.104 0.006 0)
(0.105 0.006 0)
(0.106 0.006 0)
(0.107 0.006 0)
(0.108 0.006 0)
(0.109 0.006 0)
(0.11 0.006 0)
(0.111 0.006 0)
(0.112 0.006 0)
(0.113 0.006 0)
(0.114 0.006 0)
(0.115 0.006 0)
(0.116 0.006 0)
(0.117 0.006 0)
(0.118 0.006 0)
(0.119 0.006 0)
(0.12 0.006 0)
(0.121 0.006 0)
(0.122 0.006 0)
(0.123 0.006 0)
(0.124 0.006 0)
(0.125 0.006 0)
(0.126 0.006 0)
(0.127 0.006 0)
(0.128 0.006 0)
(0.129 0.006 0)
(0.13 0.006 0)
(0.131 0.006 0)
(0.132 0.006 0)
(0.133 0.006 0)
(0.134 0.006 0)
(0.135 0.006 0)
(0.136 0.006 0)
(0.137 0.006 0)
(0.138 0.006 0)
(0.139 0.006 0)
(0.14 0.006 0)
(0.141 0.006 0)
(0.142 0.006 0)
(0.143 0.006 0)
(0.144 0.006 0)
(0.145 0.006 0)
(0.146 0.006 0)
(0.147 0.006 0)
(0.148 0.006 0)
(0.149 0.006 0)
(0.15 0.006 0)
(0.151 0.006 0)
(0.152 0.006 0)
(0.153 0.006 0)
(0.154 0.006 0)
(0.155 0.006 0)
(0.156 0.006 0)
(0.157 0.006 0)
(0.158 0.006 0)
(0.159 0.006 0)
(0.16 0.006 0)
(0.161 0.006 0)
(0.162 0.006 0)
(0.163 0.006 0)
(0.164 0.006 0)
(0.165 0.006 0)
(0.166 0.006 0)
(0.167 0.006 0)
(0.168 0.006 0)
(0.169 0.006 0)
(0.17 0.006 0)
(0.171 0.006 0)
(0.172 0.006 0)
(0.173 0.006 0)
(0.174 0.006 0)
(0.175 0.006 0)
(0.176 0.006 0)
(0.177 0.006 0)
(0.178 0.006 0)
(0.179 0.006 0)
(0.18 0.006 0)
(0.181 0.006 0)
(0.182 0.006 0)
(0.183 0.006 0)
(0.184 0.006 0)
(0.185 0.006 0)
(0.186 0.006 0)
(0.187 0.006 0)
(0.188 0.006 0)
(0.189 0.006 0)
(0.19 0.006 0)
(0.191 0.006 0)
(0.192 0.006 0)
(0.193 0.006 0)
(0.194 0.006 0)
(0.195 0.006 0)
(0.196 0.006 0)
(0.197 0.006 0)
(0.198 0.006 0)
(0.199 0.006 0)
(0.2 0.006 0)
(0 0.007 0)
(0.001 0.007 0)
(0.002 0.007 0)
(0.003 0.007 0)
(0.004 0.007 0)
(0.005 0.007 0)
(0.006 0.007 0)
(0.007 0.007 0)
(0.008 0.007 0)
(0.009 0.007 0)
(0.01 0.007 0)
(0.011 0.007 0)
(0.012 0.007 0)
(0.013 0.007 0)
(0.014 0.007 0)
(0.015 0.007 0)
(0.016 0.007 0)
(0.017 0.007 0)
(0.018 0.007 0)
(0.019 0.007 0)
(0.02 0.007 0)
(0.021 0.007 0)
(0.022 0.007 0)
(0.023 0.007 0)
(0.024 0.007 0)
(0.025 0.007 0)
(0.026 0.007 0)
(0.027 0.007 0)
(0.028 0.007 0)
(0.029 0.007 0)
(0.03 0.007 0)
(0.031 0.007 0)
(0.032 0.007 0)
(0.033 0.007 0)
(0.034 0.007 0)
(0.035 0.007 0)
(0.036 0.007 0)
(0.037 0.007 0)
(0.038 0.007 0)
(0.039 0.007 0)
(0.04 0.007 0)
(0.041 0.007 0)
(0.042 0.007 0)
(0.043 0.007 0)
(0.044 0.007 0)
(0.045 0.007 0)
(0.046 0.007 0)
(0.047 0.007 0)
(0.048 0.007 0)
(0.049 0.007 0)
(0.05 0.007 0)
(0.051 0.007 0)
(0.052 0.007 0)
(0.053 0.007 0)
(0.054 0.007 0)
(0.055 0.007 0)
(0.056 0.007 0)
(0.057 0.007 0)
(0.058 0.007 0)
(0.059 0.007 0)
(0.06 0.007 0)
(0.061 0.007 0)
(0.062 0.007 0)
(0.063 0.007 0)
(0.064 0.007 0)
(0.065 0.007 0)
(0.066 0.007 0)
(0.067 0.007 0)
(0.068 0.007 0)
(0.069 0.007 0)
(0.07 0.007 0)
(0.071 0.007 0)
(0.072 0.007 0)
(0.073 0.007 0)
(0.074 0.007 0)
(0.075 0.007 0)
(0.076 0.007 0)
(0.077 0.007 0)
(0.078 0.007 0)
(0.079 0.007 0)
(0.08 0.007 0)
(0.081 0.007 0)
(0.082 0.007 0)
(0.083 0.007 0)
(0.084 0.007 0)
(0.085 0.007 0)
(0.086 0.007 0)
(0.087 0.007 0)
(0.088 0.007 0)
(0.089 0.007 0)
(0.09 0.007 0)
(0.091 0.007 0)
(0.092 0.007 0)
(0.093 0.007 0)
(0.094 0.007 0)
(0.095 0.007 0)
(0.096 0.007 0)
(0.097 0.007 0)
(0.098 0.007 0)
(0.099 0.007 0)
(0.1 0.007 0)
(0.101 0.007 0)
(0.102 0.007 0)
(0.103 0.007 0)
(0.104 0.007 0)
(0.105 0.007 0)
(0.106 0.007 0)
(0.107 0.007 0)
(0.108 0.007 0)
(0.109 0.007 0)
(0.11 0.007 0)
(0.111 0.007 0)
(0.112 0.007 0)
(0.113 0.007 0)
(0.114 0.007 0)
(0.115 0.007 0)
(0.116 0.007 0)
(0.117 0.007 0)
(0.118 0.007 0)
(0.119 0.007 0)
(0.12 0.007 0)
(0.121 0.007 0)
(0.122 0.007 0)
(0.123 0.007 0)
(0.124 0.007 0)
(0.125 0.007 0)
(0.126 0.007 0)
(0.127 0.007 0)
(0.128 0.007 0)
(0.129 0.007 0)
(0.13 0.007 0)
(0.131 0.007 0)
(0.132 0.007 0)
(0.133 0.007 0)
(0.134 0.007 0)
(0.135 0.007 0)
(0.136 0.007 0)
(0.137 0.007 0)
(0.138 0.007 0)
(0.139 0.007 0)
(0.14 0.007 0)
(0.141 0.007 0)
(0.142 0.007 0)
(0.143 0.007 0)
(0.144 0.007 0)
(0.145 0.007 0)
(0.146 0.007 0)
(0.147 0.007 0)
(0.148 0.007 0)
(0.149 0.007 0)
(0.15 0.007 0)
(0.151 0.007 0)
(0.152 0.007 0)
(0.153 0.007 0)
(0.154 0.007 0)
(0.155 0.007 0)
(0.156 0.007 0)
(0.157 0.007 0)
(0.158 0.007 0)
(0.159 0.007 0)
(0.16 0.007 0)
(0.161 0.007 0)
(0.162 0.007 0)
(0.163 0.007 0)
(0.164 0.007 0)
(0.165 0.007 0)
(0.166 0.007 0)
(0.167 0.007 0)
(0.168 0.007 0)
(0.169 0.007 0)
(0.17 0.007 0)
(0.171 0.007 0)
(0.172 0.007 0)
(0.173 0.007 0)
(0.174 0.007 0)
(0.175 0.007 0)
(0.176 0.007 0)
(0.177 0.007 0)
(0.178 0.007 0)
(0.179 0.007 0)
(0.18 0.007 0)
(0.181 0.007 0)
(0.182 0.007 0)
(0.183 0.007 0)
(0.184 0.007 0)
(0.185 0.007 0)
(0.186 0.007 0)
(0.187 0.007 0)
(0.188 0.007 0)
(0.189 0.007 0)
(0.19 0.007 0)
(0.191 0.007 0)
(0.192 0.007 0)
(0.193 0.007 0)
(0.194 0.007 0)
(0.195 0.007 0)
(0.196 0.007 0)
(0.197 0.007 0)
(0.198 0.007 0)
(0.199 0.007 0)
(0.2 0.007 0)
(0 0.008 0)
(0.001 0.008 0)
(0.002 0.008 0)
(0.003 0.008 0)
(0.004 0.008 0)
(0.005 0.008 0)
(0.006 0.008 0)
(0.007 0.008 0)
(0.008 0.008 0)
(0.009 0.008 0)
(0.01 0.008 0)
(0.011 0.008 0)
(0.012 0.008 0)
(0.013 0.008 0)
(0.014 0.008 0)
(0.015 0.008 0)
(0.016 0.008 0)
(0.017 0.008 0)
(0.018 0.008 0)
(0.019 0.008 0)
(0.02 0.008 0)
(0.021 0.008 0)
(0.022 0.008 0)
(0.023 0.008 0)
(0.024 0.008 0)
(0.025 0.008 0)
(0.026 0.008 0)
(0.027 0.008 0)
(0.028 0.008 0)
(0.029 0.008 0)
(0.03 0.008 0)
(0.031 0.008 0)
(0.032 0.008 0)
(0.033 0.008 0)
(0.034 0.008 0)
(0.035 0.008 0)
(0.036 0.008 0)
(0.037 0.008 0)
(0.038 0.008 0)
(0.039 0.008 0)
(0.04 0.008 0)
(0.041 0.008 0)
(0.042 0.008 0)
(0.043 0.008 0)
(0.044 0.008 0)
(0.045 0.008 0)
(0.046 0.008 0)
(0.047 0.008 0)
(0.048 0.008 0)
(0.049 0.008 0)
(0.05 0.008 0)
(0.051 0.008 0)
(0.052 0.008 0)
(0.053 0.008 0)
(0.054 0.008 0)
(0.055 0.008 0)
(0.056 0.008 0)
(0.057 0.008 0)
(0.058 0.008 0)
(0.059 0.008 0)
(0.06 0.008 0)
(0.061 0.008 0)
(0.062 0.008 0)
(0.063 0.008 0)
(0.064 0.008 0)
(0.065 0.008 0)
(0.066 0.008 0)
(0.067 0.008 0)
(0.068 0.008 0)
(0.069 0.008 0)
(0.07 0.008 0)
(0.071 0.008 0)
(0.072 0.008 0)
(0.073 0.008 0)
(0.074 0.008 0)
(0.075 0.008 0)
(0.076 0.008 0)
(0.077 0.008 0)
(0.078 0.008 0)
(0.079 0.008 0)
(0.08 0.008 0)
(0.081 0.008 0)
(0.082 0.008 0)
(0.083 0.008 0)
(0.084 0.008 0)
(0.085 0.008 0)
(0.086 0.008 0)
(0.087 0.008 0)
(0.088 0.008 0)
(0.089 0.008 0)
(0.09 0.008 0)
(0.091 0.008 0)
(0.092 0.008 0)
(0.093 0.008 0)
(0.094 0.008 0)
(0.095 0.008 0)
(0.096 0.008 0)
(0.097 0.008 0)
(0.098 0.008 0)
(0.099 0.008 0)
(0.1 0.008 0)
(0.101 0.008 0)
(0.102 0.008 0)
(0.103 0.008 0)
(0.104 0.008 0)
(0.105 0.008 0)
(0.106 0.008 0)
(0.107 0.008 0)
(0.108 0.008 0)
(0.109 0.008 0)
(0.11 0.008 0)
(0.111 0.008 0)
(0.112 0.008 0)
(0.113 0.008 0)
(0.114 0.008 0)
(0.115 0.008 0)
(0.116 0.008 0)
(0.117 0.008 0)
(0.118 0.008 0)
(0.119 0.008 0)
(0.12 0.008 0)
(0.121 0.008 0)
(0.122 0.008 0)
(0.123 0.008 0)
(0.124 0.008 0)
(0.125 0.008 0)
(0.126 0.008 0)
(0.127 0.008 0)
(0.128 0.008 0)
(0.129 0.008 0)
(0.13 0.008 0)
(0.131 0.008 0)
(0.132 0.008 0)
(0.133 0.008 0)
(0.134 0.008 0)
(0.135 0.008 0)
(0.136 0.008 0)
(0.137 0.008 0)
(0.138 0.008 0)
(0.139 0.008 0)
(0.14 0.008 0)
(0.141 0.008 0)
(0.142 0.008 0)
(0.143 0.008 0)
(0.144 0.008 0)
(0.145 0.008 0)
(0.146 0.008 0)
(0.147 0.008 0)
(0.148 0.008 0)
(0.149 0.008 0)
(0.15 0.008 0)
(0.151 0.008 0)
(0.152 0.008 0)
(0.153 0.008 0)
(0.154 0.008 0)
(0.155 0.008 0)
(0.156 0.008 0)
(0.157 0.008 0)
(0.158 0.008 0)
(0.159 0.008 0)
(0.16 0.008 0)
(0.161 0.008 0)
(0.162 0.008 0)
(0.163 0.008 0)
(0.164 0.008 0)
(0.165 0.008 0)
(0.166 0.008 0)
(0.167 0.008 0)
(0.168 0.008 0)
(0.169 0.008 0)
(0.17 0.008 0)
(0.171 0.008 0)
(0.172 0.008 0)
(0.173 0.008 0)
(0.174 0.008 0)
(0.175 0.008 0)
(0.176 0.008 0)
(0.177 0.008 0)
(0.178 0.008 0)
(0.179 0.008 0)
(0.18 0.008 0)
(0.181 0.008 0)
(0.182 0.008 0)
(0.183 0.008 0)
(0.184 0.008 0)
(0.185 0.008 0)
(0.186 0.008 0)
(0.187 0.008 0)
(0.188 0.008 0)
(0.189 0.008 0)
(0.19 0.008 0)
(0.191 0.008 0)
(0.192 0.008 0)
(0.193 0.008 0)
(0.194 0.008 0)
(0.195 0.008 0)
(0.196 0.008 0)
(0.197 0.008 0)
(0.198 0.008 0)
(0.199 0.008 0)
(0.2 0.008 0)
(0 0.009 0)
(0.001 0.009 0)
(0.002 0.009 0)
(0.003 0.009 0)
(0.004 0.009 0)
(0.005 0.009 0)
(0.006 0.009 0)
(0.007 0.009 0)
(0.008 0.009 0)
(0.009 0.009 0)
(0.01 0.009 0)
(0.011 0.009 0)
(0.012 0.009 0)
(0.013 0.009 0)
(0.014 0.009 0)
(0.015 0.009 0)
(0.016 0.009 0)
(0.017 0.009 0)
(0.018 0.009 0)
(0.019 0.009 0)
(0.02 0.009 0)
(0.021 0.009 0)
(0.022 0.009 0)
(0.023 0.009 0)
(0.024 0.009 0)
(0.025 0.009 0)
(0.026 0.009 0)
(0.027 0.009 0)
(0.028 0.009 0)
(0.029 0.009 0)
(0.03 0.009 0)
(0.031 0.009 0)
(0.032 0.009 0)
(0.033 0.009 0)
(0.034 0.009 0)
(0.035 0.009 0)
(0.036 0.009 0)
(0.037 0.009 0)
(0.038 0.009 0)
(0.039 0.009 0)
(0.04 0.009 0)
(0.041 0.009 0)
(0.042 0.009 0)
(0.043 0.009 0)
(0.044 0.009 0)
(0.045 0.009 0)
(0.046 0.009 0)
(0.047 0.009 0)
(0.048 0.009 0)
(0.049 0.009 0)
(0.05 0.009 0)
(0.051 0.009 0)
(0.052 0.009 0)
(0.053 0.009 0)
(0.054 0.009 0)
(0.055 0.009 0)
(0.056 0.009 0)
(0.057 0.009 0)
(0.058 0.009 0)
(0.059 0.009 0)
(0.06 0.009 0)
(0.061 0.009 0)
(0.062 0.009 0)
(0.063 0.009 0)
(0.064 0.009 0)
(0.065 0.009 0)
(0.066 0.009 0)
(0.067 0.009 0)
(0.068 0.009 0)
(0.069 0.009 0)
(0.07 0.009 0)
(0.071 0.009 0)
(0.072 0.009 0)
(0.073 0.009 0)
(0.074 0.009 0)
(0.075 0.009 0)
(0.076 0.009 0)
(0.077 0.009 0)
(0.078 0.009 0)
(0.079 0.009 0)
(0.08 0.009 0)
(0.081 0.009 0)
(0.082 0.009 0)
(0.083 0.009 0)
(0.084 0.009 0)
(0.085 0.009 0)
(0.086 0.009 0)
(0.087 0.009 0)
(0.088 0.009 0)
(0.089 0.009 0)
(0.09 0.009 0)
(0.091 0.009 0)
(0.092 0.009 0)
(0.093 0.009 0)
(0.094 0.009 0)
(0.095 0.009 0)
(0.096 0.009 0)
(0.097 0.009 0)
(0.098 0.009 0)
(0.099 0.009 0)
(0.1 0.009 0)
(0.101 0.009 0)
(0.102 0.009 0)
(0.103 0.009 0)
(0.104 0.009 0)
(0.105 0.009 0)
(0.106 0.009 0)
(0.107 0.009 0)
(0.108 0.009 0)
(0.109 0.009 0)
(0.11 0.009 0)
(0.111 0.009 0)
(0.112 0.009 0)
(0.113 0.009 0)
(0.114 0.009 0)
(0.115 0.009 0)
(0.116 0.009 0)
(0.117 0.009 0)
(0.118 0.009 0)
(0.119 0.009 0)
(0.12 0.009 0)
(0.121 0.009 0)
(0.122 0.009 0)
(0.123 0.009 0)
(0.124 0.009 0)
(0.125 0.009 0)
(0.126 0.009 0)
(0.127 0.009 0)
(0.128 0.009 0)
(0.129 0.009 0)
(0.13 0.009 0)
(0.131 0.009 0)
(0.132 0.009 0)
(0.133 0.009 0)
(0.134 0.009 0)
(0.135 0.009 0)
(0.136 0.009 0)
(0.137 0.009 0)
(0.138 0.009 0)
(0.139 0.009 0)
(0.14 0.009 0)
(0.141 0.009 0)
(0.142 0.009 0)
(0.143 0.009 0)
(0.144 0.009 0)
(0.145 0.009 0)
(0.146 0.009 0)
(0.147 0.009 0)
(0.148 0.009 0)
(0.149 0.009 0)
(0.15 0.009 0)
(0.151 0.009 0)
(0.152 0.009 0)
(0.153 0.009 0)
(0.154 0.009 0)
(0.155 0.009 0)
(0.156 0.009 0)
(0.157 0.009 0)
(0.158 0.009 0)
(0.159 0.009 0)
(0.16 0.009 0)
(0.161 0.009 0)
(0.162 0.009 0)
(0.163 0.009 0)
(0.164 0.009 0)
(0.165 0.009 0)
(0.166 0.009 0)
(0.167 0.009 0)
(0.168 0.009 0)
(0.169 0.009 0)
(0.17 0.009 0)
(0.171 0.009 0)
(0.172 0.009 0)
(0.173 0.009 0)
(0.174 0.009 0)
(0.175 0.009 0)
(0.176 0.009 0)
(0.177 0.009 0)
(0.178 0.009 0)
(0.179 0.009 0)
(0.18 0.009 0)
(0.181 0.009 0)
(0.182 0.009 0)
(0.183 0.009 0)
(0.184 0.009 0)
(0.185 0.009 0)
(0.186 0.009 0)
(0.187 0.009 0)
(0.188 0.009 0)
(0.189 0.009 0)
(0.19 0.009 0)
(0.191 0.009 0)
(0.192 0.009 0)
(0.193 0.009 0)
(0.194 0.009 0)
(0.195 0.009 0)
(0.196 0.009 0)
(0.197 0.009 0)
(0.198 0.009 0)
(0.199 0.009 0)
(0.2 0.009 0)
(0 0.01 0)
(0.001 0.01 0)
(0.002 0.01 0)
(0.003 0.01 0)
(0.004 0.01 0)
(0.005 0.01 0)
(0.006 0.01 0)
(0.007 0.01 0)
(0.008 0.01 0)
(0.009 0.01 0)
(0.01 0.01 0)
(0.011 0.01 0)
(0.012 0.01 0)
(0.013 0.01 0)
(0.014 0.01 0)
(0.015 0.01 0)
(0.016 0.01 0)
(0.017 0.01 0)
(0.018 0.01 0)
(0.019 0.01 0)
(0.02 0.01 0)
(0.021 0.01 0)
(0.022 0.01 0)
(0.023 0.01 0)
(0.024 0.01 0)
(0.025 0.01 0)
(0.026 0.01 0)
(0.027 0.01 0)
(0.028 0.01 0)
(0.029 0.01 0)
(0.03 0.01 0)
(0.031 0.01 0)
(0.032 0.01 0)
(0.033 0.01 0)
(0.034 0.01 0)
(0.035 0.01 0)
(0.036 0.01 0)
(0.037 0.01 0)
(0.038 0.01 0)
(0.039 0.01 0)
(0.04 0.01 0)
(0.041 0.01 0)
(0.042 0.01 0)
(0.043 0.01 0)
(0.044 0.01 0)
(0.045 0.01 0)
(0.046 0.01 0)
(0.047 0.01 0)
(0.048 0.01 0)
(0.049 0.01 0)
(0.05 0.01 0)
(0.051 0.01 0)
(0.052 0.01 0)
(0.053 0.01 0)
(0.054 0.01 0)
(0.055 0.01 0)
(0.056 0.01 0)
(0.057 0.01 0)
(0.058 0.01 0)
(0.059 0.01 0)
(0.06 0.01 0)
(0.061 0.01 0)
(0.062 0.01 0)
(0.063 0.01 0)
(0.064 0.01 0)
(0.065 0.01 0)
(0.066 0.01 0)
(0.067 0.01 0)
(0.068 0.01 0)
(0.069 0.01 0)
(0.07 0.01 0)
(0.071 0.01 0)
(0.072 0.01 0)
(0.073 0.01 0)
(0.074 0.01 0)
(0.075 0.01 0)
(0.076 0.01 0)
(0.077 0.01 0)
(0.078 0.01 0)
(0.079 0.01 0)
(0.08 0.01 0)
(0.081 0.01 0)
(0.082 0.01 0)
(0.083 0.01 0)
(0.084 0.01 0)
(0.085 0.01 0)
(0.086 0.01 0)
(0.087 0.01 0)
(0.088 0.01 0)
(0.089 0.01 0)
(0.09 0.01 0)
(0.091 0.01 0)
(0.092 0.01 0)
(0.093 0.01 0)
(0.094 0.01 0)
(0.095 0.01 0)
(0.096 0.01 0)
(0.097 0.01 0)
(0.098 0.01 0)
(0.099 0.01 0)
(0.1 0.01 0)
(0.101 0.01 0)
(0.102 0.01 0)
(0.103 0.01 0)
(0.104 0.01 0)
(0.105 0.01 0)
(0.106 0.01 0)
(0.107 0.01 0)
(0.108 0.01 0)
(0.109 0.01 0)
(0.11 0.01 0)
(0.111 0.01 0)
(0.112 0.01 0)
(0.113 0.01 0)
(0.114 0.01 0)
(0.115 0.01 0)
(0.116 0.01 0)
(0.117 0.01 0)
(0.118 0.01 0)
(0.119 0.01 0)
(0.12 0.01 0)
(0.121 0.01 0)
(0.122 0.01 0)
(0.123 0.01 0)
(0.124 0.01 0)
(0.125 0.01 0)
(0.126 0.01 0)
(0.127 0.01 0)
(0.128 0.01 0)
(0.129 0.01 0)
(0.13 0.01 0)
(0.131 0.01 0)
(0.132 0.01 0)
(0.133 0.01 0)
(0.134 0.01 0)
(0.135 0.01 0)
(0.136 0.01 0)
(0.137 0.01 0)
(0.138 0.01 0)
(0.139 0.01 0)
(0.14 0.01 0)
(0.141 0.01 0)
(0.142 0.01 0)
(0.143 0.01 0)
(0.144 0.01 0)
(0.145 0.01 0)
(0.146 0.01 0)
(0.147 0.01 0)
(0.148 0.01 0)
(0.149 0.01 0)
(0.15 0.01 0)
(0.151 0.01 0)
(0.152 0.01 0)
(0.153 0.01 0)
(0.154 0.01 0)
(0.155 0.01 0)
(0.156 0.01 0)
(0.157 0.01 0)
(0.158 0.01 0)
(0.159 0.01 0)
(0.16 0.01 0)
(0.161 0.01 0)
(0.162 0.01 0)
(0.163 0.01 0)
(0.164 0.01 0)
(0.165 0.01 0)
(0.166 0.01 0)
(0.167 0.01 0)
(0.168 0.01 0)
(0.169 0.01 0)
(0.17 0.01 0)
(0.171 0.01 0)
(0.172 0.01 0)
(0.173 0.01 0)
(0.174 0.01 0)
(0.175 0.01 0)
(0.176 0.01 0)
(0.177 0.01 0)
(0.178 0.01 0)
(0.179 0.01 0)
(0.18 0.01 0)
(0.181 0.01 0)
(0.182 0.01 0)
(0.183 0.01 0)
(0.184 0.01 0)
(0.185 0.01 0)
(0.186 0.01 0)
(0.187 0.01 0)
(0.188 0.01 0)
(0.189 0.01 0)
(0.19 0.01 0)
(0.191 0.01 0)
(0.192 0.01 0)
(0.193 0.01 0)
(0.194 0.01 0)
(0.195 0.01 0)
(0.196 0.01 0)
(0.197 0.01 0)
(0.198 0.01 0)
(0.199 0.01 0)
(0.2 0.01 0)
(0 0 0.01)
(0.001 0 0.01)
(0.002 0 0.01)
(0.003 0 0.01)
(0.004 0 0.01)
(0.005 0 0.01)
(0.006 0 0.01)
(0.007 0 0.01)
(0.008 0 0.01)
(0.009 0 0.01)
(0.01 0 0.01)
(0.011 0 0.01)
(0.012 0 0.01)
(0.013 0 0.01)
(0.014 0 0.01)
(0.015 0 0.01)
(0.016 0 0.01)
(0.017 0 0.01)
(0.018 0 0.01)
(0.019 0 0.01)
(0.02 0 0.01)
(0.021 0 0.01)
(0.022 0 0.01)
(0.023 0 0.01)
(0.024 0 0.01)
(0.025 0 0.01)
(0.026 0 0.01)
(0.027 0 0.01)
(0.028 0 0.01)
(0.029 0 0.01)
(0.03 0 0.01)
(0.031 0 0.01)
(0.032 0 0.01)
(0.033 0 0.01)
(0.034 0 0.01)
(0.035 0 0.01)
(0.036 0 0.01)
(0.037 0 0.01)
(0.038 0 0.01)
(0.039 0 0.01)
(0.04 0 0.01)
(0.041 0 0.01)
(0.042 0 0.01)
(0.043 0 0.01)
(0.044 0 0.01)
(0.045 0 0.01)
(0.046 0 0.01)
(0.047 0 0.01)
(0.048 0 0.01)
(0.049 0 0.01)
(0.05 0 0.01)
(0.051 0 0.01)
(0.052 0 0.01)
(0.053 0 0.01)
(0.054 0 0.01)
(0.055 0 0.01)
(0.056 0 0.01)
(0.057 0 0.01)
(0.058 0 0.01)
(0.059 0 0.01)
(0.06 0 0.01)
(0.061 0 0.01)
(0.062 0 0.01)
(0.063 0 0.01)
(0.064 0 0.01)
(0.065 0 0.01)
(0.066 0 0.01)
(0.067 0 0.01)
(0.068 0 0.01)
(0.069 0 0.01)
(0.07 0 0.01)
(0.071 0 0.01)
(0.072 0 0.01)
(0.073 0 0.01)
(0.074 0 0.01)
(0.075 0 0.01)
(0.076 0 0.01)
(0.077 0 0.01)
(0.078 0 0.01)
(0.079 0 0.01)
(0.08 0 0.01)
(0.081 0 0.01)
(0.082 0 0.01)
(0.083 0 0.01)
(0.084 0 0.01)
(0.085 0 0.01)
(0.086 0 0.01)
(0.087 0 0.01)
(0.088 0 0.01)
(0.089 0 0.01)
(0.09 0 0.01)
(0.091 0 0.01)
(0.092 0 0.01)
(0.093 0 0.01)
(0.094 0 0.01)
(0.095 0 0.01)
(0.096 0 0.01)
(0.097 0 0.01)
(0.098 0 0.01)
(0.099 0 0.01)
(0.1 0 0.01)
(0.101 0 0.01)
(0.102 0 0.01)
(0.103 0 0.01)
(0.104 0 0.01)
(0.105 0 0.01)
(0.106 0 0.01)
(0.107 0 0.01)
(0.108 0 0.01)
(0.109 0 0.01)
(0.11 0 0.01)
(0.111 0 0.01)
(0.112 0 0.01)
(0.113 0 0.01)
(0.114 0 0.01)
(0.115 0 0.01)
(0.116 0 0.01)
(0.117 0 0.01)
(0.118 0 0.01)
(0.119 0 0.01)
(0.12 0 0.01)
(0.121 0 0.01)
(0.122 0 0.01)
(0.123 0 0.01)
(0.124 0 0.01)
(0.125 0 0.01)
(0.126 0 0.01)
(0.127 0 0.01)
(0.128 0 0.01)
(0.129 0 0.01)
(0.13 0 0.01)
(0.131 0 0.01)
(0.132 0 0.01)
(0.133 0 0.01)
(0.134 0 0.01)
(0.135 0 0.01)
(0.136 0 0.01)
(0.137 0 0.01)
(0.138 0 0.01)
(0.139 0 0.01)
(0.14 0 0.01)
(0.141 0 0.01)
(0.142 0 0.01)
(0.143 0 0.01)
(0.144 0 0.01)
(0.145 0 0.01)
(0.146 0 0.01)
(0.147 0 0.01)
(0.148 0 0.01)
(0.149 0 0.01)
(0.15 0 0.01)
(0.151 0 0.01)
(0.152 0 0.01)
(0.153 0 0.01)
(0.154 0 0.01)
(0.155 0 0.01)
(0.156 0 0.01)
(0.157 0 0.01)
(0.158 0 0.01)
(0.159 0 0.01)
(0.16 0 0.01)
(0.161 0 0.01)
(0.162 0 0.01)
(0.163 0 0.01)
(0.164 0 0.01)
(0.165 0 0.01)
(0.166 0 0.01)
(0.167 0 0.01)
(0.168 0 0.01)
(0.169 0 0.01)
(0.17 0 0.01)
(0.171 0 0.01)
(0.172 0 0.01)
(0.173 0 0.01)
(0.174 0 0.01)
(0.175 0 0.01)
(0.176 0 0.01)
(0.177 0 0.01)
(0.178 0 0.01)
(0.179 0 0.01)
(0.18 0 0.01)
(0.181 0 0.01)
(0.182 0 0.01)
(0.183 0 0.01)
(0.184 0 0.01)
(0.185 0 0.01)
(0.186 0 0.01)
(0.187 0 0.01)
(0.188 0 0.01)
(0.189 0 0.01)
(0.19 0 0.01)
(0.191 0 0.01)
(0.192 0 0.01)
(0.193 0 0.01)
(0.194 0 0.01)
(0.195 0 0.01)
(0.196 0 0.01)
(0.197 0 0.01)
(0.198 0 0.01)
(0.199 0 0.01)
(0.2 0 0.01)
(0 0.001 0.01)
(0.001 0.001 0.01)
(0.002 0.001 0.01)
(0.003 0.001 0.01)
(0.004 0.001 0.01)
(0.005 0.001 0.01)
(0.006 0.001 0.01)
(0.007 0.001 0.01)
(0.008 0.001 0.01)
(0.009 0.001 0.01)
(0.01 0.001 0.01)
(0.011 0.001 0.01)
(0.012 0.001 0.01)
(0.013 0.001 0.01)
(0.014 0.001 0.01)
(0.015 0.001 0.01)
(0.016 0.001 0.01)
(0.017 0.001 0.01)
(0.018 0.001 0.01)
(0.019 0.001 0.01)
(0.02 0.001 0.01)
(0.021 0.001 0.01)
(0.022 0.001 0.01)
(0.023 0.001 0.01)
(0.024 0.001 0.01)
(0.025 0.001 0.01)
(0.026 0.001 0.01)
(0.027 0.001 0.01)
(0.028 0.001 0.01)
(0.029 0.001 0.01)
(0.03 0.001 0.01)
(0.031 0.001 0.01)
(0.032 0.001 0.01)
(0.033 0.001 0.01)
(0.034 0.001 0.01)
(0.035 0.001 0.01)
(0.036 0.001 0.01)
(0.037 0.001 0.01)
(0.038 0.001 0.01)
(0.039 0.001 0.01)
(0.04 0.001 0.01)
(0.041 0.001 0.01)
(0.042 0.001 0.01)
(0.043 0.001 0.01)
(0.044 0.001 0.01)
(0.045 0.001 0.01)
(0.046 0.001 0.01)
(0.047 0.001 0.01)
(0.048 0.001 0.01)
(0.049 0.001 0.01)
(0.05 0.001 0.01)
(0.051 0.001 0.01)
(0.052 0.001 0.01)
(0.053 0.001 0.01)
(0.054 0.001 0.01)
(0.055 0.001 0.01)
(0.056 0.001 0.01)
(0.057 0.001 0.01)
(0.058 0.001 0.01)
(0.059 0.001 0.01)
(0.06 0.001 0.01)
(0.061 0.001 0.01)
(0.062 0.001 0.01)
(0.063 0.001 0.01)
(0.064 0.001 0.01)
(0.065 0.001 0.01)
(0.066 0.001 0.01)
(0.067 0.001 0.01)
(0.068 0.001 0.01)
(0.069 0.001 0.01)
(0.07 0.001 0.01)
(0.071 0.001 0.01)
(0.072 0.001 0.01)
(0.073 0.001 0.01)
(0.074 0.001 0.01)
(0.075 0.001 0.01)
(0.076 0.001 0.01)
(0.077 0.001 0.01)
(0.078 0.001 0.01)
(0.079 0.001 0.01)
(0.08 0.001 0.01)
(0.081 0.001 0.01)
(0.082 0.001 0.01)
(0.083 0.001 0.01)
(0.084 0.001 0.01)
(0.085 0.001 0.01)
(0.086 0.001 0.01)
(0.087 0.001 0.01)
(0.088 0.001 0.01)
(0.089 0.001 0.01)
(0.09 0.001 0.01)
(0.091 0.001 0.01)
(0.092 0.001 0.01)
(0.093 0.001 0.01)
(0.094 0.001 0.01)
(0.095 0.001 0.01)
(0.096 0.001 0.01)
(0.097 0.001 0.01)
(0.098 0.001 0.01)
(0.099 0.001 0.01)
(0.1 0.001 0.01)
(0.101 0.001 0.01)
(0.102 0.001 0.01)
(0.103 0.001 0.01)
(0.104 0.001 0.01)
(0.105 0.001 0.01)
(0.106 0.001 0.01)
(0.107 0.001 0.01)
(0.108 0.001 0.01)
(0.109 0.001 0.01)
(0.11 0.001 0.01)
(0.111 0.001 0.01)
(0.112 0.001 0.01)
(0.113 0.001 0.01)
(0.114 0.001 0.01)
(0.115 0.001 0.01)
(0.116 0.001 0.01)
(0.117 0.001 0.01)
(0.118 0.001 0.01)
(0.119 0.001 0.01)
(0.12 0.001 0.01)
(0.121 0.001 0.01)
(0.122 0.001 0.01)
(0.123 0.001 0.01)
(0.124 0.001 0.01)
(0.125 0.001 0.01)
(0.126 0.001 0.01)
(0.127 0.001 0.01)
(0.128 0.001 0.01)
(0.129 0.001 0.01)
(0.13 0.001 0.01)
(0.131 0.001 0.01)
(0.132 0.001 0.01)
(0.133 0.001 0.01)
(0.134 0.001 0.01)
(0.135 0.001 0.01)
(0.136 0.001 0.01)
(0.137 0.001 0.01)
(0.138 0.001 0.01)
(0.139 0.001 0.01)
(0.14 0.001 0.01)
(0.141 0.001 0.01)
(0.142 0.001 0.01)
(0.143 0.001 0.01)
(0.144 0.001 0.01)
(0.145 0.001 0.01)
(0.146 0.001 0.01)
(0.147 0.001 0.01)
(0.148 0.001 0.01)
(0.149 0.001 0.01)
(0.15 0.001 0.01)
(0.151 0.001 0.01)
(0.152 0.001 0.01)
(0.153 0.001 0.01)
(0.154 0.001 0.01)
(0.155 0.001 0.01)
(0.156 0.001 0.01)
(0.157 0.001 0.01)
(0.158 0.001 0.01)
(0.159 0.001 0.01)
(0.16 0.001 0.01)
(0.161 0.001 0.01)
(0.162 0.001 0.01)
(0.163 0.001 0.01)
(0.164 0.001 0.01)
(0.165 0.001 0.01)
(0.166 0.001 0.01)
(0.167 0.001 0.01)
(0.168 0.001 0.01)
(0.169 0.001 0.01)
(0.17 0.001 0.01)
(0.171 0.001 0.01)
(0.172 0.001 0.01)
(0.173 0.001 0.01)
(0.174 0.001 0.01)
(0.175 0.001 0.01)
(0.176 0.001 0.01)
(0.177 0.001 0.01)
(0.178 0.001 0.01)
(0.179 0.001 0.01)
(0.18 0.001 0.01)
(0.181 0.001 0.01)
(0.182 0.001 0.01)
(0.183 0.001 0.01)
(0.184 0.001 0.01)
(0.185 0.001 0.01)
(0.186 0.001 0.01)
(0.187 0.001 0.01)
(0.188 0.001 0.01)
(0.189 0.001 0.01)
(0.19 0.001 0.01)
(0.191 0.001 0.01)
(0.192 0.001 0.01)
(0.193 0.001 0.01)
(0.194 0.001 0.01)
(0.195 0.001 0.01)
(0.196 0.001 0.01)
(0.197 0.001 0.01)
(0.198 0.001 0.01)
(0.199 0.001 0.01)
(0.2 0.001 0.01)
(0 0.002 0.01)
(0.001 0.002 0.01)
(0.002 0.002 0.01)
(0.003 0.002 0.01)
(0.004 0.002 0.01)
(0.005 0.002 0.01)
(0.006 0.002 0.01)
(0.007 0.002 0.01)
(0.008 0.002 0.01)
(0.009 0.002 0.01)
(0.01 0.002 0.01)
(0.011 0.002 0.01)
(0.012 0.002 0.01)
(0.013 0.002 0.01)
(0.014 0.002 0.01)
(0.015 0.002 0.01)
(0.016 0.002 0.01)
(0.017 0.002 0.01)
(0.018 0.002 0.01)
(0.019 0.002 0.01)
(0.02 0.002 0.01)
(0.021 0.002 0.01)
(0.022 0.002 0.01)
(0.023 0.002 0.01)
(0.024 0.002 0.01)
(0.025 0.002 0.01)
(0.026 0.002 0.01)
(0.027 0.002 0.01)
(0.028 0.002 0.01)
(0.029 0.002 0.01)
(0.03 0.002 0.01)
(0.031 0.002 0.01)
(0.032 0.002 0.01)
(0.033 0.002 0.01)
(0.034 0.002 0.01)
(0.035 0.002 0.01)
(0.036 0.002 0.01)
(0.037 0.002 0.01)
(0.038 0.002 0.01)
(0.039 0.002 0.01)
(0.04 0.002 0.01)
(0.041 0.002 0.01)
(0.042 0.002 0.01)
(0.043 0.002 0.01)
(0.044 0.002 0.01)
(0.045 0.002 0.01)
(0.046 0.002 0.01)
(0.047 0.002 0.01)
(0.048 0.002 0.01)
(0.049 0.002 0.01)
(0.05 0.002 0.01)
(0.051 0.002 0.01)
(0.052 0.002 0.01)
(0.053 0.002 0.01)
(0.054 0.002 0.01)
(0.055 0.002 0.01)
(0.056 0.002 0.01)
(0.057 0.002 0.01)
(0.058 0.002 0.01)
(0.059 0.002 0.01)
(0.06 0.002 0.01)
(0.061 0.002 0.01)
(0.062 0.002 0.01)
(0.063 0.002 0.01)
(0.064 0.002 0.01)
(0.065 0.002 0.01)
(0.066 0.002 0.01)
(0.067 0.002 0.01)
(0.068 0.002 0.01)
(0.069 0.002 0.01)
(0.07 0.002 0.01)
(0.071 0.002 0.01)
(0.072 0.002 0.01)
(0.073 0.002 0.01)
(0.074 0.002 0.01)
(0.075 0.002 0.01)
(0.076 0.002 0.01)
(0.077 0.002 0.01)
(0.078 0.002 0.01)
(0.079 0.002 0.01)
(0.08 0.002 0.01)
(0.081 0.002 0.01)
(0.082 0.002 0.01)
(0.083 0.002 0.01)
(0.084 0.002 0.01)
(0.085 0.002 0.01)
(0.086 0.002 0.01)
(0.087 0.002 0.01)
(0.088 0.002 0.01)
(0.089 0.002 0.01)
(0.09 0.002 0.01)
(0.091 0.002 0.01)
(0.092 0.002 0.01)
(0.093 0.002 0.01)
(0.094 0.002 0.01)
(0.095 0.002 0.01)
(0.096 0.002 0.01)
(0.097 0.002 0.01)
(0.098 0.002 0.01)
(0.099 0.002 0.01)
(0.1 0.002 0.01)
(0.101 0.002 0.01)
(0.102 0.002 0.01)
(0.103 0.002 0.01)
(0.104 0.002 0.01)
(0.105 0.002 0.01)
(0.106 0.002 0.01)
(0.107 0.002 0.01)
(0.108 0.002 0.01)
(0.109 0.002 0.01)
(0.11 0.002 0.01)
(0.111 0.002 0.01)
(0.112 0.002 0.01)
(0.113 0.002 0.01)
(0.114 0.002 0.01)
(0.115 0.002 0.01)
(0.116 0.002 0.01)
(0.117 0.002 0.01)
(0.118 0.002 0.01)
(0.119 0.002 0.01)
(0.12 0.002 0.01)
(0.121 0.002 0.01)
(0.122 0.002 0.01)
(0.123 0.002 0.01)
(0.124 0.002 0.01)
(0.125 0.002 0.01)
(0.126 0.002 0.01)
(0.127 0.002 0.01)
(0.128 0.002 0.01)
(0.129 0.002 0.01)
(0.13 0.002 0.01)
(0.131 0.002 0.01)
(0.132 0.002 0.01)
(0.133 0.002 0.01)
(0.134 0.002 0.01)
(0.135 0.002 0.01)
(0.136 0.002 0.01)
(0.137 0.002 0.01)
(0.138 0.002 0.01)
(0.139 0.002 0.01)
(0.14 0.002 0.01)
(0.141 0.002 0.01)
(0.142 0.002 0.01)
(0.143 0.002 0.01)
(0.144 0.002 0.01)
(0.145 0.002 0.01)
(0.146 0.002 0.01)
(0.147 0.002 0.01)
(0.148 0.002 0.01)
(0.149 0.002 0.01)
(0.15 0.002 0.01)
(0.151 0.002 0.01)
(0.152 0.002 0.01)
(0.153 0.002 0.01)
(0.154 0.002 0.01)
(0.155 0.002 0.01)
(0.156 0.002 0.01)
(0.157 0.002 0.01)
(0.158 0.002 0.01)
(0.159 0.002 0.01)
(0.16 0.002 0.01)
(0.161 0.002 0.01)
(0.162 0.002 0.01)
(0.163 0.002 0.01)
(0.164 0.002 0.01)
(0.165 0.002 0.01)
(0.166 0.002 0.01)
(0.167 0.002 0.01)
(0.168 0.002 0.01)
(0.169 0.002 0.01)
(0.17 0.002 0.01)
(0.171 0.002 0.01)
(0.172 0.002 0.01)
(0.173 0.002 0.01)
(0.174 0.002 0.01)
(0.175 0.002 0.01)
(0.176 0.002 0.01)
(0.177 0.002 0.01)
(0.178 0.002 0.01)
(0.179 0.002 0.01)
(0.18 0.002 0.01)
(0.181 0.002 0.01)
(0.182 0.002 0.01)
(0.183 0.002 0.01)
(0.184 0.002 0.01)
(0.185 0.002 0.01)
(0.186 0.002 0.01)
(0.187 0.002 0.01)
(0.188 0.002 0.01)
(0.189 0.002 0.01)
(0.19 0.002 0.01)
(0.191 0.002 0.01)
(0.192 0.002 0.01)
(0.193 0.002 0.01)
(0.194 0.002 0.01)
(0.195 0.002 0.01)
(0.196 0.002 0.01)
(0.197 0.002 0.01)
(0.198 0.002 0.01)
(0.199 0.002 0.01)
(0.2 0.002 0.01)
(0 0.003 0.01)
(0.001 0.003 0.01)
(0.002 0.003 0.01)
(0.003 0.003 0.01)
(0.004 0.003 0.01)
(0.005 0.003 0.01)
(0.006 0.003 0.01)
(0.007 0.003 0.01)
(0.008 0.003 0.01)
(0.009 0.003 0.01)
(0.01 0.003 0.01)
(0.011 0.003 0.01)
(0.012 0.003 0.01)
(0.013 0.003 0.01)
(0.014 0.003 0.01)
(0.015 0.003 0.01)
(0.016 0.003 0.01)
(0.017 0.003 0.01)
(0.018 0.003 0.01)
(0.019 0.003 0.01)
(0.02 0.003 0.01)
(0.021 0.003 0.01)
(0.022 0.003 0.01)
(0.023 0.003 0.01)
(0.024 0.003 0.01)
(0.025 0.003 0.01)
(0.026 0.003 0.01)
(0.027 0.003 0.01)
(0.028 0.003 0.01)
(0.029 0.003 0.01)
(0.03 0.003 0.01)
(0.031 0.003 0.01)
(0.032 0.003 0.01)
(0.033 0.003 0.01)
(0.034 0.003 0.01)
(0.035 0.003 0.01)
(0.036 0.003 0.01)
(0.037 0.003 0.01)
(0.038 0.003 0.01)
(0.039 0.003 0.01)
(0.04 0.003 0.01)
(0.041 0.003 0.01)
(0.042 0.003 0.01)
(0.043 0.003 0.01)
(0.044 0.003 0.01)
(0.045 0.003 0.01)
(0.046 0.003 0.01)
(0.047 0.003 0.01)
(0.048 0.003 0.01)
(0.049 0.003 0.01)
(0.05 0.003 0.01)
(0.051 0.003 0.01)
(0.052 0.003 0.01)
(0.053 0.003 0.01)
(0.054 0.003 0.01)
(0.055 0.003 0.01)
(0.056 0.003 0.01)
(0.057 0.003 0.01)
(0.058 0.003 0.01)
(0.059 0.003 0.01)
(0.06 0.003 0.01)
(0.061 0.003 0.01)
(0.062 0.003 0.01)
(0.063 0.003 0.01)
(0.064 0.003 0.01)
(0.065 0.003 0.01)
(0.066 0.003 0.01)
(0.067 0.003 0.01)
(0.068 0.003 0.01)
(0.069 0.003 0.01)
(0.07 0.003 0.01)
(0.071 0.003 0.01)
(0.072 0.003 0.01)
(0.073 0.003 0.01)
(0.074 0.003 0.01)
(0.075 0.003 0.01)
(0.076 0.003 0.01)
(0.077 0.003 0.01)
(0.078 0.003 0.01)
(0.079 0.003 0.01)
(0.08 0.003 0.01)
(0.081 0.003 0.01)
(0.082 0.003 0.01)
(0.083 0.003 0.01)
(0.084 0.003 0.01)
(0.085 0.003 0.01)
(0.086 0.003 0.01)
(0.087 0.003 0.01)
(0.088 0.003 0.01)
(0.089 0.003 0.01)
(0.09 0.003 0.01)
(0.091 0.003 0.01)
(0.092 0.003 0.01)
(0.093 0.003 0.01)
(0.094 0.003 0.01)
(0.095 0.003 0.01)
(0.096 0.003 0.01)
(0.097 0.003 0.01)
(0.098 0.003 0.01)
(0.099 0.003 0.01)
(0.1 0.003 0.01)
(0.101 0.003 0.01)
(0.102 0.003 0.01)
(0.103 0.003 0.01)
(0.104 0.003 0.01)
(0.105 0.003 0.01)
(0.106 0.003 0.01)
(0.107 0.003 0.01)
(0.108 0.003 0.01)
(0.109 0.003 0.01)
(0.11 0.003 0.01)
(0.111 0.003 0.01)
(0.112 0.003 0.01)
(0.113 0.003 0.01)
(0.114 0.003 0.01)
(0.115 0.003 0.01)
(0.116 0.003 0.01)
(0.117 0.003 0.01)
(0.118 0.003 0.01)
(0.119 0.003 0.01)
(0.12 0.003 0.01)
(0.121 0.003 0.01)
(0.122 0.003 0.01)
(0.123 0.003 0.01)
(0.124 0.003 0.01)
(0.125 0.003 0.01)
(0.126 0.003 0.01)
(0.127 0.003 0.01)
(0.128 0.003 0.01)
(0.129 0.003 0.01)
(0.13 0.003 0.01)
(0.131 0.003 0.01)
(0.132 0.003 0.01)
(0.133 0.003 0.01)
(0.134 0.003 0.01)
(0.135 0.003 0.01)
(0.136 0.003 0.01)
(0.137 0.003 0.01)
(0.138 0.003 0.01)
(0.139 0.003 0.01)
(0.14 0.003 0.01)
(0.141 0.003 0.01)
(0.142 0.003 0.01)
(0.143 0.003 0.01)
(0.144 0.003 0.01)
(0.145 0.003 0.01)
(0.146 0.003 0.01)
(0.147 0.003 0.01)
(0.148 0.003 0.01)
(0.149 0.003 0.01)
(0.15 0.003 0.01)
(0.151 0.003 0.01)
(0.152 0.003 0.01)
(0.153 0.003 0.01)
(0.154 0.003 0.01)
(0.155 0.003 0.01)
(0.156 0.003 0.01)
(0.157 0.003 0.01)
(0.158 0.003 0.01)
(0.159 0.003 0.01)
(0.16 0.003 0.01)
(0.161 0.003 0.01)
(0.162 0.003 0.01)
(0.163 0.003 0.01)
(0.164 0.003 0.01)
(0.165 0.003 0.01)
(0.166 0.003 0.01)
(0.167 0.003 0.01)
(0.168 0.003 0.01)
(0.169 0.003 0.01)
(0.17 0.003 0.01)
(0.171 0.003 0.01)
(0.172 0.003 0.01)
(0.173 0.003 0.01)
(0.174 0.003 0.01)
(0.175 0.003 0.01)
(0.176 0.003 0.01)
(0.177 0.003 0.01)
(0.178 0.003 0.01)
(0.179 0.003 0.01)
(0.18 0.003 0.01)
(0.181 0.003 0.01)
(0.182 0.003 0.01)
(0.183 0.003 0.01)
(0.184 0.003 0.01)
(0.185 0.003 0.01)
(0.186 0.003 0.01)
(0.187 0.003 0.01)
(0.188 0.003 0.01)
(0.189 0.003 0.01)
(0.19 0.003 0.01)
(0.191 0.003 0.01)
(0.192 0.003 0.01)
(0.193 0.003 0.01)
(0.194 0.003 0.01)
(0.195 0.003 0.01)
(0.196 0.003 0.01)
(0.197 0.003 0.01)
(0.198 0.003 0.01)
(0.199 0.003 0.01)
(0.2 0.003 0.01)
(0 0.004 0.01)
(0.001 0.004 0.01)
(0.002 0.004 0.01)
(0.003 0.004 0.01)
(0.004 0.004 0.01)
(0.005 0.004 0.01)
(0.006 0.004 0.01)
(0.007 0.004 0.01)
(0.008 0.004 0.01)
(0.009 0.004 0.01)
(0.01 0.004 0.01)
(0.011 0.004 0.01)
(0.012 0.004 0.01)
(0.013 0.004 0.01)
(0.014 0.004 0.01)
(0.015 0.004 0.01)
(0.016 0.004 0.01)
(0.017 0.004 0.01)
(0.018 0.004 0.01)
(0.019 0.004 0.01)
(0.02 0.004 0.01)
(0.021 0.004 0.01)
(0.022 0.004 0.01)
(0.023 0.004 0.01)
(0.024 0.004 0.01)
(0.025 0.004 0.01)
(0.026 0.004 0.01)
(0.027 0.004 0.01)
(0.028 0.004 0.01)
(0.029 0.004 0.01)
(0.03 0.004 0.01)
(0.031 0.004 0.01)
(0.032 0.004 0.01)
(0.033 0.004 0.01)
(0.034 0.004 0.01)
(0.035 0.004 0.01)
(0.036 0.004 0.01)
(0.037 0.004 0.01)
(0.038 0.004 0.01)
(0.039 0.004 0.01)
(0.04 0.004 0.01)
(0.041 0.004 0.01)
(0.042 0.004 0.01)
(0.043 0.004 0.01)
(0.044 0.004 0.01)
(0.045 0.004 0.01)
(0.046 0.004 0.01)
(0.047 0.004 0.01)
(0.048 0.004 0.01)
(0.049 0.004 0.01)
(0.05 0.004 0.01)
(0.051 0.004 0.01)
(0.052 0.004 0.01)
(0.053 0.004 0.01)
(0.054 0.004 0.01)
(0.055 0.004 0.01)
(0.056 0.004 0.01)
(0.057 0.004 0.01)
(0.058 0.004 0.01)
(0.059 0.004 0.01)
(0.06 0.004 0.01)
(0.061 0.004 0.01)
(0.062 0.004 0.01)
(0.063 0.004 0.01)
(0.064 0.004 0.01)
(0.065 0.004 0.01)
(0.066 0.004 0.01)
(0.067 0.004 0.01)
(0.068 0.004 0.01)
(0.069 0.004 0.01)
(0.07 0.004 0.01)
(0.071 0.004 0.01)
(0.072 0.004 0.01)
(0.073 0.004 0.01)
(0.074 0.004 0.01)
(0.075 0.004 0.01)
(0.076 0.004 0.01)
(0.077 0.004 0.01)
(0.078 0.004 0.01)
(0.079 0.004 0.01)
(0.08 0.004 0.01)
(0.081 0.004 0.01)
(0.082 0.004 0.01)
(0.083 0.004 0.01)
(0.084 0.004 0.01)
(0.085 0.004 0.01)
(0.086 0.004 0.01)
(0.087 0.004 0.01)
(0.088 0.004 0.01)
(0.089 0.004 0.01)
(0.09 0.004 0.01)
(0.091 0.004 0.01)
(0.092 0.004 0.01)
(0.093 0.004 0.01)
(0.094 0.004 0.01)
(0.095 0.004 0.01)
(0.096 0.004 0.01)
(0.097 0.004 0.01)
(0.098 0.004 0.01)
(0.099 0.004 0.01)
(0.1 0.004 0.01)
(0.101 0.004 0.01)
(0.102 0.004 0.01)
(0.103 0.004 0.01)
(0.104 0.004 0.01)
(0.105 0.004 0.01)
(0.106 0.004 0.01)
(0.107 0.004 0.01)
(0.108 0.004 0.01)
(0.109 0.004 0.01)
(0.11 0.004 0.01)
(0.111 0.004 0.01)
(0.112 0.004 0.01)
(0.113 0.004 0.01)
(0.114 0.004 0.01)
(0.115 0.004 0.01)
(0.116 0.004 0.01)
(0.117 0.004 0.01)
(0.118 0.004 0.01)
(0.119 0.004 0.01)
(0.12 0.004 0.01)
(0.121 0.004 0.01)
(0.122 0.004 0.01)
(0.123 0.004 0.01)
(0.124 0.004 0.01)
(0.125 0.004 0.01)
(0.126 0.004 0.01)
(0.127 0.004 0.01)
(0.128 0.004 0.01)
(0.129 0.004 0.01)
(0.13 0.004 0.01)
(0.131 0.004 0.01)
(0.132 0.004 0.01)
(0.133 0.004 0.01)
(0.134 0.004 0.01)
(0.135 0.004 0.01)
(0.136 0.004 0.01)
(0.137 0.004 0.01)
(0.138 0.004 0.01)
(0.139 0.004 0.01)
(0.14 0.004 0.01)
(0.141 0.004 0.01)
(0.142 0.004 0.01)
(0.143 0.004 0.01)
(0.144 0.004 0.01)
(0.145 0.004 0.01)
(0.146 0.004 0.01)
(0.147 0.004 0.01)
(0.148 0.004 0.01)
(0.149 0.004 0.01)
(0.15 0.004 0.01)
(0.151 0.004 0.01)
(0.152 0.004 0.01)
(0.153 0.004 0.01)
(0.154 0.004 0.01)
(0.155 0.004 0.01)
(0.156 0.004 0.01)
(0.157 0.004 0.01)
(0.158 0.004 0.01)
(0.159 0.004 0.01)
(0.16 0.004 0.01)
(0.161 0.004 0.01)
(0.162 0.004 0.01)
(0.163 0.004 0.01)
(0.164 0.004 0.01)
(0.165 0.004 0.01)
(0.166 0.004 0.01)
(0.167 0.004 0.01)
(0.168 0.004 0.01)
(0.169 0.004 0.01)
(0.17 0.004 0.01)
(0.171 0.004 0.01)
(0.172 0.004 0.01)
(0.173 0.004 0.01)
(0.174 0.004 0.01)
(0.175 0.004 0.01)
(0.176 0.004 0.01)
(0.177 0.004 0.01)
(0.178 0.004 0.01)
(0.179 0.004 0.01)
(0.18 0.004 0.01)
(0.181 0.004 0.01)
(0.182 0.004 0.01)
(0.183 0.004 0.01)
(0.184 0.004 0.01)
(0.185 0.004 0.01)
(0.186 0.004 0.01)
(0.187 0.004 0.01)
(0.188 0.004 0.01)
(0.189 0.004 0.01)
(0.19 0.004 0.01)
(0.191 0.004 0.01)
(0.192 0.004 0.01)
(0.193 0.004 0.01)
(0.194 0.004 0.01)
(0.195 0.004 0.01)
(0.196 0.004 0.01)
(0.197 0.004 0.01)
(0.198 0.004 0.01)
(0.199 0.004 0.01)
(0.2 0.004 0.01)
(0 0.005 0.01)
(0.001 0.005 0.01)
(0.002 0.005 0.01)
(0.003 0.005 0.01)
(0.004 0.005 0.01)
(0.005 0.005 0.01)
(0.006 0.005 0.01)
(0.007 0.005 0.01)
(0.008 0.005 0.01)
(0.009 0.005 0.01)
(0.01 0.005 0.01)
(0.011 0.005 0.01)
(0.012 0.005 0.01)
(0.013 0.005 0.01)
(0.014 0.005 0.01)
(0.015 0.005 0.01)
(0.016 0.005 0.01)
(0.017 0.005 0.01)
(0.018 0.005 0.01)
(0.019 0.005 0.01)
(0.02 0.005 0.01)
(0.021 0.005 0.01)
(0.022 0.005 0.01)
(0.023 0.005 0.01)
(0.024 0.005 0.01)
(0.025 0.005 0.01)
(0.026 0.005 0.01)
(0.027 0.005 0.01)
(0.028 0.005 0.01)
(0.029 0.005 0.01)
(0.03 0.005 0.01)
(0.031 0.005 0.01)
(0.032 0.005 0.01)
(0.033 0.005 0.01)
(0.034 0.005 0.01)
(0.035 0.005 0.01)
(0.036 0.005 0.01)
(0.037 0.005 0.01)
(0.038 0.005 0.01)
(0.039 0.005 0.01)
(0.04 0.005 0.01)
(0.041 0.005 0.01)
(0.042 0.005 0.01)
(0.043 0.005 0.01)
(0.044 0.005 0.01)
(0.045 0.005 0.01)
(0.046 0.005 0.01)
(0.047 0.005 0.01)
(0.048 0.005 0.01)
(0.049 0.005 0.01)
(0.05 0.005 0.01)
(0.051 0.005 0.01)
(0.052 0.005 0.01)
(0.053 0.005 0.01)
(0.054 0.005 0.01)
(0.055 0.005 0.01)
(0.056 0.005 0.01)
(0.057 0.005 0.01)
(0.058 0.005 0.01)
(0.059 0.005 0.01)
(0.06 0.005 0.01)
(0.061 0.005 0.01)
(0.062 0.005 0.01)
(0.063 0.005 0.01)
(0.064 0.005 0.01)
(0.065 0.005 0.01)
(0.066 0.005 0.01)
(0.067 0.005 0.01)
(0.068 0.005 0.01)
(0.069 0.005 0.01)
(0.07 0.005 0.01)
(0.071 0.005 0.01)
(0.072 0.005 0.01)
(0.073 0.005 0.01)
(0.074 0.005 0.01)
(0.075 0.005 0.01)
(0.076 0.005 0.01)
(0.077 0.005 0.01)
(0.078 0.005 0.01)
(0.079 0.005 0.01)
(0.08 0.005 0.01)
(0.081 0.005 0.01)
(0.082 0.005 0.01)
(0.083 0.005 0.01)
(0.084 0.005 0.01)
(0.085 0.005 0.01)
(0.086 0.005 0.01)
(0.087 0.005 0.01)
(0.088 0.005 0.01)
(0.089 0.005 0.01)
(0.09 0.005 0.01)
(0.091 0.005 0.01)
(0.092 0.005 0.01)
(0.093 0.005 0.01)
(0.094 0.005 0.01)
(0.095 0.005 0.01)
(0.096 0.005 0.01)
(0.097 0.005 0.01)
(0.098 0.005 0.01)
(0.099 0.005 0.01)
(0.1 0.005 0.01)
(0.101 0.005 0.01)
(0.102 0.005 0.01)
(0.103 0.005 0.01)
(0.104 0.005 0.01)
(0.105 0.005 0.01)
(0.106 0.005 0.01)
(0.107 0.005 0.01)
(0.108 0.005 0.01)
(0.109 0.005 0.01)
(0.11 0.005 0.01)
(0.111 0.005 0.01)
(0.112 0.005 0.01)
(0.113 0.005 0.01)
(0.114 0.005 0.01)
(0.115 0.005 0.01)
(0.116 0.005 0.01)
(0.117 0.005 0.01)
(0.118 0.005 0.01)
(0.119 0.005 0.01)
(0.12 0.005 0.01)
(0.121 0.005 0.01)
(0.122 0.005 0.01)
(0.123 0.005 0.01)
(0.124 0.005 0.01)
(0.125 0.005 0.01)
(0.126 0.005 0.01)
(0.127 0.005 0.01)
(0.128 0.005 0.01)
(0.129 0.005 0.01)
(0.13 0.005 0.01)
(0.131 0.005 0.01)
(0.132 0.005 0.01)
(0.133 0.005 0.01)
(0.134 0.005 0.01)
(0.135 0.005 0.01)
(0.136 0.005 0.01)
(0.137 0.005 0.01)
(0.138 0.005 0.01)
(0.139 0.005 0.01)
(0.14 0.005 0.01)
(0.141 0.005 0.01)
(0.142 0.005 0.01)
(0.143 0.005 0.01)
(0.144 0.005 0.01)
(0.145 0.005 0.01)
(0.146 0.005 0.01)
(0.147 0.005 0.01)
(0.148 0.005 0.01)
(0.149 0.005 0.01)
(0.15 0.005 0.01)
(0.151 0.005 0.01)
(0.152 0.005 0.01)
(0.153 0.005 0.01)
(0.154 0.005 0.01)
(0.155 0.005 0.01)
(0.156 0.005 0.01)
(0.157 0.005 0.01)
(0.158 0.005 0.01)
(0.159 0.005 0.01)
(0.16 0.005 0.01)
(0.161 0.005 0.01)
(0.162 0.005 0.01)
(0.163 0.005 0.01)
(0.164 0.005 0.01)
(0.165 0.005 0.01)
(0.166 0.005 0.01)
(0.167 0.005 0.01)
(0.168 0.005 0.01)
(0.169 0.005 0.01)
(0.17 0.005 0.01)
(0.171 0.005 0.01)
(0.172 0.005 0.01)
(0.173 0.005 0.01)
(0.174 0.005 0.01)
(0.175 0.005 0.01)
(0.176 0.005 0.01)
(0.177 0.005 0.01)
(0.178 0.005 0.01)
(0.179 0.005 0.01)
(0.18 0.005 0.01)
(0.181 0.005 0.01)
(0.182 0.005 0.01)
(0.183 0.005 0.01)
(0.184 0.005 0.01)
(0.185 0.005 0.01)
(0.186 0.005 0.01)
(0.187 0.005 0.01)
(0.188 0.005 0.01)
(0.189 0.005 0.01)
(0.19 0.005 0.01)
(0.191 0.005 0.01)
(0.192 0.005 0.01)
(0.193 0.005 0.01)
(0.194 0.005 0.01)
(0.195 0.005 0.01)
(0.196 0.005 0.01)
(0.197 0.005 0.01)
(0.198 0.005 0.01)
(0.199 0.005 0.01)
(0.2 0.005 0.01)
(0 0.006 0.01)
(0.001 0.006 0.01)
(0.002 0.006 0.01)
(0.003 0.006 0.01)
(0.004 0.006 0.01)
(0.005 0.006 0.01)
(0.006 0.006 0.01)
(0.007 0.006 0.01)
(0.008 0.006 0.01)
(0.009 0.006 0.01)
(0.01 0.006 0.01)
(0.011 0.006 0.01)
(0.012 0.006 0.01)
(0.013 0.006 0.01)
(0.014 0.006 0.01)
(0.015 0.006 0.01)
(0.016 0.006 0.01)
(0.017 0.006 0.01)
(0.018 0.006 0.01)
(0.019 0.006 0.01)
(0.02 0.006 0.01)
(0.021 0.006 0.01)
(0.022 0.006 0.01)
(0.023 0.006 0.01)
(0.024 0.006 0.01)
(0.025 0.006 0.01)
(0.026 0.006 0.01)
(0.027 0.006 0.01)
(0.028 0.006 0.01)
(0.029 0.006 0.01)
(0.03 0.006 0.01)
(0.031 0.006 0.01)
(0.032 0.006 0.01)
(0.033 0.006 0.01)
(0.034 0.006 0.01)
(0.035 0.006 0.01)
(0.036 0.006 0.01)
(0.037 0.006 0.01)
(0.038 0.006 0.01)
(0.039 0.006 0.01)
(0.04 0.006 0.01)
(0.041 0.006 0.01)
(0.042 0.006 0.01)
(0.043 0.006 0.01)
(0.044 0.006 0.01)
(0.045 0.006 0.01)
(0.046 0.006 0.01)
(0.047 0.006 0.01)
(0.048 0.006 0.01)
(0.049 0.006 0.01)
(0.05 0.006 0.01)
(0.051 0.006 0.01)
(0.052 0.006 0.01)
(0.053 0.006 0.01)
(0.054 0.006 0.01)
(0.055 0.006 0.01)
(0.056 0.006 0.01)
(0.057 0.006 0.01)
(0.058 0.006 0.01)
(0.059 0.006 0.01)
(0.06 0.006 0.01)
(0.061 0.006 0.01)
(0.062 0.006 0.01)
(0.063 0.006 0.01)
(0.064 0.006 0.01)
(0.065 0.006 0.01)
(0.066 0.006 0.01)
(0.067 0.006 0.01)
(0.068 0.006 0.01)
(0.069 0.006 0.01)
(0.07 0.006 0.01)
(0.071 0.006 0.01)
(0.072 0.006 0.01)
(0.073 0.006 0.01)
(0.074 0.006 0.01)
(0.075 0.006 0.01)
(0.076 0.006 0.01)
(0.077 0.006 0.01)
(0.078 0.006 0.01)
(0.079 0.006 0.01)
(0.08 0.006 0.01)
(0.081 0.006 0.01)
(0.082 0.006 0.01)
(0.083 0.006 0.01)
(0.084 0.006 0.01)
(0.085 0.006 0.01)
(0.086 0.006 0.01)
(0.087 0.006 0.01)
(0.088 0.006 0.01)
(0.089 0.006 0.01)
(0.09 0.006 0.01)
(0.091 0.006 0.01)
(0.092 0.006 0.01)
(0.093 0.006 0.01)
(0.094 0.006 0.01)
(0.095 0.006 0.01)
(0.096 0.006 0.01)
(0.097 0.006 0.01)
(0.098 0.006 0.01)
(0.099 0.006 0.01)
(0.1 0.006 0.01)
(0.101 0.006 0.01)
(0.102 0.006 0.01)
(0.103 0.006 0.01)
(0.104 0.006 0.01)
(0.105 0.006 0.01)
(0.106 0.006 0.01)
(0.107 0.006 0.01)
(0.108 0.006 0.01)
(0.109 0.006 0.01)
(0.11 0.006 0.01)
(0.111 0.006 0.01)
(0.112 0.006 0.01)
(0.113 0.006 0.01)
(0.114 0.006 0.01)
(0.115 0.006 0.01)
(0.116 0.006 0.01)
(0.117 0.006 0.01)
(0.118 0.006 0.01)
(0.119 0.006 0.01)
(0.12 0.006 0.01)
(0.121 0.006 0.01)
(0.122 0.006 0.01)
(0.123 0.006 0.01)
(0.124 0.006 0.01)
(0.125 0.006 0.01)
(0.126 0.006 0.01)
(0.127 0.006 0.01)
(0.128 0.006 0.01)
(0.129 0.006 0.01)
(0.13 0.006 0.01)
(0.131 0.006 0.01)
(0.132 0.006 0.01)
(0.133 0.006 0.01)
(0.134 0.006 0.01)
(0.135 0.006 0.01)
(0.136 0.006 0.01)
(0.137 0.006 0.01)
(0.138 0.006 0.01)
(0.139 0.006 0.01)
(0.14 0.006 0.01)
(0.141 0.006 0.01)
(0.142 0.006 0.01)
(0.143 0.006 0.01)
(0.144 0.006 0.01)
(0.145 0.006 0.01)
(0.146 0.006 0.01)
(0.147 0.006 0.01)
(0.148 0.006 0.01)
(0.149 0.006 0.01)
(0.15 0.006 0.01)
(0.151 0.006 0.01)
(0.152 0.006 0.01)
(0.153 0.006 0.01)
(0.154 0.006 0.01)
(0.155 0.006 0.01)
(0.156 0.006 0.01)
(0.157 0.006 0.01)
(0.158 0.006 0.01)
(0.159 0.006 0.01)
(0.16 0.006 0.01)
(0.161 0.006 0.01)
(0.162 0.006 0.01)
(0.163 0.006 0.01)
(0.164 0.006 0.01)
(0.165 0.006 0.01)
(0.166 0.006 0.01)
(0.167 0.006 0.01)
(0.168 0.006 0.01)
(0.169 0.006 0.01)
(0.17 0.006 0.01)
(0.171 0.006 0.01)
(0.172 0.006 0.01)
(0.173 0.006 0.01)
(0.174 0.006 0.01)
(0.175 0.006 0.01)
(0.176 0.006 0.01)
(0.177 0.006 0.01)
(0.178 0.006 0.01)
(0.179 0.006 0.01)
(0.18 0.006 0.01)
(0.181 0.006 0.01)
(0.182 0.006 0.01)
(0.183 0.006 0.01)
(0.184 0.006 0.01)
(0.185 0.006 0.01)
(0.186 0.006 0.01)
(0.187 0.006 0.01)
(0.188 0.006 0.01)
(0.189 0.006 0.01)
(0.19 0.006 0.01)
(0.191 0.006 0.01)
(0.192 0.006 0.01)
(0.193 0.006 0.01)
(0.194 0.006 0.01)
(0.195 0.006 0.01)
(0.196 0.006 0.01)
(0.197 0.006 0.01)
(0.198 0.006 0.01)
(0.199 0.006 0.01)
(0.2 0.006 0.01)
(0 0.007 0.01)
(0.001 0.007 0.01)
(0.002 0.007 0.01)
(0.003 0.007 0.01)
(0.004 0.007 0.01)
(0.005 0.007 0.01)
(0.006 0.007 0.01)
(0.007 0.007 0.01)
(0.008 0.007 0.01)
(0.009 0.007 0.01)
(0.01 0.007 0.01)
(0.011 0.007 0.01)
(0.012 0.007 0.01)
(0.013 0.007 0.01)
(0.014 0.007 0.01)
(0.015 0.007 0.01)
(0.016 0.007 0.01)
(0.017 0.007 0.01)
(0.018 0.007 0.01)
(0.019 0.007 0.01)
(0.02 0.007 0.01)
(0.021 0.007 0.01)
(0.022 0.007 0.01)
(0.023 0.007 0.01)
(0.024 0.007 0.01)
(0.025 0.007 0.01)
(0.026 0.007 0.01)
(0.027 0.007 0.01)
(0.028 0.007 0.01)
(0.029 0.007 0.01)
(0.03 0.007 0.01)
(0.031 0.007 0.01)
(0.032 0.007 0.01)
(0.033 0.007 0.01)
(0.034 0.007 0.01)
(0.035 0.007 0.01)
(0.036 0.007 0.01)
(0.037 0.007 0.01)
(0.038 0.007 0.01)
(0.039 0.007 0.01)
(0.04 0.007 0.01)
(0.041 0.007 0.01)
(0.042 0.007 0.01)
(0.043 0.007 0.01)
(0.044 0.007 0.01)
(0.045 0.007 0.01)
(0.046 0.007 0.01)
(0.047 0.007 0.01)
(0.048 0.007 0.01)
(0.049 0.007 0.01)
(0.05 0.007 0.01)
(0.051 0.007 0.01)
(0.052 0.007 0.01)
(0.053 0.007 0.01)
(0.054 0.007 0.01)
(0.055 0.007 0.01)
(0.056 0.007 0.01)
(0.057 0.007 0.01)
(0.058 0.007 0.01)
(0.059 0.007 0.01)
(0.06 0.007 0.01)
(0.061 0.007 0.01)
(0.062 0.007 0.01)
(0.063 0.007 0.01)
(0.064 0.007 0.01)
(0.065 0.007 0.01)
(0.066 0.007 0.01)
(0.067 0.007 0.01)
(0.068 0.007 0.01)
(0.069 0.007 0.01)
(0.07 0.007 0.01)
(0.071 0.007 0.01)
(0.072 0.007 0.01)
(0.073 0.007 0.01)
(0.074 0.007 0.01)
(0.075 0.007 0.01)
(0.076 0.007 0.01)
(0.077 0.007 0.01)
(0.078 0.007 0.01)
(0.079 0.007 0.01)
(0.08 0.007 0.01)
(0.081 0.007 0.01)
(0.082 0.007 0.01)
(0.083 0.007 0.01)
(0.084 0.007 0.01)
(0.085 0.007 0.01)
(0.086 0.007 0.01)
(0.087 0.007 0.01)
(0.088 0.007 0.01)
(0.089 0.007 0.01)
(0.09 0.007 0.01)
(0.091 0.007 0.01)
(0.092 0.007 0.01)
(0.093 0.007 0.01)
(0.094 0.007 0.01)
(0.095 0.007 0.01)
(0.096 0.007 0.01)
(0.097 0.007 0.01)
(0.098 0.007 0.01)
(0.099 0.007 0.01)
(0.1 0.007 0.01)
(0.101 0.007 0.01)
(0.102 0.007 0.01)
(0.103 0.007 0.01)
(0.104 0.007 0.01)
(0.105 0.007 0.01)
(0.106 0.007 0.01)
(0.107 0.007 0.01)
(0.108 0.007 0.01)
(0.109 0.007 0.01)
(0.11 0.007 0.01)
(0.111 0.007 0.01)
(0.112 0.007 0.01)
(0.113 0.007 0.01)
(0.114 0.007 0.01)
(0.115 0.007 0.01)
(0.116 0.007 0.01)
(0.117 0.007 0.01)
(0.118 0.007 0.01)
(0.119 0.007 0.01)
(0.12 0.007 0.01)
(0.121 0.007 0.01)
(0.122 0.007 0.01)
(0.123 0.007 0.01)
(0.124 0.007 0.01)
(0.125 0.007 0.01)
(0.126 0.007 0.01)
(0.127 0.007 0.01)
(0.128 0.007 0.01)
(0.129 0.007 0.01)
(0.13 0.007 0.01)
(0.131 0.007 0.01)
(0.132 0.007 0.01)
(0.133 0.007 0.01)
(0.134 0.007 0.01)
(0.135 0.007 0.01)
(0.136 0.007 0.01)
(0.137 0.007 0.01)
(0.138 0.007 0.01)
(0.139 0.007 0.01)
(0.14 0.007 0.01)
(0.141 0.007 0.01)
(0.142 0.007 0.01)
(0.143 0.007 0.01)
(0.144 0.007 0.01)
(0.145 0.007 0.01)
(0.146 0.007 0.01)
(0.147 0.007 0.01)
(0.148 0.007 0.01)
(0.149 0.007 0.01)
(0.15 0.007 0.01)
(0.151 0.007 0.01)
(0.152 0.007 0.01)
(0.153 0.007 0.01)
(0.154 0.007 0.01)
(0.155 0.007 0.01)
(0.156 0.007 0.01)
(0.157 0.007 0.01)
(0.158 0.007 0.01)
(0.159 0.007 0.01)
(0.16 0.007 0.01)
(0.161 0.007 0.01)
(0.162 0.007 0.01)
(0.163 0.007 0.01)
(0.164 0.007 0.01)
(0.165 0.007 0.01)
(0.166 0.007 0.01)
(0.167 0.007 0.01)
(0.168 0.007 0.01)
(0.169 0.007 0.01)
(0.17 0.007 0.01)
(0.171 0.007 0.01)
(0.172 0.007 0.01)
(0.173 0.007 0.01)
(0.174 0.007 0.01)
(0.175 0.007 0.01)
(0.176 0.007 0.01)
(0.177 0.007 0.01)
(0.178 0.007 0.01)
(0.179 0.007 0.01)
(0.18 0.007 0.01)
(0.181 0.007 0.01)
(0.182 0.007 0.01)
(0.183 0.007 0.01)
(0.184 0.007 0.01)
(0.185 0.007 0.01)
(0.186 0.007 0.01)
(0.187 0.007 0.01)
(0.188 0.007 0.01)
(0.189 0.007 0.01)
(0.19 0.007 0.01)
(0.191 0.007 0.01)
(0.192 0.007 0.01)
(0.193 0.007 0.01)
(0.194 0.007 0.01)
(0.195 0.007 0.01)
(0.196 0.007 0.01)
(0.197 0.007 0.01)
(0.198 0.007 0.01)
(0.199 0.007 0.01)
(0.2 0.007 0.01)
(0 0.008 0.01)
(0.001 0.008 0.01)
(0.002 0.008 0.01)
(0.003 0.008 0.01)
(0.004 0.008 0.01)
(0.005 0.008 0.01)
(0.006 0.008 0.01)
(0.007 0.008 0.01)
(0.008 0.008 0.01)
(0.009 0.008 0.01)
(0.01 0.008 0.01)
(0.011 0.008 0.01)
(0.012 0.008 0.01)
(0.013 0.008 0.01)
(0.014 0.008 0.01)
(0.015 0.008 0.01)
(0.016 0.008 0.01)
(0.017 0.008 0.01)
(0.018 0.008 0.01)
(0.019 0.008 0.01)
(0.02 0.008 0.01)
(0.021 0.008 0.01)
(0.022 0.008 0.01)
(0.023 0.008 0.01)
(0.024 0.008 0.01)
(0.025 0.008 0.01)
(0.026 0.008 0.01)
(0.027 0.008 0.01)
(0.028 0.008 0.01)
(0.029 0.008 0.01)
(0.03 0.008 0.01)
(0.031 0.008 0.01)
(0.032 0.008 0.01)
(0.033 0.008 0.01)
(0.034 0.008 0.01)
(0.035 0.008 0.01)
(0.036 0.008 0.01)
(0.037 0.008 0.01)
(0.038 0.008 0.01)
(0.039 0.008 0.01)
(0.04 0.008 0.01)
(0.041 0.008 0.01)
(0.042 0.008 0.01)
(0.043 0.008 0.01)
(0.044 0.008 0.01)
(0.045 0.008 0.01)
(0.046 0.008 0.01)
(0.047 0.008 0.01)
(0.048 0.008 0.01)
(0.049 0.008 0.01)
(0.05 0.008 0.01)
(0.051 0.008 0.01)
(0.052 0.008 0.01)
(0.053 0.008 0.01)
(0.054 0.008 0.01)
(0.055 0.008 0.01)
(0.056 0.008 0.01)
(0.057 0.008 0.01)
(0.058 0.008 0.01)
(0.059 0.008 0.01)
(0.06 0.008 0.01)
(0.061 0.008 0.01)
(0.062 0.008 0.01)
(0.063 0.008 0.01)
(0.064 0.008 0.01)
(0.065 0.008 0.01)
(0.066 0.008 0.01)
(0.067 0.008 0.01)
(0.068 0.008 0.01)
(0.069 0.008 0.01)
(0.07 0.008 0.01)
(0.071 0.008 0.01)
(0.072 0.008 0.01)
(0.073 0.008 0.01)
(0.074 0.008 0.01)
(0.075 0.008 0.01)
(0.076 0.008 0.01)
(0.077 0.008 0.01)
(0.078 0.008 0.01)
(0.079 0.008 0.01)
(0.08 0.008 0.01)
(0.081 0.008 0.01)
(0.082 0.008 0.01)
(0.083 0.008 0.01)
(0.084 0.008 0.01)
(0.085 0.008 0.01)
(0.086 0.008 0.01)
(0.087 0.008 0.01)
(0.088 0.008 0.01)
(0.089 0.008 0.01)
(0.09 0.008 0.01)
(0.091 0.008 0.01)
(0.092 0.008 0.01)
(0.093 0.008 0.01)
(0.094 0.008 0.01)
(0.095 0.008 0.01)
(0.096 0.008 0.01)
(0.097 0.008 0.01)
(0.098 0.008 0.01)
(0.099 0.008 0.01)
(0.1 0.008 0.01)
(0.101 0.008 0.01)
(0.102 0.008 0.01)
(0.103 0.008 0.01)
(0.104 0.008 0.01)
(0.105 0.008 0.01)
(0.106 0.008 0.01)
(0.107 0.008 0.01)
(0.108 0.008 0.01)
(0.109 0.008 0.01)
(0.11 0.008 0.01)
(0.111 0.008 0.01)
(0.112 0.008 0.01)
(0.113 0.008 0.01)
(0.114 0.008 0.01)
(0.115 0.008 0.01)
(0.116 0.008 0.01)
(0.117 0.008 0.01)
(0.118 0.008 0.01)
(0.119 0.008 0.01)
(0.12 0.008 0.01)
(0.121 0.008 0.01)
(0.122 0.008 0.01)
(0.123 0.008 0.01)
(0.124 0.008 0.01)
(0.125 0.008 0.01)
(0.126 0.008 0.01)
(0.127 0.008 0.01)
(0.128 0.008 0.01)
(0.129 0.008 0.01)
(0.13 0.008 0.01)
(0.131 0.008 0.01)
(0.132 0.008 0.01)
(0.133 0.008 0.01)
(0.134 0.008 0.01)
(0.135 0.008 0.01)
(0.136 0.008 0.01)
(0.137 0.008 0.01)
(0.138 0.008 0.01)
(0.139 0.008 0.01)
(0.14 0.008 0.01)
(0.141 0.008 0.01)
(0.142 0.008 0.01)
(0.143 0.008 0.01)
(0.144 0.008 0.01)
(0.145 0.008 0.01)
(0.146 0.008 0.01)
(0.147 0.008 0.01)
(0.148 0.008 0.01)
(0.149 0.008 0.01)
(0.15 0.008 0.01)
(0.151 0.008 0.01)
(0.152 0.008 0.01)
(0.153 0.008 0.01)
(0.154 0.008 0.01)
(0.155 0.008 0.01)
(0.156 0.008 0.01)
(0.157 0.008 0.01)
(0.158 0.008 0.01)
(0.159 0.008 0.01)
(0.16 0.008 0.01)
(0.161 0.008 0.01)
(0.162 0.008 0.01)
(0.163 0.008 0.01)
(0.164 0.008 0.01)
(0.165 0.008 0.01)
(0.166 0.008 0.01)
(0.167 0.008 0.01)
(0.168 0.008 0.01)
(0.169 0.008 0.01)
(0.17 0.008 0.01)
(0.171 0.008 0.01)
(0.172 0.008 0.01)
(0.173 0.008 0.01)
(0.174 0.008 0.01)
(0.175 0.008 0.01)
(0.176 0.008 0.01)
(0.177 0.008 0.01)
(0.178 0.008 0.01)
(0.179 0.008 0.01)
(0.18 0.008 0.01)
(0.181 0.008 0.01)
(0.182 0.008 0.01)
(0.183 0.008 0.01)
(0.184 0.008 0.01)
(0.185 0.008 0.01)
(0.186 0.008 0.01)
(0.187 0.008 0.01)
(0.188 0.008 0.01)
(0.189 0.008 0.01)
(0.19 0.008 0.01)
(0.191 0.008 0.01)
(0.192 0.008 0.01)
(0.193 0.008 0.01)
(0.194 0.008 0.01)
(0.195 0.008 0.01)
(0.196 0.008 0.01)
(0.197 0.008 0.01)
(0.198 0.008 0.01)
(0.199 0.008 0.01)
(0.2 0.008 0.01)
(0 0.009 0.01)
(0.001 0.009 0.01)
(0.002 0.009 0.01)
(0.003 0.009 0.01)
(0.004 0.009 0.01)
(0.005 0.009 0.01)
(0.006 0.009 0.01)
(0.007 0.009 0.01)
(0.008 0.009 0.01)
(0.009 0.009 0.01)
(0.01 0.009 0.01)
(0.011 0.009 0.01)
(0.012 0.009 0.01)
(0.013 0.009 0.01)
(0.014 0.009 0.01)
(0.015 0.009 0.01)
(0.016 0.009 0.01)
(0.017 0.009 0.01)
(0.018 0.009 0.01)
(0.019 0.009 0.01)
(0.02 0.009 0.01)
(0.021 0.009 0.01)
(0.022 0.009 0.01)
(0.023 0.009 0.01)
(0.024 0.009 0.01)
(0.025 0.009 0.01)
(0.026 0.009 0.01)
(0.027 0.009 0.01)
(0.028 0.009 0.01)
(0.029 0.009 0.01)
(0.03 0.009 0.01)
(0.031 0.009 0.01)
(0.032 0.009 0.01)
(0.033 0.009 0.01)
(0.034 0.009 0.01)
(0.035 0.009 0.01)
(0.036 0.009 0.01)
(0.037 0.009 0.01)
(0.038 0.009 0.01)
(0.039 0.009 0.01)
(0.04 0.009 0.01)
(0.041 0.009 0.01)
(0.042 0.009 0.01)
(0.043 0.009 0.01)
(0.044 0.009 0.01)
(0.045 0.009 0.01)
(0.046 0.009 0.01)
(0.047 0.009 0.01)
(0.048 0.009 0.01)
(0.049 0.009 0.01)
(0.05 0.009 0.01)
(0.051 0.009 0.01)
(0.052 0.009 0.01)
(0.053 0.009 0.01)
(0.054 0.009 0.01)
(0.055 0.009 0.01)
(0.056 0.009 0.01)
(0.057 0.009 0.01)
(0.058 0.009 0.01)
(0.059 0.009 0.01)
(0.06 0.009 0.01)
(0.061 0.009 0.01)
(0.062 0.009 0.01)
(0.063 0.009 0.01)
(0.064 0.009 0.01)
(0.065 0.009 0.01)
(0.066 0.009 0.01)
(0.067 0.009 0.01)
(0.068 0.009 0.01)
(0.069 0.009 0.01)
(0.07 0.009 0.01)
(0.071 0.009 0.01)
(0.072 0.009 0.01)
(0.073 0.009 0.01)
(0.074 0.009 0.01)
(0.075 0.009 0.01)
(0.076 0.009 0.01)
(0.077 0.009 0.01)
(0.078 0.009 0.01)
(0.079 0.009 0.01)
(0.08 0.009 0.01)
(0.081 0.009 0.01)
(0.082 0.009 0.01)
(0.083 0.009 0.01)
(0.084 0.009 0.01)
(0.085 0.009 0.01)
(0.086 0.009 0.01)
(0.087 0.009 0.01)
(0.088 0.009 0.01)
(0.089 0.009 0.01)
(0.09 0.009 0.01)
(0.091 0.009 0.01)
(0.092 0.009 0.01)
(0.093 0.009 0.01)
(0.094 0.009 0.01)
(0.095 0.009 0.01)
(0.096 0.009 0.01)
(0.097 0.009 0.01)
(0.098 0.009 0.01)
(0.099 0.009 0.01)
(0.1 0.009 0.01)
(0.101 0.009 0.01)
(0.102 0.009 0.01)
(0.103 0.009 0.01)
(0.104 0.009 0.01)
(0.105 0.009 0.01)
(0.106 0.009 0.01)
(0.107 0.009 0.01)
(0.108 0.009 0.01)
(0.109 0.009 0.01)
(0.11 0.009 0.01)
(0.111 0.009 0.01)
(0.112 0.009 0.01)
(0.113 0.009 0.01)
(0.114 0.009 0.01)
(0.115 0.009 0.01)
(0.116 0.009 0.01)
(0.117 0.009 0.01)
(0.118 0.009 0.01)
(0.119 0.009 0.01)
(0.12 0.009 0.01)
(0.121 0.009 0.01)
(0.122 0.009 0.01)
(0.123 0.009 0.01)
(0.124 0.009 0.01)
(0.125 0.009 0.01)
(0.126 0.009 0.01)
(0.127 0.009 0.01)
(0.128 0.009 0.01)
(0.129 0.009 0.01)
(0.13 0.009 0.01)
(0.131 0.009 0.01)
(0.132 0.009 0.01)
(0.133 0.009 0.01)
(0.134 0.009 0.01)
(0.135 0.009 0.01)
(0.136 0.009 0.01)
(0.137 0.009 0.01)
(0.138 0.009 0.01)
(0.139 0.009 0.01)
(0.14 0.009 0.01)
(0.141 0.009 0.01)
(0.142 0.009 0.01)
(0.143 0.009 0.01)
(0.144 0.009 0.01)
(0.145 0.009 0.01)
(0.146 0.009 0.01)
(0.147 0.009 0.01)
(0.148 0.009 0.01)
(0.149 0.009 0.01)
(0.15 0.009 0.01)
(0.151 0.009 0.01)
(0.152 0.009 0.01)
(0.153 0.009 0.01)
(0.154 0.009 0.01)
(0.155 0.009 0.01)
(0.156 0.009 0.01)
(0.157 0.009 0.01)
(0.158 0.009 0.01)
(0.159 0.009 0.01)
(0.16 0.009 0.01)
(0.161 0.009 0.01)
(0.162 0.009 0.01)
(0.163 0.009 0.01)
(0.164 0.009 0.01)
(0.165 0.009 0.01)
(0.166 0.009 0.01)
(0.167 0.009 0.01)
(0.168 0.009 0.01)
(0.169 0.009 0.01)
(0.17 0.009 0.01)
(0.171 0.009 0.01)
(0.172 0.009 0.01)
(0.173 0.009 0.01)
(0.174 0.009 0.01)
(0.175 0.009 0.01)
(0.176 0.009 0.01)
(0.177 0.009 0.01)
(0.178 0.009 0.01)
(0.179 0.009 0.01)
(0.18 0.009 0.01)
(0.181 0.009 0.01)
(0.182 0.009 0.01)
(0.183 0.009 0.01)
(0.184 0.009 0.01)
(0.185 0.009 0.01)
(0.186 0.009 0.01)
(0.187 0.009 0.01)
(0.188 0.009 0.01)
(0.189 0.009 0.01)
(0.19 0.009 0.01)
(0.191 0.009 0.01)
(0.192 0.009 0.01)
(0.193 0.009 0.01)
(0.194 0.009 0.01)
(0.195 0.009 0.01)
(0.196 0.009 0.01)
(0.197 0.009 0.01)
(0.198 0.009 0.01)
(0.199 0.009 0.01)
(0.2 0.009 0.01)
(0 0.01 0.01)
(0.001 0.01 0.01)
(0.002 0.01 0.01)
(0.003 0.01 0.01)
(0.004 0.01 0.01)
(0.005 0.01 0.01)
(0.006 0.01 0.01)
(0.007 0.01 0.01)
(0.008 0.01 0.01)
(0.009 0.01 0.01)
(0.01 0.01 0.01)
(0.011 0.01 0.01)
(0.012 0.01 0.01)
(0.013 0.01 0.01)
(0.014 0.01 0.01)
(0.015 0.01 0.01)
(0.016 0.01 0.01)
(0.017 0.01 0.01)
(0.018 0.01 0.01)
(0.019 0.01 0.01)
(0.02 0.01 0.01)
(0.021 0.01 0.01)
(0.022 0.01 0.01)
(0.023 0.01 0.01)
(0.024 0.01 0.01)
(0.025 0.01 0.01)
(0.026 0.01 0.01)
(0.027 0.01 0.01)
(0.028 0.01 0.01)
(0.029 0.01 0.01)
(0.03 0.01 0.01)
(0.031 0.01 0.01)
(0.032 0.01 0.01)
(0.033 0.01 0.01)
(0.034 0.01 0.01)
(0.035 0.01 0.01)
(0.036 0.01 0.01)
(0.037 0.01 0.01)
(0.038 0.01 0.01)
(0.039 0.01 0.01)
(0.04 0.01 0.01)
(0.041 0.01 0.01)
(0.042 0.01 0.01)
(0.043 0.01 0.01)
(0.044 0.01 0.01)
(0.045 0.01 0.01)
(0.046 0.01 0.01)
(0.047 0.01 0.01)
(0.048 0.01 0.01)
(0.049 0.01 0.01)
(0.05 0.01 0.01)
(0.051 0.01 0.01)
(0.052 0.01 0.01)
(0.053 0.01 0.01)
(0.054 0.01 0.01)
(0.055 0.01 0.01)
(0.056 0.01 0.01)
(0.057 0.01 0.01)
(0.058 0.01 0.01)
(0.059 0.01 0.01)
(0.06 0.01 0.01)
(0.061 0.01 0.01)
(0.062 0.01 0.01)
(0.063 0.01 0.01)
(0.064 0.01 0.01)
(0.065 0.01 0.01)
(0.066 0.01 0.01)
(0.067 0.01 0.01)
(0.068 0.01 0.01)
(0.069 0.01 0.01)
(0.07 0.01 0.01)
(0.071 0.01 0.01)
(0.072 0.01 0.01)
(0.073 0.01 0.01)
(0.074 0.01 0.01)
(0.075 0.01 0.01)
(0.076 0.01 0.01)
(0.077 0.01 0.01)
(0.078 0.01 0.01)
(0.079 0.01 0.01)
(0.08 0.01 0.01)
(0.081 0.01 0.01)
(0.082 0.01 0.01)
(0.083 0.01 0.01)
(0.084 0.01 0.01)
(0.085 0.01 0.01)
(0.086 0.01 0.01)
(0.087 0.01 0.01)
(0.088 0.01 0.01)
(0.089 0.01 0.01)
(0.09 0.01 0.01)
(0.091 0.01 0.01)
(0.092 0.01 0.01)
(0.093 0.01 0.01)
(0.094 0.01 0.01)
(0.095 0.01 0.01)
(0.096 0.01 0.01)
(0.097 0.01 0.01)
(0.098 0.01 0.01)
(0.099 0.01 0.01)
(0.1 0.01 0.01)
(0.101 0.01 0.01)
(0.102 0.01 0.01)
(0.103 0.01 0.01)
(0.104 0.01 0.01)
(0.105 0.01 0.01)
(0.106 0.01 0.01)
(0.107 0.01 0.01)
(0.108 0.01 0.01)
(0.109 0.01 0.01)
(0.11 0.01 0.01)
(0.111 0.01 0.01)
(0.112 0.01 0.01)
(0.113 0.01 0.01)
(0.114 0.01 0.01)
(0.115 0.01 0.01)
(0.116 0.01 0.01)
(0.117 0.01 0.01)
(0.118 0.01 0.01)
(0.119 0.01 0.01)
(0.12 0.01 0.01)
(0.121 0.01 0.01)
(0.122 0.01 0.01)
(0.123 0.01 0.01)
(0.124 0.01 0.01)
(0.125 0.01 0.01)
(0.126 0.01 0.01)
(0.127 0.01 0.01)
(0.128 0.01 0.01)
(0.129 0.01 0.01)
(0.13 0.01 0.01)
(0.131 0.01 0.01)
(0.132 0.01 0.01)
(0.133 0.01 0.01)
(0.134 0.01 0.01)
(0.135 0.01 0.01)
(0.136 0.01 0.01)
(0.137 0.01 0.01)
(0.138 0.01 0.01)
(0.139 0.01 0.01)
(0.14 0.01 0.01)
(0.141 0.01 0.01)
(0.142 0.01 0.01)
(0.143 0.01 0.01)
(0.144 0.01 0.01)
(0.145 0.01 0.01)
(0.146 0.01 0.01)
(0.147 0.01 0.01)
(0.148 0.01 0.01)
(0.149 0.01 0.01)
(0.15 0.01 0.01)
(0.151 0.01 0.01)
(0.152 0.01 0.01)
(0.153 0.01 0.01)
(0.154 0.01 0.01)
(0.155 0.01 0.01)
(0.156 0.01 0.01)
(0.157 0.01 0.01)
(0.158 0.01 0.01)
(0.159 0.01 0.01)
(0.16 0.01 0.01)
(0.161 0.01 0.01)
(0.162 0.01 0.01)
(0.163 0.01 0.01)
(0.164 0.01 0.01)
(0.165 0.01 0.01)
(0.166 0.01 0.01)
(0.167 0.01 0.01)
(0.168 0.01 0.01)
(0.169 0.01 0.01)
(0.17 0.01 0.01)
(0.171 0.01 0.01)
(0.172 0.01 0.01)
(0.173 0.01 0.01)
(0.174 0.01 0.01)
(0.175 0.01 0.01)
(0.176 0.01 0.01)
(0.177 0.01 0.01)
(0.178 0.01 0.01)
(0.179 0.01 0.01)
(0.18 0.01 0.01)
(0.181 0.01 0.01)
(0.182 0.01 0.01)
(0.183 0.01 0.01)
(0.184 0.01 0.01)
(0.185 0.01 0.01)
(0.186 0.01 0.01)
(0.187 0.01 0.01)
(0.188 0.01 0.01)
(0.189 0.01 0.01)
(0.19 0.01 0.01)
(0.191 0.01 0.01)
(0.192 0.01 0.01)
(0.193 0.01 0.01)
(0.194 0.01 0.01)
(0.195 0.01 0.01)
(0.196 0.01 0.01)
(0.197 0.01 0.01)
(0.198 0.01 0.01)
(0.199 0.01 0.01)
(0.2 0.01 0.01)
)


// ************************************************************************* //
