/*--------------------------------*- C++ -*----------------------------------*\
| =========                 |                                                 |
| \\      /  F ield         | OpenFOAM: The Open Source CFD Toolbox           |
|  \\    /   O peration     | Version:  dev                                   |
|   \\  /    A nd           | Web:      www.OpenFOAM.org                      |
|    \\/     M anipulation  |                                                 |
\*---------------------------------------------------------------------------*/
FoamFile
{
    version     2.0;
    format      ascii;
    class       labelList;
    note        "nPoints: 4422 nCells: 2000 nFaces: 8210 nInternalFaces: 3790";
    location    "constant/polyMesh";
    object      neighbour;
}
// * * * * * * * * * * * * * * * * * * * * * * * * * * * * * * * * * * * * * //


3790
(
1
200
2
201
3
202
4
203
5
204
6
205
7
206
8
207
9
208
10
209
11
210
12
211
13
212
14
213
15
214
16
215
17
216
18
217
19
218
20
219
21
220
22
221
23
222
24
223
25
224
26
225
27
226
28
227
29
228
30
229
31
230
32
231
33
232
34
233
35
234
36
235
37
236
38
237
39
238
40
239
41
240
42
241
43
242
44
243
45
244
46
245
47
246
48
247
49
248
50
249
51
250
52
251
53
252
54
253
55
254
56
255
57
256
58
257
59
258
60
259
61
260
62
261
63
262
64
263
65
264
66
265
67
266
68
267
69
268
70
269
71
270
72
271
73
272
74
273
75
274
76
275
77
276
78
277
79
278
80
279
81
280
82
281
83
282
84
283
85
284
86
285
87
286
88
287
89
288
90
289
91
290
92
291
93
292
94
293
95
294
96
295
97
296
98
297
99
298
100
299
101
300
102
301
103
302
104
303
105
304
106
305
107
306
108
307
109
308
110
309
111
310
112
311
113
312
114
313
115
314
116
315
117
316
118
317
119
318
120
319
121
320
122
321
123
322
124
323
125
324
126
325
127
326
128
327
129
328
130
329
131
330
132
331
133
332
134
333
135
334
136
335
137
336
138
337
139
338
140
339
141
340
142
341
143
342
144
343
145
344
146
345
147
346
148
347
149
348
150
349
151
350
152
351
153
352
154
353
155
354
156
355
157
356
158
357
159
358
160
359
161
360
162
361
163
362
164
363
165
364
166
365
167
366
168
367
169
368
170
369
171
370
172
371
173
372
174
373
175
374
176
375
177
376
178
377
179
378
180
379
181
380
182
381
183
382
184
383
185
384
186
385
187
386
188
387
189
388
190
389
191
390
192
391
193
392
194
393
195
394
196
395
197
396
198
397
199
398
399
201
400
202
401
203
402
204
403
205
404
206
405
207
406
208
407
209
408
210
409
211
410
212
411
213
412
214
413
215
414
216
415
217
416
218
417
219
418
220
419
221
420
222
421
223
422
224
423
225
424
226
425
227
426
228
427
229
428
230
429
231
430
232
431
233
432
234
433
235
434
236
435
237
436
238
437
239
438
240
439
241
440
242
441
243
442
244
443
245
444
246
445
247
446
248
447
249
448
250
449
251
450
252
451
253
452
254
453
255
454
256
455
257
456
258
457
259
458
260
459
261
460
262
461
263
462
264
463
265
464
266
465
267
466
268
467
269
468
270
469
271
470
272
471
273
472
274
473
275
474
276
475
277
476
278
477
279
478
280
479
281
480
282
481
283
482
284
483
285
484
286
485
287
486
288
487
289
488
290
489
291
490
292
491
293
492
294
493
295
494
296
495
297
496
298
497
299
498
300
499
301
500
302
501
303
502
304
503
305
504
306
505
307
506
308
507
309
508
310
509
311
510
312
511
313
512
314
513
315
514
316
515
317
516
318
517
319
518
320
519
321
520
322
521
323
522
324
523
325
524
326
525
327
526
328
527
329
528
330
529
331
530
332
531
333
532
334
533
335
534
336
535
337
536
338
537
339
538
340
539
341
540
342
541
343
542
344
543
345
544
346
545
347
546
348
547
349
548
350
549
351
550
352
551
353
552
354
553
355
554
356
555
357
556
358
557
359
558
360
559
361
560
362
561
363
562
364
563
365
564
366
565
367
566
368
567
369
568
370
569
371
570
372
571
373
572
374
573
375
574
376
575
377
576
378
577
379
578
380
579
381
580
382
581
383
582
384
583
385
584
386
585
387
586
388
587
389
588
390
589
391
590
392
591
393
592
394
593
395
594
396
595
397
596
398
597
399
598
599
401
600
402
601
403
602
404
603
405
604
406
605
407
606
408
607
409
608
410
609
411
610
412
611
413
612
414
613
415
614
416
615
417
616
418
617
419
618
420
619
421
620
422
621
423
622
424
623
425
624
426
625
427
626
428
627
429
628
430
629
431
630
432
631
433
632
434
633
435
634
436
635
437
636
438
637
439
638
440
639
441
640
442
641
443
642
444
643
445
644
446
645
447
646
448
647
449
648
450
649
451
650
452
651
453
652
454
653
455
654
456
655
457
656
458
657
459
658
460
659
461
660
462
661
463
662
464
663
465
664
466
665
467
666
468
667
469
668
470
669
471
670
472
671
473
672
474
673
475
674
476
675
477
676
478
677
479
678
480
679
481
680
482
681
483
682
484
683
485
684
486
685
487
686
488
687
489
688
490
689
491
690
492
691
493
692
494
693
495
694
496
695
497
696
498
697
499
698
500
699
501
700
502
701
503
702
504
703
505
704
506
705
507
706
508
707
509
708
510
709
511
710
512
711
513
712
514
713
515
714
516
715
517
716
518
717
519
718
520
719
521
720
522
721
523
722
524
723
525
724
526
725
527
726
528
727
529
728
530
729
531
730
532
731
533
732
534
733
535
734
536
735
537
736
538
737
539
738
540
739
541
740
542
741
543
742
544
743
545
744
546
745
547
746
548
747
549
748
550
749
551
750
552
751
553
752
554
753
555
754
556
755
557
756
558
757
559
758
560
759
561
760
562
761
563
762
564
763
565
764
566
765
567
766
568
767
569
768
570
769
571
770
572
771
573
772
574
773
575
774
576
775
577
776
578
777
579
778
580
779
581
780
582
781
583
782
584
783
585
784
586
785
587
786
588
787
589
788
590
789
591
790
592
791
593
792
594
793
595
794
596
795
597
796
598
797
599
798
799
601
800
602
801
603
802
604
803
605
804
606
805
607
806
608
807
609
808
610
809
611
810
612
811
613
812
614
813
615
814
616
815
617
816
618
817
619
818
620
819
621
820
622
821
623
822
624
823
625
824
626
825
627
826
628
827
629
828
630
829
631
830
632
831
633
832
634
833
635
834
636
835
637
836
638
837
639
838
640
839
641
840
642
841
643
842
644
843
645
844
646
845
647
846
648
847
649
848
650
849
651
850
652
851
653
852
654
853
655
854
656
855
657
856
658
857
659
858
660
859
661
860
662
861
663
862
664
863
665
864
666
865
667
866
668
867
669
868
670
869
671
870
672
871
673
872
674
873
675
874
676
875
677
876
678
877
679
878
680
879
681
880
682
881
683
882
684
883
685
884
686
885
687
886
688
887
689
888
690
889
691
890
692
891
693
892
694
893
695
894
696
895
697
896
698
897
699
898
700
899
701
900
702
901
703
902
704
903
705
904
706
905
707
906
708
907
709
908
710
909
711
910
712
911
713
912
714
913
715
914
716
915
717
916
718
917
719
918
720
919
721
920
722
921
723
922
724
923
725
924
726
925
727
926
728
927
729
928
730
929
731
930
732
931
733
932
734
933
735
934
736
935
737
936
738
937
739
938
740
939
741
940
742
941
743
942
744
943
745
944
746
945
747
946
748
947
749
948
750
949
751
950
752
951
753
952
754
953
755
954
756
955
757
956
758
957
759
958
760
959
761
960
762
961
763
962
764
963
765
964
766
965
767
966
768
967
769
968
770
969
771
970
772
971
773
972
774
973
775
974
776
975
777
976
778
977
779
978
780
979
781
980
782
981
783
982
784
983
785
984
786
985
787
986
788
987
789
988
790
989
791
990
792
991
793
992
794
993
795
994
796
995
797
996
798
997
799
998
999
801
1000
802
1001
803
1002
804
1003
805
1004
806
1005
807
1006
808
1007
809
1008
810
1009
811
1010
812
1011
813
1012
814
1013
815
1014
816
1015
817
1016
818
1017
819
1018
820
1019
821
1020
822
1021
823
1022
824
1023
825
1024
826
1025
827
1026
828
1027
829
1028
830
1029
831
1030
832
1031
833
1032
834
1033
835
1034
836
1035
837
1036
838
1037
839
1038
840
1039
841
1040
842
1041
843
1042
844
1043
845
1044
846
1045
847
1046
848
1047
849
1048
850
1049
851
1050
852
1051
853
1052
854
1053
855
1054
856
1055
857
1056
858
1057
859
1058
860
1059
861
1060
862
1061
863
1062
864
1063
865
1064
866
1065
867
1066
868
1067
869
1068
870
1069
871
1070
872
1071
873
1072
874
1073
875
1074
876
1075
877
1076
878
1077
879
1078
880
1079
881
1080
882
1081
883
1082
884
1083
885
1084
886
1085
887
1086
888
1087
889
1088
890
1089
891
1090
892
1091
893
1092
894
1093
895
1094
896
1095
897
1096
898
1097
899
1098
900
1099
901
1100
902
1101
903
1102
904
1103
905
1104
906
1105
907
1106
908
1107
909
1108
910
1109
911
1110
912
1111
913
1112
914
1113
915
1114
916
1115
917
1116
918
1117
919
1118
920
1119
921
1120
922
1121
923
1122
924
1123
925
1124
926
1125
927
1126
928
1127
929
1128
930
1129
931
1130
932
1131
933
1132
934
1133
935
1134
936
1135
937
1136
938
1137
939
1138
940
1139
941
1140
942
1141
943
1142
944
1143
945
1144
946
1145
947
1146
948
1147
949
1148
950
1149
951
1150
952
1151
953
1152
954
1153
955
1154
956
1155
957
1156
958
1157
959
1158
960
1159
961
1160
962
1161
963
1162
964
1163
965
1164
966
1165
967
1166
968
1167
969
1168
970
1169
971
1170
972
1171
973
1172
974
1173
975
1174
976
1175
977
1176
978
1177
979
1178
980
1179
981
1180
982
1181
983
1182
984
1183
985
1184
986
1185
987
1186
988
1187
989
1188
990
1189
991
1190
992
1191
993
1192
994
1193
995
1194
996
1195
997
1196
998
1197
999
1198
1199
1001
1200
1002
1201
1003
1202
1004
1203
1005
1204
1006
1205
1007
1206
1008
1207
1009
1208
1010
1209
1011
1210
1012
1211
1013
1212
1014
1213
1015
1214
1016
1215
1017
1216
1018
1217
1019
1218
1020
1219
1021
1220
1022
1221
1023
1222
1024
1223
1025
1224
1026
1225
1027
1226
1028
1227
1029
1228
1030
1229
1031
1230
1032
1231
1033
1232
1034
1233
1035
1234
1036
1235
1037
1236
1038
1237
1039
1238
1040
1239
1041
1240
1042
1241
1043
1242
1044
1243
1045
1244
1046
1245
1047
1246
1048
1247
1049
1248
1050
1249
1051
1250
1052
1251
1053
1252
1054
1253
1055
1254
1056
1255
1057
1256
1058
1257
1059
1258
1060
1259
1061
1260
1062
1261
1063
1262
1064
1263
1065
1264
1066
1265
1067
1266
1068
1267
1069
1268
1070
1269
1071
1270
1072
1271
1073
1272
1074
1273
1075
1274
1076
1275
1077
1276
1078
1277
1079
1278
1080
1279
1081
1280
1082
1281
1083
1282
1084
1283
1085
1284
1086
1285
1087
1286
1088
1287
1089
1288
1090
1289
1091
1290
1092
1291
1093
1292
1094
1293
1095
1294
1096
1295
1097
1296
1098
1297
1099
1298
1100
1299
1101
1300
1102
1301
1103
1302
1104
1303
1105
1304
1106
1305
1107
1306
1108
1307
1109
1308
1110
1309
1111
1310
1112
1311
1113
1312
1114
1313
1115
1314
1116
1315
1117
1316
1118
1317
1119
1318
1120
1319
1121
1320
1122
1321
1123
1322
1124
1323
1125
1324
1126
1325
1127
1326
1128
1327
1129
1328
1130
1329
1131
1330
1132
1331
1133
1332
1134
1333
1135
1334
1136
1335
1137
1336
1138
1337
1139
1338
1140
1339
1141
1340
1142
1341
1143
1342
1144
1343
1145
1344
1146
1345
1147
1346
1148
1347
1149
1348
1150
1349
1151
1350
1152
1351
1153
1352
1154
1353
1155
1354
1156
1355
1157
1356
1158
1357
1159
1358
1160
1359
1161
1360
1162
1361
1163
1362
1164
1363
1165
1364
1166
1365
1167
1366
1168
1367
1169
1368
1170
1369
1171
1370
1172
1371
1173
1372
1174
1373
1175
1374
1176
1375
1177
1376
1178
1377
1179
1378
1180
1379
1181
1380
1182
1381
1183
1382
1184
1383
1185
1384
1186
1385
1187
1386
1188
1387
1189
1388
1190
1389
1191
1390
1192
1391
1193
1392
1194
1393
1195
1394
1196
1395
1197
1396
1198
1397
1199
1398
1399
1201
1400
1202
1401
1203
1402
1204
1403
1205
1404
1206
1405
1207
1406
1208
1407
1209
1408
1210
1409
1211
1410
1212
1411
1213
1412
1214
1413
1215
1414
1216
1415
1217
1416
1218
1417
1219
1418
1220
1419
1221
1420
1222
1421
1223
1422
1224
1423
1225
1424
1226
1425
1227
1426
1228
1427
1229
1428
1230
1429
1231
1430
1232
1431
1233
1432
1234
1433
1235
1434
1236
1435
1237
1436
1238
1437
1239
1438
1240
1439
1241
1440
1242
1441
1243
1442
1244
1443
1245
1444
1246
1445
1247
1446
1248
1447
1249
1448
1250
1449
1251
1450
1252
1451
1253
1452
1254
1453
1255
1454
1256
1455
1257
1456
1258
1457
1259
1458
1260
1459
1261
1460
1262
1461
1263
1462
1264
1463
1265
1464
1266
1465
1267
1466
1268
1467
1269
1468
1270
1469
1271
1470
1272
1471
1273
1472
1274
1473
1275
1474
1276
1475
1277
1476
1278
1477
1279
1478
1280
1479
1281
1480
1282
1481
1283
1482
1284
1483
1285
1484
1286
1485
1287
1486
1288
1487
1289
1488
1290
1489
1291
1490
1292
1491
1293
1492
1294
1493
1295
1494
1296
1495
1297
1496
1298
1497
1299
1498
1300
1499
1301
1500
1302
1501
1303
1502
1304
1503
1305
1504
1306
1505
1307
1506
1308
1507
1309
1508
1310
1509
1311
1510
1312
1511
1313
1512
1314
1513
1315
1514
1316
1515
1317
1516
1318
1517
1319
1518
1320
1519
1321
1520
1322
1521
1323
1522
1324
1523
1325
1524
1326
1525
1327
1526
1328
1527
1329
1528
1330
1529
1331
1530
1332
1531
1333
1532
1334
1533
1335
1534
1336
1535
1337
1536
1338
1537
1339
1538
1340
1539
1341
1540
1342
1541
1343
1542
1344
1543
1345
1544
1346
1545
1347
1546
1348
1547
1349
1548
1350
1549
1351
1550
1352
1551
1353
1552
1354
1553
1355
1554
1356
1555
1357
1556
1358
1557
1359
1558
1360
1559
1361
1560
1362
1561
1363
1562
1364
1563
1365
1564
1366
1565
1367
1566
1368
1567
1369
1568
1370
1569
1371
1570
1372
1571
1373
1572
1374
1573
1375
1574
1376
1575
1377
1576
1378
1577
1379
1578
1380
1579
1381
1580
1382
1581
1383
1582
1384
1583
1385
1584
1386
1585
1387
1586
1388
1587
1389
1588
1390
1589
1391
1590
1392
1591
1393
1592
1394
1593
1395
1594
1396
1595
1397
1596
1398
1597
1399
1598
1599
1401
1600
1402
1601
1403
1602
1404
1603
1405
1604
1406
1605
1407
1606
1408
1607
1409
1608
1410
1609
1411
1610
1412
1611
1413
1612
1414
1613
1415
1614
1416
1615
1417
1616
1418
1617
1419
1618
1420
1619
1421
1620
1422
1621
1423
1622
1424
1623
1425
1624
1426
1625
1427
1626
1428
1627
1429
1628
1430
1629
1431
1630
1432
1631
1433
1632
1434
1633
1435
1634
1436
1635
1437
1636
1438
1637
1439
1638
1440
1639
1441
1640
1442
1641
1443
1642
1444
1643
1445
1644
1446
1645
1447
1646
1448
1647
1449
1648
1450
1649
1451
1650
1452
1651
1453
1652
1454
1653
1455
1654
1456
1655
1457
1656
1458
1657
1459
1658
1460
1659
1461
1660
1462
1661
1463
1662
1464
1663
1465
1664
1466
1665
1467
1666
1468
1667
1469
1668
1470
1669
1471
1670
1472
1671
1473
1672
1474
1673
1475
1674
1476
1675
1477
1676
1478
1677
1479
1678
1480
1679
1481
1680
1482
1681
1483
1682
1484
1683
1485
1684
1486
1685
1487
1686
1488
1687
1489
1688
1490
1689
1491
1690
1492
1691
1493
1692
1494
1693
1495
1694
1496
1695
1497
1696
1498
1697
1499
1698
1500
1699
1501
1700
1502
1701
1503
1702
1504
1703
1505
1704
1506
1705
1507
1706
1508
1707
1509
1708
1510
1709
1511
1710
1512
1711
1513
1712
1514
1713
1515
1714
1516
1715
1517
1716
1518
1717
1519
1718
1520
1719
1521
1720
1522
1721
1523
1722
1524
1723
1525
1724
1526
1725
1527
1726
1528
1727
1529
1728
1530
1729
1531
1730
1532
1731
1533
1732
1534
1733
1535
1734
1536
1735
1537
1736
1538
1737
1539
1738
1540
1739
1541
1740
1542
1741
1543
1742
1544
1743
1545
1744
1546
1745
1547
1746
1548
1747
1549
1748
1550
1749
1551
1750
1552
1751
1553
1752
1554
1753
1555
1754
1556
1755
1557
1756
1558
1757
1559
1758
1560
1759
1561
1760
1562
1761
1563
1762
1564
1763
1565
1764
1566
1765
1567
1766
1568
1767
1569
1768
1570
1769
1571
1770
1572
1771
1573
1772
1574
1773
1575
1774
1576
1775
1577
1776
1578
1777
1579
1778
1580
1779
1581
1780
1582
1781
1583
1782
1584
1783
1585
1784
1586
1785
1587
1786
1588
1787
1589
1788
1590
1789
1591
1790
1592
1791
1593
1792
1594
1793
1595
1794
1596
1795
1597
1796
1598
1797
1599
1798
1799
1601
1800
1602
1801
1603
1802
1604
1803
1605
1804
1606
1805
1607
1806
1608
1807
1609
1808
1610
1809
1611
1810
1612
1811
1613
1812
1614
1813
1615
1814
1616
1815
1617
1816
1618
1817
1619
1818
1620
1819
1621
1820
1622
1821
1623
1822
1624
1823
1625
1824
1626
1825
1627
1826
1628
1827
1629
1828
1630
1829
1631
1830
1632
1831
1633
1832
1634
1833
1635
1834
1636
1835
1637
1836
1638
1837
1639
1838
1640
1839
1641
1840
1642
1841
1643
1842
1644
1843
1645
1844
1646
1845
1647
1846
1648
1847
1649
1848
1650
1849
1651
1850
1652
1851
1653
1852
1654
1853
1655
1854
1656
1855
1657
1856
1658
1857
1659
1858
1660
1859
1661
1860
1662
1861
1663
1862
1664
1863
1665
1864
1666
1865
1667
1866
1668
1867
1669
1868
1670
1869
1671
1870
1672
1871
1673
1872
1674
1873
1675
1874
1676
1875
1677
1876
1678
1877
1679
1878
1680
1879
1681
1880
1682
1881
1683
1882
1684
1883
1685
1884
1686
1885
1687
1886
1688
1887
1689
1888
1690
1889
1691
1890
1692
1891
1693
1892
1694
1893
1695
1894
1696
1895
1697
1896
1698
1897
1699
1898
1700
1899
1701
1900
1702
1901
1703
1902
1704
1903
1705
1904
1706
1905
1707
1906
1708
1907
1709
1908
1710
1909
1711
1910
1712
1911
1713
1912
1714
1913
1715
1914
1716
1915
1717
1916
1718
1917
1719
1918
1720
1919
1721
1920
1722
1921
1723
1922
1724
1923
1725
1924
1726
1925
1727
1926
1728
1927
1729
1928
1730
1929
1731
1930
1732
1931
1733
1932
1734
1933
1735
1934
1736
1935
1737
1936
1738
1937
1739
1938
1740
1939
1741
1940
1742
1941
1743
1942
1744
1943
1745
1944
1746
1945
1747
1946
1748
1947
1749
1948
1750
1949
1751
1950
1752
1951
1753
1952
1754
1953
1755
1954
1756
1955
1757
1956
1758
1957
1759
1958
1760
1959
1761
1960
1762
1961
1763
1962
1764
1963
1765
1964
1766
1965
1767
1966
1768
1967
1769
1968
1770
1969
1771
1970
1772
1971
1773
1972
1774
1973
1775
1974
1776
1975
1777
1976
1778
1977
1779
1978
1780
1979
1781
1980
1782
1981
1783
1982
1784
1983
1785
1984
1786
1985
1787
1986
1788
1987
1789
1988
1790
1989
1791
1990
1792
1991
1793
1992
1794
1993
1795
1994
1796
1995
1797
1996
1798
1997
1799
1998
1999
1801
1802
1803
1804
1805
1806
1807
1808
1809
1810
1811
1812
1813
1814
1815
1816
1817
1818
1819
1820
1821
1822
1823
1824
1825
1826
1827
1828
1829
1830
1831
1832
1833
1834
1835
1836
1837
1838
1839
1840
1841
1842
1843
1844
1845
1846
1847
1848
1849
1850
1851
1852
1853
1854
1855
1856
1857
1858
1859
1860
1861
1862
1863
1864
1865
1866
1867
1868
1869
1870
1871
1872
1873
1874
1875
1876
1877
1878
1879
1880
1881
1882
1883
1884
1885
1886
1887
1888
1889
1890
1891
1892
1893
1894
1895
1896
1897
1898
1899
1900
1901
1902
1903
1904
1905
1906
1907
1908
1909
1910
1911
1912
1913
1914
1915
1916
1917
1918
1919
1920
1921
1922
1923
1924
1925
1926
1927
1928
1929
1930
1931
1932
1933
1934
1935
1936
1937
1938
1939
1940
1941
1942
1943
1944
1945
1946
1947
1948
1949
1950
1951
1952
1953
1954
1955
1956
1957
1958
1959
1960
1961
1962
1963
1964
1965
1966
1967
1968
1969
1970
1971
1972
1973
1974
1975
1976
1977
1978
1979
1980
1981
1982
1983
1984
1985
1986
1987
1988
1989
1990
1991
1992
1993
1994
1995
1996
1997
1998
1999
)


// ************************************************************************* //
