 0.000000     0.0000000000     0.0000000000      0.0000000000     0.0000000000     0.0000000000     0.0000000000
 0.010000    -0.0000776180    -0.0000001249     -0.0001927500    -0.0000196060    -0.0786340000    -0.0000030463
 0.020000    -0.0003581400    -0.0000005150     -0.0003138400    -0.0000369520    -0.1503000000    -0.0000110310
 0.030000    -0.0007734200    -0.0000011196     -0.0004902000    -0.0000492750    -0.2055400000    -0.0000089954
 0.040000    -0.0012318000    -0.0000018845     -0.0006425500    -0.0000606140    -0.3041400000    -0.0000046112
 0.050000    -0.0015580000    -0.0000029173     -0.0006910400    -0.0000848520    -0.3168900000    -0.0000022133
 0.060000    -0.0017561000    -0.0000042915     -0.0006851500    -0.0001082000    -0.2722700000    -0.0000189770
 0.070000    -0.0021279000    -0.0000058203     -0.0008589200    -0.0001162000    -0.2512100000    -0.0000324410
 0.080000    -0.0025289000    -0.0000074100     -0.0010797000    -0.0001257500    -0.2061100000    -0.0000471550
 0.090000    -0.0028018000    -0.0000091591     -0.0012240000    -0.0001420800    -0.0923520000    -0.0000588780
 0.100000    -0.0029463000    -0.0000111470     -0.0013195000    -0.0001565200    -0.0131130000    -0.0000620900
 0.110000    -0.0030014000    -0.0000133040     -0.0013683000    -0.0001626100    -0.0111880000    -0.0000549580
 0.120000    -0.0030770000    -0.0000155050     -0.0014092000    -0.0001621900    -0.0332910000    -0.0000459730
 0.130000    -0.0031426000    -0.0000176380     -0.0014291000    -0.0001522200    -0.0063143000    -0.0000491300
 0.140000    -0.0031378000    -0.0000195990     -0.0014201000    -0.0001378400     0.0742590000    -0.0000600080
 0.150000    -0.0030711000    -0.0000213720     -0.0013934000    -0.0001261400     0.0749660000    -0.0000704220
 0.160000    -0.0030331000    -0.0000229440     -0.0013839000    -0.0001149100     0.0376470000    -0.0000700310
 0.170000    -0.0030572000    -0.0000243790     -0.0013940000    -0.0001065200    -0.0092690000    -0.0000525460
 0.180000    -0.0030837000    -0.0000256300     -0.0014043000    -0.0000857130    -0.0021320000    -0.0000401910
 0.190000    -0.0031190000    -0.0000266000     -0.0014185000    -0.0000615290    -0.0066171000    -0.0000161520
 0.200000    -0.0031446000    -0.0000272700     -0.0014345000    -0.0000352390    -0.0082894000    -0.0000009467
 0.210000    -0.0031933000    -0.0000275950     -0.0014617000    -0.0000117800    -0.0202720000     0.0000036656
 0.220000    -0.0032420000    -0.0000275860     -0.0014809000     0.0000124760    -0.0106170000     0.0000093292
 0.230000    -0.0032708000    -0.0000272760     -0.0014997000     0.0000334340    -0.0116960000     0.0000127640
 0.240000    -0.0032965000    -0.0000266770     -0.0015176000     0.0000546920     0.0034883000     0.0000274480
 0.250000    -0.0033208000    -0.0000258430     -0.0015286000     0.0000769530    -0.0047556000     0.0000444080
 0.260000    -0.0033374000    -0.0000247510     -0.0015395000     0.0000946320    -0.0036294000     0.0000615940
 0.270000    -0.0033458000    -0.0000234170     -0.0015440000     0.0001172600     0.0148010000     0.0000714120
 0.280000    -0.0033468000    -0.0000218730     -0.0015565000     0.0001295200     0.0176710000     0.0000731430
 0.290000    -0.0033382000    -0.0000201340     -0.0015616000     0.0001403400     0.0241510000     0.0000694980
 0.300000    -0.0033358000    -0.0000182760     -0.0015832000     0.0001449100     0.0036006000     0.0000647990
 0.310000    -0.0033263000    -0.0000163260     -0.0016047000     0.0001502900     0.0076792000     0.0000646140
 0.320000    -0.0033155000    -0.0000143440     -0.0016360000     0.0001509600     0.0066409000     0.0000612240
 0.330000    -0.0033089000    -0.0000123590     -0.0016846000     0.0001472900     0.0106600000     0.0000607950
 0.340000    -0.0032921000    -0.0000104230     -0.0017398000     0.0001435200     0.0128790000     0.0000593630
 0.350000    -0.0032744000    -0.0000085783     -0.0018159000     0.0001342400    -0.0078737000     0.0000481470
 0.360000    -0.0032452000    -0.0000068684     -0.0018960000     0.0001206700     0.0025157000     0.0000386610
 0.370000    -0.0032014000    -0.0000053358     -0.0019971000     0.0001018200     0.0125320000     0.0000251260
 0.380000    -0.0031658000    -0.0000040350     -0.0021187000     0.0000839710    -0.0104120000     0.0000147520
 0.390000    -0.0031155000    -0.0000030165     -0.0022524000     0.0000626070     0.0063930000     0.0000063614
 0.400000    -0.0030549000    -0.0000022869     -0.0024085000     0.0000393720     0.0039637000    -0.0000010215
 0.410000    -0.0029794000    -0.0000018759     -0.0025790000     0.0000165610     0.0126280000    -0.0000092563
 0.420000    -0.0028980000    -0.0000017662     -0.0027742000    -0.0000081922    -0.0074617000    -0.0000234120
 0.430000    -0.0028086000    -0.0000019741     -0.0029929000    -0.0000307120    -0.0029029000    -0.0000308860
 0.440000    -0.0026992000    -0.0000024977     -0.0032316000    -0.0000549090    -0.0025805000    -0.0000405110
 0.450000    -0.0025858000    -0.0000033302     -0.0034913000    -0.0000757520    -0.0025245000    -0.0000464440
 0.460000    -0.0024529000    -0.0000044594     -0.0037765000    -0.0000954720     0.0042032000    -0.0000524160
 0.470000    -0.0023034000    -0.0000058441     -0.0040855000    -0.0001130600     0.0072040000    -0.0000592900
 0.480000    -0.0021439000    -0.0000074530     -0.0044205000    -0.0001252700     0.0099116000    -0.0000588290
 0.490000    -0.0019658000    -0.0000092249     -0.0047841000    -0.0001360200     0.0041340000    -0.0000591550
 0.500000    -0.0017594000    -0.0000111190     -0.0051664000    -0.0001398300     0.0090233000    -0.0000544980
 0.510000    -0.0015459000    -0.0000131070     -0.0055831000    -0.0001437000    -0.0079968000    -0.0000508130
 0.520000    -0.0013094000    -0.0000151360     -0.0060181000    -0.0001443100    -0.0068543000    -0.0000480310
 0.530000    -0.0010439000    -0.0000171710     -0.0064797000    -0.0001400600    -0.0011827000    -0.0000407300
 0.540000    -0.0007550500    -0.0000191710     -0.0069673000    -0.0001362600    -0.0237600000    -0.0000328620
 0.550000    -0.0004424200    -0.0000210890     -0.0074762000    -0.0001243100     0.0032219000    -0.0000235310
 0.560000    -0.0001034500    -0.0000228950     -0.0080161000    -0.0001124600    -0.0084106000    -0.0000125520
 0.570000     0.0002619900    -0.0000245330     -0.0085810000    -0.0000995930    -0.0162170000    -0.0000035756
 0.580000     0.0006528100    -0.0000259780     -0.0091686000    -0.0000816680    -0.0019753000     0.0000058142
 0.590000     0.0010726000    -0.0000271940     -0.0097876000    -0.0000630130    -0.0138300000     0.0000167290
 0.600000     0.0015193000    -0.0000281620     -0.0104250000    -0.0000428400    -0.0200130000     0.0000291490
 0.610000     0.0019912000    -0.0000288670     -0.0110940000    -0.0000233470    -0.0256200000     0.0000424380
 0.620000     0.0025047000    -0.0000292950     -0.0117860000    -0.0000053554    -0.0251670000     0.0000483220
 0.630000     0.0030341000    -0.0000294380     -0.0125020000     0.0000156800    -0.0397370000     0.0000578500
 0.640000     0.0035866000    -0.0000293050     -0.0132490000     0.0000379260    -0.0260300000     0.0000617170
 0.650000     0.0039596000    -0.0000288530     -0.0141750000     0.0000571030    -0.1353900000     0.0000752930
 0.660000     0.0043422000    -0.0000280370     -0.0151580000     0.0000814940    -0.1402300000     0.0000830970
 0.670000     0.0047490000    -0.0000268840     -0.0161630000     0.0001029900    -0.1471800000     0.0000883710
 0.680000     0.0052006000    -0.0000254110     -0.0171900000     0.0001246500    -0.1425800000     0.0000806340
 0.690000     0.0057037000    -0.0000236090     -0.0182430000     0.0001408300    -0.1318300000     0.0000702100
 0.700000     0.0062497000    -0.0000215620     -0.0193240000     0.0001505300    -0.1157000000     0.0000662560
 0.710000     0.0068721000    -0.0000193840     -0.0204110000     0.0001549000    -0.1052800000     0.0000633740
 0.720000     0.0075347000    -0.0000171550     -0.0215080000     0.0001560900    -0.0922740000     0.0000576880
 0.730000     0.0082596000    -0.0000149010     -0.0226230000     0.0001551400    -0.0895920000     0.0000557270
 0.740000     0.0090496000    -0.0000126510     -0.0237520000     0.0001513300    -0.1030200000     0.0000497780
 0.750000     0.0098812000    -0.0000104240     -0.0248960000     0.0001466600    -0.1307100000     0.0000364490
 0.760000     0.0107780000    -0.0000082474     -0.0260400000     0.0001376400    -0.1311600000     0.0000195340
 0.770000     0.0117320000    -0.0000061827     -0.0271910000     0.0001259600    -0.1152900000     0.0000046683
 0.780000     0.0127450000    -0.0000043068     -0.0283540000     0.0001116000    -0.1519400000    -0.0000069444
 0.790000     0.0138140000    -0.0000026665     -0.0295130000     0.0000926900    -0.1740900000    -0.0000148290
 0.800000     0.0149450000    -0.0000013018     -0.0306640000     0.0000738310    -0.2110800000    -0.0000200720
 0.810000     0.0160930000    -0.0000002394     -0.0318430000     0.0000612030    -0.4893100000    -0.0000271330
 0.820000     0.0171900000     0.0000005608     -0.0331240000     0.0000452840    -0.6255000000    -0.0000417050
 0.830000     0.0183830000     0.0000010805     -0.0343960000     0.0000224160    -0.6038500000    -0.0000490990
 0.840000     0.0196050000     0.0000012712     -0.0356380000     0.0000000395    -0.6315900000    -0.0000569400
 0.850000     0.0209330000     0.0000010958     -0.0368610000    -0.0000245550    -0.6329700000    -0.0000715770
 0.860000     0.0223450000     0.0000005312     -0.0380630000    -0.0000511730    -0.6528900000    -0.0000721020
 0.870000     0.0238280000    -0.0000004110     -0.0392200000    -0.0000718650    -0.6682500000    -0.0000727500
 0.880000     0.0253880000    -0.0000016327     -0.0403450000    -0.0000888570    -0.6807700000    -0.0000664540
 0.890000     0.0270400000    -0.0000030584     -0.0414170000    -0.0001000200    -0.6965900000    -0.0000692550
 0.900000     0.0287560000    -0.0000046558     -0.0424440000    -0.0001124300    -0.7575300000    -0.0000658300
 0.910000     0.0305670000    -0.0000063887     -0.0433990000    -0.0001236900    -0.7495900000    -0.0000668020
 0.920000     0.0324060000    -0.0000082474     -0.0442790000    -0.0001287100    -0.7497400000    -0.0000617020
 0.930000     0.0344070000    -0.0000101870     -0.0450980000    -0.0001409500    -0.7675900000    -0.0000415290
 0.940000     0.0364240000    -0.0000123470     -0.0458300000    -0.0001533300    -0.7896500000    -0.0000346970
 0.950000     0.0384810000    -0.0000146140     -0.0464870000    -0.0001562400    -0.7750600000    -0.0000135930
 0.960000     0.0406470000    -0.0000168700     -0.0470450000    -0.0001582300    -0.8156700000     0.0000129900
 0.970000     0.0428700000    -0.0000191160     -0.0474950000    -0.0001526700    -0.8056300000     0.0000323680
 0.980000     0.0451300000    -0.0000212280     -0.0478410000    -0.0001494900    -0.8263400000     0.0000533410
 0.990000     0.0474480000    -0.0000232190     -0.0480690000    -0.0001389700    -0.8543200000     0.0000670700
 1.000000     0.0498080000    -0.0000250260     -0.0481800000    -0.0001299200    -0.8384700000     0.0000808550
 1.010000     0.0521780000    -0.0000264820     -0.0481250000    -0.0001036100    -0.8255100000     0.0000990680
 1.020000     0.0546470000    -0.0000276780     -0.0479680000    -0.0000935090    -0.8706600000     0.0001149500
 1.030000     0.0570650000    -0.0000284400     -0.0476870000    -0.0000556950    -0.8563000000     0.0001082300
 1.040000     0.0594800000    -0.0000285780     -0.0472810000    -0.0000244170    -0.8880400000     0.0001294300
 1.050000     0.0619410000    -0.0000281100     -0.0467110000     0.0000091961    -0.9001400000     0.0001401700
 1.060000     0.0643750000    -0.0000271230     -0.0460000000     0.0000385480    -0.9039000000     0.0001412300
 1.070000     0.0667890000    -0.0000257220     -0.0451530000     0.0000580720    -0.9190800000     0.0001322800
 1.080000     0.0691710000    -0.0000239190     -0.0441450000     0.0000868360    -0.9122000000     0.0001110500
 1.090000     0.0715100000    -0.0000217790     -0.0429780000     0.0001053500    -0.9390600000     0.0000975190
 1.100000     0.0738450000    -0.0000192640     -0.0416830000     0.0001336100    -0.8969700000     0.0000684570
 1.110000     0.0760450000    -0.0000163710     -0.0402650000     0.0001517100    -0.9211700000     0.0000609520
 1.120000     0.0781930000    -0.0000133390     -0.0387040000     0.0001604600    -0.9292300000     0.0000585730
 1.130000     0.0802980000    -0.0000101990     -0.0369770000     0.0001599000    -0.9224000000     0.0000480810
 1.140000     0.0822970000    -0.0000071468     -0.0351440000     0.0001628000    -0.9031600000     0.0000374600
 1.150000     0.0842180000    -0.0000041885     -0.0332060000     0.0001583400    -0.8158700000     0.0000078431
 1.160000     0.0860130000    -0.0000013857     -0.0311150000     0.0001486900    -0.9221600000    -0.0000125290
 1.170000     0.0877560000     0.0000011854     -0.0289090000     0.0001429900    -0.8048400000    -0.0000445760
 1.180000     0.0894030000     0.0000034676     -0.0267110000     0.0001299600    -0.5900600000    -0.0000622380
 1.190000     0.0909940000     0.0000054331     -0.0244280000     0.0001133600    -0.5283400000    -0.0000595930
 1.200000     0.0925160000     0.0000070038     -0.0220240000     0.0000880320    -0.4919200000    -0.0000707150
 1.210000     0.0939310000     0.0000081997     -0.0195570000     0.0000714080    -0.4383200000    -0.0000650720
 1.220000     0.0952870000     0.0000090408     -0.0170730000     0.0000490180    -0.3275800000    -0.0000624310
 1.230000     0.0965200000     0.0000093050     -0.0144710000     0.0000039847    -0.2652100000    -0.0000469530
 1.240000     0.0977700000     0.0000089045     -0.0118640000    -0.0000250270    -0.1348200000    -0.0000603710
 1.250000     0.0990330000     0.0000079975     -0.0093655000    -0.0000549530    -0.1194100000    -0.0000595520
 1.260000     0.1002800000     0.0000066986     -0.0068214000    -0.0000779090    -0.1166500000    -0.0000539820
 1.270000     0.1014700000     0.0000050316     -0.0041992000    -0.0001031000    -0.0742660000    -0.0000548250
 1.280000     0.1026100000     0.0000030899     -0.0015719000    -0.0001224800    -0.0379410000    -0.0000310580
 1.290000     0.1037600000     0.0000007858      0.0010252000    -0.0001522300     0.0958230000    -0.0000229900
 1.300000     0.1049300000    -0.0000019865      0.0036965000    -0.0001807900     0.1731500000    -0.0000260370
 1.310000     0.1062000000    -0.0000050545      0.0062635000    -0.0001897500     0.1572200000    -0.0000441750
 1.320000     0.1074600000    -0.0000082407      0.0087600000    -0.0002087900     0.0719710000    -0.0000430020
 1.330000     0.1086600000    -0.0000113930      0.0113490000    -0.0002078300     0.0677790000    -0.0000258470
 1.340000     0.1098100000    -0.0000145190      0.0139810000    -0.0002172800     0.0747580000    -0.0000170650
 1.350000     0.1109800000    -0.0000175390      0.0165800000    -0.0002170400     0.1014400000     0.0000026120
 1.360000     0.1122400000    -0.0000205430      0.0191450000    -0.0002151000     0.1927100000     0.0000000396
 1.370000     0.1136200000    -0.0000233830      0.0217230000    -0.0002029300     0.1641400000    -0.0000139270
 1.380000     0.1150400000    -0.0000259820      0.0241730000    -0.0001825600     0.0929340000    -0.0000093167
 1.390000     0.1163700000    -0.0000281410      0.0266510000    -0.0001576700     0.0674090000     0.0000050220
 1.400000     0.1176300000    -0.0000297980      0.0292290000    -0.0001379500     0.0820820000     0.0000269660
 1.410000     0.1188600000    -0.0000311980      0.0318110000    -0.0001276600     0.0812170000     0.0000407790
 1.420000     0.1201400000    -0.0000322280      0.0343450000    -0.0001085000     0.0793750000     0.0000586850
 1.430000     0.1215800000    -0.0000328600      0.0368560000    -0.0000687000     0.0733240000     0.0000739540
