Label number,Volume (voxels),Integrated intensity,Centroid X (voxel),Centroid Y (voxel),Centroid Z (voxel),Weighted centroid X (voxel),Weighted centroid Y (voxel),Weighted centroid Z (voxel),Major axis length,Minor axis length,Eccentricity,Elongation,Orientation
0,191383,4891139,49.6478893109628,50.3832472058647,10,49.6365797414467,50.4020139276353,9.99882542696088,117.772079467773,25.1199760437012,0.976988250998921,4.68838357925415,2.38388682350187
1,5196,1191183,19.0436874518861,18.9120477290223,10,19.0491620515068,18.922384721743,10.0043234330913,33.5439186096191,14.6496152877808,0.899592929585122,2.28974747657776,0.785118313433478
2,3759,863056,73.9813780260708,23.9789837722799,10,73.985462125285,23.972430525945,10.0002954617082,24.4088153839111,14.365761756897,0.808462205970326,1.69909644126892,2.60955865136998
3,2185,500691,49,49,10,49.0088118220619,48.9986139155687,9.99699814855869,15.8362522125244,12.8438844680786,0.584986265946337,1.23298001289368,0
4,1772,406474,74.053611738149,73.9655756207675,10,74.0285012079493,73.9555592731638,9.99992619454135,44.372917175293,7.60319423675537,0.985210631938553,5.83608865737915,0.345899246306427
5,1671,382682,79,49,10,78.9838063980015,49.0044815277437,9.99979356227886,32.0835609436035,8.57605838775635,0.963612303651472,3.7410614490509,0
6,1468,337748,23.9380108991826,73.9359673024523,10,23.9408197827966,73.9357183462226,10.0035559055864,35.5022850036621,7.75815200805664,0.97583125762267,4.57612657546997,2.35625523350586
7,1061,243166,49,84,10,48.9993502381089,84.0027635442455,9.998585328541,20.7829475402832,8.26554298400879,0.917512074630396,2.51440811157227,1.5707963267949
8,908,208063,49.0176211453744,18.9306167400881,10,49.0163363981102,18.9346832449787,9.99789967461778,26.9130859375,7.06878328323364,0.964890555209398,3.80731511116028,1.57453360977502
9,597,137431,23.8793969849246,48.9731993299833,10,23.8715646397101,48.9708508269604,10.0094083576486,17.6616840362549,6.97590970993042,0.918692202136605,2.53181076049805,0.00104099671826059
