# vtk DataFile Version 4.2
vtk output
ASCII
DATASET POLYDATA
POINTS 24 float
0.987083 0.722372 1.1 0.987083 0.722372 4.9 -0.112917 2.62763 1.1 
-0.112917 2.62763 4.9 2.11292 1.37237 1.1 2.11292 1.37237 4.9 
1.01292 3.27763 1.1 1.01292 3.27763 4.9 0.987083 0.722372 1.1 
0.987083 0.722372 4.9 2.11292 1.37237 1.1 2.11292 1.37237 4.9 
-0.112917 2.62763 1.1 -0.112917 2.62763 4.9 1.01292 3.27763 1.1 
1.01292 3.27763 4.9 0.987083 0.722372 1.1 2.11292 1.37237 1.1 
-0.112917 2.62763 1.1 1.01292 3.27763 1.1 0.987083 0.722372 4.9 
2.11292 1.37237 4.9 -0.112917 2.62763 4.9 1.01292 3.27763 4.9 

POLYGONS 6 30
4 0 1 3 2 
4 4 6 7 5 
4 8 10 11 9 
4 12 13 15 14 
4 16 18 19 17 
4 20 21 23 22 

POINT_DATA 24
NORMALS Normals float
-0.866025 -0.5 0 -0.866025 -0.5 0 -0.866025 -0.5 0 
-0.866025 -0.5 0 0.866025 0.5 0 0.866025 0.5 0 
0.866025 0.5 0 0.866025 0.5 0 0.5 -0.866025 0 
0.5 -0.866025 0 0.5 -0.866025 0 0.5 -0.866025 0 
-0.5 0.866025 0 -0.5 0.866025 0 -0.5 0.866025 0 
-0.5 0.866025 0 0 0 -1 0 0 -1 
0 0 -1 0 0 -1 0 0 1 
0 0 1 0 0 1 0 0 1 

TEXTURE_COORDINATES TCoords 2 float
-1.4 -0.6 2.4 -0.6 -1.4 1.6 2.4 1.6 1.4 
-0.6 -2.4 -0.6 1.4 1.6 -2.4 1.6 0.15 1.4 
0.15 -2.4 -1.15 1.4 -1.15 -2.4 -0.15 1.4 -0.15 
-2.4 1.15 1.4 1.15 -2.4 0.15 -0.6 -1.15 -0.6 
0.15 1.6 -1.15 1.6 -0.15 -0.6 1.15 -0.6 -0.15 
1.6 1.15 1.6 
