 time =  3.00000000E+01
   1.60000000E+01   0.00000000E+00   0.00000000E+00
   0.00000000E+00   1.60000000E+01   0.00000000E+00
   0.00000000E+00   0.00000000E+00   1.60000000E+01
      64
       1      24  Cr   1.91314676E+00   1.96888155E+00   2.28839556E+00   1.30000000E+00   1.00517657E+03
       2      26  Fe   1.79575822E+00   1.79605385E+00   5.94619819E+00   1.45000000E+00   6.17421998E+02
       3      48  Cd   1.83347463E+00   1.75758775E+00   1.06318775E+01   1.53000000E+00   9.77363832E+02
       4      24  Cr   2.04563210E+00   2.34433915E+00   1.35077769E+01   1.30000000E+00   7.78584723E+02
       5      24  Cr   1.74131013E+00   6.17959146E+00   2.00916502E+00   1.30000000E+00   1.44844545E+03
       6      26  Fe   2.00450487E+00   6.11222800E+00   5.65645891E+00   1.45000000E+00   7.57868355E+02
       7      24  Cr   1.78311573E+00   5.98258702E+00   9.97035632E+00   1.30000000E+00   1.23588334E+03
       8      26  Fe   2.27172310E+00   6.03040544E+00   1.40629131E+01   1.45000000E+00   8.74558734E+02
       9      26  Fe   2.14882034E+00   9.89584258E+00   2.29512916E+00   1.45000000E+00   8.69926036E+02
      10      48  Cd   2.03681392E+00   1.03708746E+01   5.83282031E+00   1.53000000E+00   1.16120862E+03
      11      26  Fe   1.92463552E+00   9.72969542E+00   9.90931343E+00   1.45000000E+00   9.89803947E+02
      12      30  Zn   2.30660401E+00   9.85193818E+00   1.39111833E+01   1.35000000E+00   1.10162714E+03
      13      26  Fe   2.00483710E+00   1.35527829E+01   1.67562546E+00   1.45000000E+00   1.09202036E+03
      14      30  Zn   1.99808683E+00   1.42003112E+01   5.69593211E+00   1.35000000E+00   1.04875251E+03
      15      24  Cr   2.17984874E+00   1.39142966E+01   9.99064096E+00   1.30000000E+00   9.45669662E+02
      16      48  Cd   1.45084677E+00   1.36226205E+01   1.39755191E+01   1.53000000E+00   8.38075762E+02
      17      48  Cd   6.06306308E+00   1.97704207E+00   2.21616096E+00   1.53000000E+00   9.03830959E+02
      18      30  Zn   5.87945783E+00   1.96285806E+00   6.33455124E+00   1.35000000E+00   1.14975200E+03
      19      26  Fe   6.12260695E+00   2.00821028E+00   1.04227237E+01   1.45000000E+00   1.24072261E+03
      20      24  Cr   6.02155198E+00   2.46601601E+00   1.40343257E+01   1.30000000E+00   7.30844494E+02
      21      48  Cd   6.03875948E+00   6.06972797E+00   2.30936823E+00   1.53000000E+00   6.37732687E+02
      22      24  Cr   5.75028670E+00   6.06843802E+00   6.41109811E+00   1.30000000E+00   1.09479687E+03
      23      24  Cr   6.00443827E+00   5.94349493E+00   1.01428603E+01   1.30000000E+00   1.38023310E+03
      24      30  Zn   6.29123189E+00   5.99369701E+00   1.43945572E+01   1.35000000E+00   8.71516696E+02
      25      26  Fe   6.10370161E+00   1.01038744E+01   1.57891167E+00   1.45000000E+00   1.37304037E+03
      26      30  Zn   5.75156765E+00   9.56539223E+00   6.04078355E+00   1.35000000E+00   9.61267211E+02
      27      30  Zn   5.84982015E+00   1.03895023E+01   1.01133798E+01   1.35000000E+00   9.93746660E+02
      28      30  Zn   5.92977086E+00   1.00563384E+01   1.41478599E+01   1.35000000E+00   5.03391339E+02
      29      48  Cd   6.29977686E+00   1.39714232E+01   1.80073466E+00   1.53000000E+00   1.07389605E+03
      30      30  Zn   6.00408812E+00   1.37976964E+01   6.55278250E+00   1.35000000E+00   6.94135200E+02
      31      48  Cd   5.81147387E+00   1.43653745E+01   1.00603988E+01   1.53000000E+00   1.34645818E+03
      32      24  Cr   6.14505507E+00   1.42781313E+01   1.38538013E+01   1.30000000E+00   9.66310573E+02
      33      24  Cr   9.84904157E+00   1.99671902E+00   2.08389590E+00   1.30000000E+00   4.26635974E+02
      34      24  Cr   1.03824532E+01   1.99727408E+00   5.85839086E+00   1.30000000E+00   1.02973044E+03
      35      26  Fe   1.00681208E+01   2.03081440E+00   9.97830995E+00   1.45000000E+00   1.00627437E+03
      36      24  Cr   1.01333404E+01   2.09341274E+00   1.43080597E+01   1.30000000E+00   1.38111091E+03
      37      48  Cd   9.82781845E+00   6.07556143E+00   2.51559084E+00   1.53000000E+00   7.40665618E+02
      38      26  Fe   1.02160196E+01   6.00700368E+00   5.30770410E+00   1.45000000E+00   7.23632203E+02
      39      48  Cd   1.01301066E+01   6.05995219E+00   1.04440394E+01   1.53000000E+00   7.58330330E+02
      40      48  Cd   9.83425111E+00   6.53319203E+00   1.38899172E+01   1.53000000E+00   1.17092850E+03
      41      30  Zn   1.04825590E+01   9.81478537E+00   1.86466417E+00   1.35000000E+00   1.05595561E+03
      42      26  Fe   9.99373955E+00   9.77463828E+00   5.81863680E+00   1.45000000E+00   7.63699426E+02
      43      30  Zn   9.52634377E+00   9.85024277E+00   9.89382809E+00   1.35000000E+00   5.39195061E+02
      44      30  Zn   9.63619639E+00   1.01441851E+01   1.37873360E+01   1.35000000E+00   8.83604590E+02
      45      30  Zn   9.68115592E+00   1.40924338E+01   2.13892839E+00   1.35000000E+00   6.65650005E+02
      46      26  Fe   1.01683474E+01   1.39138989E+01   6.47295027E+00   1.45000000E+00   5.51779025E+02
      47      24  Cr   1.00124481E+01   1.44912209E+01   9.90371655E+00   1.30000000E+00   5.75227087E+02
      48      48  Cd   9.79438581E+00   1.38990346E+01   1.37969767E+01   1.53000000E+00   8.37463823E+02
      49      26  Fe   1.40473548E+01   1.91280704E+00   1.80590444E+00   1.45000000E+00   9.92949007E+02
      50      48  Cd   1.40093304E+01   2.02616277E+00   5.93295941E+00   1.53000000E+00   1.20407203E+03
      51      48  Cd   1.36533469E+01   2.35652708E+00   1.02361107E+01   1.53000000E+00   1.08983457E+03
      52      30  Zn   1.33706257E+01   1.98997124E+00   1.38276603E+01   1.35000000E+00   1.15417636E+03
      53      30  Zn   1.36094920E+01   5.77219304E+00   2.42941370E+00   1.35000000E+00   1.31797967E+03
      54      26  Fe   1.35577528E+01   5.82762113E+00   5.86501929E+00   1.45000000E+00   1.08600555E+03
      55      30  Zn   1.39141279E+01   6.24277571E+00   9.79973893E+00   1.35000000E+00   6.13444610E+02
      56      24  Cr   1.39584204E+01   6.42761719E+00   1.43017362E+01   1.30000000E+00   2.94006355E+02
      57      30  Zn   1.44054866E+01   1.02365335E+01   2.09155277E+00   1.35000000E+00   1.18046003E+03
      58      48  Cd   1.41238486E+01   9.72387830E+00   6.21616111E+00   1.53000000E+00   1.26419869E+03
      59      30  Zn   1.44229684E+01   9.86720194E+00   9.97382148E+00   1.35000000E+00   8.77361816E+02
      60      26  Fe   1.41254213E+01   1.01511955E+01   1.47137209E+01   1.45000000E+00   6.17447476E+02
      61      26  Fe   1.41199553E+01   1.40053035E+01   1.92605391E+00   1.45000000E+00   6.18855573E+02
      62      26  Fe   1.38421375E+01   1.41226884E+01   5.99409933E+00   1.45000000E+00   1.48704970E+03
      63      30  Zn   1.40594755E+01   1.37393404E+01   9.85691545E+00   1.35000000E+00   4.03161721E+02
      64      48  Cd   1.39884616E+01   1.40687246E+01   1.39149897E+01   1.53000000E+00   1.21726732E+03



 time =  1.00000000E+02
   1.60000000E+01   0.00000000E+00   0.00000000E+00
   0.00000000E+00   1.60000000E+01   0.00000000E+00
   0.00000000E+00   0.00000000E+00   1.60000000E+01
      64
       1      24  Cr   2.27488294E+00   1.90657574E+00   2.07115850E+00   1.30000000E+00   1.25114959E+03
       2      26  Fe   1.94643982E+00   1.51996452E+00   5.61102539E+00   1.45000000E+00   1.10786768E+03
       3      48  Cd   1.81735604E+00   1.95688555E+00   1.06925077E+01   1.53000000E+00   8.09222440E+02
       4      24  Cr   2.09629640E+00   2.60242881E+00   1.38222442E+01   1.30000000E+00   1.08371129E+03
       5      24  Cr   2.06851557E+00   6.21186108E+00   1.78236304E+00   1.30000000E+00   1.39183186E+03
       6      26  Fe   1.91915332E+00   5.97430832E+00   6.01630857E+00   1.45000000E+00   1.61314215E+03
       7      24  Cr   1.65146513E+00   5.62341047E+00   9.72029060E+00   1.30000000E+00   1.28666888E+03
       8      26  Fe   2.36168900E+00   6.10573619E+00   1.38815333E+01   1.45000000E+00   1.05226824E+03
       9      26  Fe   2.43660339E+00   9.89584070E+00   2.68879698E+00   1.45000000E+00   1.19043916E+03
      10      48  Cd   2.01640848E+00   1.00959967E+01   5.91051367E+00   1.53000000E+00   8.41633858E+02
      11      26  Fe   1.61027701E+00   9.86192583E+00   9.82223428E+00   1.45000000E+00   6.11266863E+02
      12      30  Zn   2.42053897E+00   1.04152548E+01   1.39231783E+01   1.35000000E+00   3.91825343E+02
      13      26  Fe   1.72653239E+00   1.31387525E+01   1.57783763E+00   1.45000000E+00   1.52171108E+03
      14      30  Zn   2.24288600E+00   1.41651566E+01   5.20068287E+00   1.35000000E+00   5.79411108E+02
      15      24  Cr   2.17495144E+00   1.40717293E+01   1.02797507E+01   1.30000000E+00   8.22798704E+02
      16      48  Cd   9.65732727E-01   1.33800484E+01   1.39516113E+01   1.53000000E+00   6.80925555E+02
      17      48  Cd   5.99756722E+00   1.90993533E+00   2.20485004E+00   1.53000000E+00   1.08828268E+03
      18      30  Zn   6.04540966E+00   2.05585290E+00   6.23843130E+00   1.35000000E+00   9.68491281E+02
      19      26  Fe   5.78576245E+00   2.12491113E+00   1.05075259E+01   1.45000000E+00   4.81642990E+02
      20      24  Cr   6.45005791E+00   2.54269946E+00   1.40807528E+01   1.30000000E+00   8.95212381E+02
      21      48  Cd   6.24648830E+00   6.18287266E+00   2.78643509E+00   1.53000000E+00   6.84271764E+02
      22      24  Cr   5.73684393E+00   5.56925559E+00   6.51446964E+00   1.30000000E+00   6.46041970E+02
      23      24  Cr   5.86992596E+00   6.06490860E+00   1.01914150E+01   1.30000000E+00   1.32861457E+03
      24      30  Zn   6.02535018E+00   6.19385382E+00   1.47161094E+01   1.35000000E+00   1.01562816E+03
      25      26  Fe   5.99880552E+00   9.69152102E+00   1.61078180E+00   1.45000000E+00   1.22794914E+03
      26      30  Zn   5.72280680E+00   9.78557961E+00   6.30373132E+00   1.35000000E+00   1.36692295E+03
      27      30  Zn   6.19925177E+00   1.02314058E+01   9.67198599E+00   1.35000000E+00   1.20774140E+03
      28      30  Zn   5.85760089E+00   9.64686633E+00   1.40859323E+01   1.35000000E+00   4.24953006E+02
      29      48  Cd   6.43740932E+00   1.34819764E+01   2.13226027E+00   1.53000000E+00   6.65727857E+02
      30      30  Zn   6.06377818E+00   1.38495380E+01   6.21079112E+00   1.35000000E+00   1.07098780E+03
      31      48  Cd   5.83076360E+00   1.43055452E+01   1.03164495E+01   1.53000000E+00   1.04860421E+03
      32      24  Cr   6.13711974E+00   1.41521033E+01   1.39615701E+01   1.30000000E+00   1.07089061E+03
      33      24  Cr   9.33955855E+00   1.80633669E+00   1.97829907E+00   1.30000000E+00   9.87388242E+02
      34      24  Cr   1.05181120E+01   2.07451041E+00   5.90877611E+00   1.30000000E+00   1.29247255E+03
      35      26  Fe   9.92781865E+00   1.88426439E+00   1.06172618E+01   1.45000000E+00   1.14925919E+03
      36      24  Cr   1.04373207E+01   2.09682853E+00   1.44752711E+01   1.30000000E+00   1.05329663E+03
      37      48  Cd   1.01271417E+01   6.08234927E+00   1.92378829E+00   1.53000000E+00   4.48100327E+02
      38      26  Fe   1.00508544E+01   5.94520918E+00   5.69390874E+00   1.45000000E+00   7.93487232E+02
      39      48  Cd   1.04368525E+01   5.83305641E+00   1.05980233E+01   1.53000000E+00   7.77078323E+02
      40      48  Cd   9.89453371E+00   6.25068590E+00   1.41173826E+01   1.53000000E+00   6.21062656E+02
      41      30  Zn   1.03443000E+01   9.81738395E+00   2.01119995E+00   1.35000000E+00   9.64182500E+02
      42      26  Fe   1.04962075E+01   9.76869682E+00   5.91792822E+00   1.45000000E+00   8.63897763E+02
      43      30  Zn   9.51917855E+00   9.76332070E+00   1.04657665E+01   1.35000000E+00   1.02110106E+03
      44      30  Zn   9.97614481E+00   1.04077162E+01   1.40990525E+01   1.35000000E+00   1.49103266E+03
      45      30  Zn   1.02371338E+01   1.43039865E+01   2.10722035E+00   1.35000000E+00   6.49178815E+02
      46      26  Fe   1.02794279E+01   1.37946328E+01   6.34681748E+00   1.45000000E+00   1.42326686E+03
      47      24  Cr   9.84293260E+00   1.40591158E+01   9.90986605E+00   1.30000000E+00   1.19571554E+03
      48      48  Cd   9.75945411E+00   1.38236372E+01   1.34792071E+01   1.53000000E+00   1.30633272E+03
      49      26  Fe   1.42093843E+01   1.90658343E+00   1.41770287E+00   1.45000000E+00   5.36701651E+02
      50      48  Cd   1.41433784E+01   2.24878769E+00   6.23025602E+00   1.53000000E+00   1.21131059E+03
      51      48  Cd   1.36495913E+01   2.76474904E+00   1.02929005E+01   1.53000000E+00   1.27379670E+03
      52      30  Zn   1.33182539E+01   2.05363871E+00   1.35328906E+01   1.35000000E+00   7.02246046E+02
      53      30  Zn   1.34880549E+01   5.57318888E+00   1.84268574E+00   1.35000000E+00   1.08628982E+03
      54      26  Fe   1.31424127E+01   5.86497407E+00   5.89494017E+00   1.45000000E+00   1.21511429E+03
      55      30  Zn   1.38882498E+01   6.32309217E+00   9.49277739E+00   1.35000000E+00   1.05906889E+03
      56      24  Cr   1.40623313E+01   6.30054491E+00   1.43273355E+01   1.30000000E+00   1.12342367E+03
      57      30  Zn   1.45885784E+01   1.01632083E+01   1.90863890E+00   1.35000000E+00   6.13199777E+02
      58      48  Cd   1.41061262E+01   9.79462118E+00   6.07716624E+00   1.53000000E+00   7.96594215E+02
      59      30  Zn   1.44462424E+01   9.19740004E+00   9.80769345E+00   1.35000000E+00   4.28287392E+02
      60      26  Fe   1.42918906E+01   1.03096128E+01   1.50279356E+01   1.45000000E+00   1.04513002E+03
      61      26  Fe   1.37717510E+01   1.39671779E+01   1.89060647E+00   1.45000000E+00   1.24258894E+03
      62      26  Fe   1.38775937E+01   1.45922526E+01   6.07460036E+00   1.45000000E+00   1.07374439E+03
      63      30  Zn   1.39952188E+01   1.37457382E+01   1.01842711E+01   1.35000000E+00   1.11674645E+03
      64      48  Cd   1.40059843E+01   1.37123239E+01   1.34327887E+01   1.53000000E+00   7.74816746E+02



 time =  1.70000000E+02
   1.60000000E+01   0.00000000E+00   0.00000000E+00
   0.00000000E+00   1.60000000E+01   0.00000000E+00
   0.00000000E+00   0.00000000E+00   1.60000000E+01
      64
       1      24  Cr   2.20913310E+00   1.96684097E+00   2.40733531E+00   1.30000000E+00   5.17512907E+02
       2      26  Fe   2.40847907E+00   1.51941787E+00   5.73985838E+00   1.45000000E+00   2.90771623E+02
       3      48  Cd   1.64691536E+00   1.65509949E+00   1.09850196E+01   1.53000000E+00   1.10125218E+03
       4      24  Cr   2.08182354E+00   2.61123640E+00   1.36545024E+01   1.30000000E+00   4.18258602E+02
       5      24  Cr   2.35417333E+00   6.16690365E+00   1.76626650E+00   1.30000000E+00   7.06987652E+02
       6      26  Fe   1.71944254E+00   6.23000374E+00   6.10882465E+00   1.45000000E+00   8.56088925E+02
       7      24  Cr   1.85283801E+00   5.82345368E+00   9.76174247E+00   1.30000000E+00   9.11338751E+02
       8      26  Fe   2.39727910E+00   6.46476927E+00   1.41233380E+01   1.45000000E+00   9.93787783E+02
       9      26  Fe   1.89099697E+00   9.91940974E+00   2.75291208E+00   1.45000000E+00   9.65403717E+02
      10      48  Cd   2.01444963E+00   1.00695811E+01   5.93780334E+00   1.53000000E+00   1.04032666E+03
      11      26  Fe   1.47876873E+00   9.81197534E+00   9.54582383E+00   1.45000000E+00   1.20398290E+03
      12      30  Zn   2.76314778E+00   1.00650124E+01   1.38685100E+01   1.35000000E+00   4.96131306E+02
      13      26  Fe   1.91180225E+00   1.31526656E+01   1.64044596E+00   1.45000000E+00   8.16518445E+02
      14      30  Zn   2.29222812E+00   1.43619587E+01   5.41341592E+00   1.35000000E+00   1.14274754E+03
      15      24  Cr   1.73510521E+00   1.40930791E+01   9.99997490E+00   1.30000000E+00   1.17622727E+03
      16      48  Cd   6.99163206E-01   1.37233878E+01   1.41596794E+01   1.53000000E+00   8.78455260E+02
      17      48  Cd   6.08992772E+00   1.94792015E+00   2.33810080E+00   1.53000000E+00   8.04913896E+02
      18      30  Zn   6.45390117E+00   2.16806809E+00   5.93758888E+00   1.35000000E+00   2.54375837E+02
      19      26  Fe   5.66422853E+00   2.01173744E+00   1.02159177E+01   1.45000000E+00   1.27310326E+03
      20      24  Cr   6.20697251E+00   2.80692651E+00   1.39731855E+01   1.30000000E+00   1.06425167E+03
      21      48  Cd   6.46320408E+00   6.09656046E+00   3.05635475E+00   1.53000000E+00   1.05518300E+03
      22      24  Cr   5.85682219E+00   5.31282274E+00   6.26817443E+00   1.30000000E+00   1.04088672E+03
      23      24  Cr   5.83789590E+00   6.23584718E+00   9.78104039E+00   1.30000000E+00   9.89193035E+02
      24      30  Zn   5.90957884E+00   6.21079574E+00   1.49017341E+01   1.35000000E+00   3.79047621E+02
      25      26  Fe   5.80956992E+00   9.90480957E+00   1.86309001E+00   1.45000000E+00   1.16029331E+03
      26      30  Zn   5.58206546E+00   1.00285538E+01   6.30454541E+00   1.35000000E+00   1.20392783E+03
      27      30  Zn   5.55403008E+00   1.02383749E+01   9.39746795E+00   1.35000000E+00   1.08371395E+03
      28      30  Zn   5.64762762E+00   9.42098118E+00   1.39350732E+01   1.35000000E+00   1.07493509E+03
      29      48  Cd   6.33583280E+00   1.36916531E+01   2.12332090E+00   1.53000000E+00   1.03109821E+03
      30      30  Zn   6.05721150E+00   1.38039446E+01   6.25442317E+00   1.35000000E+00   9.61178432E+02
      31      48  Cd   5.65955461E+00   1.42971099E+01   1.07612363E+01   1.53000000E+00   9.04034429E+02
      32      24  Cr   5.74684336E+00   1.41443125E+01   1.33429931E+01   1.30000000E+00   8.98981268E+02
      33      24  Cr   9.90327342E+00   1.65942923E+00   1.72431875E+00   1.30000000E+00   1.14331283E+03
      34      24  Cr   1.04917227E+01   1.81478910E+00   6.22936905E+00   1.30000000E+00   1.25274873E+03
      35      26  Fe   1.02226862E+01   1.77037919E+00   1.01282138E+01   1.45000000E+00   1.34603948E+03
      36      24  Cr   1.10041077E+01   2.08314172E+00   1.45518443E+01   1.30000000E+00   8.88351442E+02
      37      48  Cd   1.05257293E+01   6.17783856E+00   1.52178175E+00   1.53000000E+00   1.35540070E+03
      38      26  Fe   1.00665411E+01   6.12282115E+00   5.75130535E+00   1.45000000E+00   8.97952718E+02
      39      48  Cd   1.04470878E+01   5.54200813E+00   1.11941017E+01   1.53000000E+00   6.50794353E+02
      40      48  Cd   9.82700466E+00   6.64277817E+00   1.40021216E+01   1.53000000E+00   1.11871827E+03
      41      30  Zn   9.88310986E+00   9.91165541E+00   1.76069118E+00   1.35000000E+00   7.26738870E+02
      42      26  Fe   1.04879049E+01   1.00229902E+01   6.01211959E+00   1.45000000E+00   9.47973618E+02
      43      30  Zn   9.48465623E+00   9.90948442E+00   1.03265313E+01   1.35000000E+00   5.79429622E+02
      44      30  Zn   1.03122321E+01   1.06977616E+01   1.39846375E+01   1.35000000E+00   1.09463275E+03
      45      30  Zn   1.00674847E+01   1.41518307E+01   2.15720175E+00   1.35000000E+00   1.03886756E+03
      46      26  Fe   1.01753212E+01   1.42799438E+01   6.44164379E+00   1.45000000E+00   1.01903141E+03
      47      24  Cr   9.90161323E+00   1.40608037E+01   9.20023612E+00   1.30000000E+00   8.50336654E+02
      48      48  Cd   9.84947079E+00   1.41944359E+01   1.38073082E+01   1.53000000E+00   9.69761085E+02
      49      26  Fe   1.41992355E+01   1.92219567E+00   1.30735035E+00   1.45000000E+00   9.86145969E+02
      50      48  Cd   1.45917394E+01   2.11225949E+00   5.96173847E+00   1.53000000E+00   7.94705785E+02
      51      48  Cd   1.36453307E+01   2.77827978E+00   9.82501427E+00   1.53000000E+00   9.77933250E+02
      52      30  Zn   1.33238486E+01   2.09230224E+00   1.32433844E+01   1.35000000E+00   5.53681922E+02
      53      30  Zn   1.34729994E+01   5.34471422E+00   1.81442493E+00   1.35000000E+00   8.90314724E+02
      54      26  Fe   1.30579383E+01   6.37521689E+00   5.54990279E+00   1.45000000E+00   7.21706521E+02
      55      30  Zn   1.39723629E+01   6.57779081E+00   9.85410487E+00   1.35000000E+00   8.34142921E+02
      56      24  Cr   1.40566729E+01   6.39455272E+00   1.43093856E+01   1.30000000E+00   9.48256812E+02
      57      30  Zn   1.46922413E+01   1.04470930E+01   2.14321687E+00   1.35000000E+00   1.01883251E+03
      58      48  Cd   1.38977988E+01   9.63730835E+00   6.51642262E+00   1.53000000E+00   1.11780214E+03
      59      30  Zn   1.44345651E+01   9.25576091E+00   9.67550375E+00   1.35000000E+00   9.57532810E+02
      60      26  Fe   1.43772539E+01   1.01722446E+01   1.52170145E+01   1.45000000E+00   9.09786841E+02
      61      26  Fe   1.36685031E+01   1.39163794E+01   1.97777553E+00   1.45000000E+00   9.48349200E+02
      62      26  Fe   1.36078793E+01   1.44881781E+01   6.22959631E+00   1.45000000E+00   1.21873523E+03
      63      30  Zn   1.40882261E+01   1.40753484E+01   1.02522966E+01   1.35000000E+00   1.12794637E+03
      64      48  Cd   1.40886929E+01   1.40351306E+01   1.31769967E+01   1.53000000E+00   1.16727408E+03



 time =  2.40000000E+02
   1.60000000E+01   0.00000000E+00   0.00000000E+00
   0.00000000E+00   1.60000000E+01   0.00000000E+00
   0.00000000E+00   0.00000000E+00   1.60000000E+01
      64
       1      24  Cr   1.98755645E+00   2.07624698E+00   2.07907149E+00   1.30000000E+00   1.12965563E+03
       2      26  Fe   2.29409160E+00   1.63971480E+00   5.74826872E+00   1.45000000E+00   9.44452974E+02
       3      48  Cd   1.19941708E+00   1.62535008E+00   1.10716259E+01   1.53000000E+00   7.65815702E+02
       4      24  Cr   2.09546130E+00   2.70016546E+00   1.34848925E+01   1.30000000E+00   8.08412758E+02
       5      24  Cr   2.26276759E+00   6.33597221E+00   1.65191005E+00   1.30000000E+00   1.05588301E+03
       6      26  Fe   1.29783840E+00   6.27901486E+00   6.26364195E+00   1.45000000E+00   9.82849553E+02
       7      24  Cr   2.08998043E+00   6.09033705E+00   9.81798186E+00   1.30000000E+00   1.36903029E+03
       8      26  Fe   2.57137299E+00   6.50987194E+00   1.41500915E+01   1.45000000E+00   1.09400242E+03
       9      26  Fe   2.48635993E+00   9.92007529E+00   2.82851090E+00   1.45000000E+00   7.05114350E+02
      10      48  Cd   2.07020189E+00   9.70681452E+00   5.66413289E+00   1.53000000E+00   5.41772290E+02
      11      26  Fe   1.62126993E+00   9.79636721E+00   9.90136688E+00   1.45000000E+00   7.54144220E+02
      12      30  Zn   2.87679790E+00   1.04391725E+01   1.38896551E+01   1.35000000E+00   8.82728784E+02
      13      26  Fe   2.08265093E+00   1.31993029E+01   1.85359025E+00   1.45000000E+00   1.34367247E+03
      14      30  Zn   2.19295979E+00   1.45905845E+01   5.93847378E+00   1.35000000E+00   9.18693031E+02
      15      24  Cr   1.76757258E+00   1.40594589E+01   9.96729372E+00   1.30000000E+00   1.58291097E+03
      16      48  Cd   5.70707998E-01   1.37852976E+01   1.41343325E+01   1.53000000E+00   1.05126698E+03
      17      48  Cd   6.17358613E+00   1.72523634E+00   2.34846228E+00   1.53000000E+00   9.30280690E+02
      18      30  Zn   6.60813778E+00   2.29086257E+00   5.95490301E+00   1.35000000E+00   5.36749491E+02
      19      26  Fe   5.73481510E+00   1.68843028E+00   1.05031823E+01   1.45000000E+00   1.05412250E+03
      20      24  Cr   6.21346621E+00   2.71367747E+00   1.39905670E+01   1.30000000E+00   1.03263157E+03
      21      48  Cd   6.25540925E+00   6.18451225E+00   2.86966906E+00   1.53000000E+00   5.80426319E+02
      22      24  Cr   6.01716309E+00   5.34606396E+00   5.80543967E+00   1.30000000E+00   8.84739492E+02
      23      24  Cr   5.89151759E+00   5.93124327E+00   9.79712418E+00   1.30000000E+00   1.50885709E+03
      24      30  Zn   5.91028073E+00   5.76653220E+00   1.50254602E+01   1.35000000E+00   1.23355605E+03
      25      26  Fe   5.52097444E+00   9.29068980E+00   1.68911727E+00   1.45000000E+00   1.07802154E+03
      26      30  Zn   5.63123107E+00   9.88081888E+00   6.73487740E+00   1.35000000E+00   1.23470059E+03
      27      30  Zn   5.69357608E+00   1.01728190E+01   9.39239697E+00   1.35000000E+00   7.93959751E+02
      28      30  Zn   5.64492043E+00   9.39931502E+00   1.41362659E+01   1.35000000E+00   8.79912593E+02
      29      48  Cd   6.93611424E+00   1.37170014E+01   1.91516444E+00   1.53000000E+00   8.69520010E+02
      30      30  Zn   6.05775805E+00   1.37987649E+01   6.90127008E+00   1.35000000E+00   7.76130772E+02
      31      48  Cd   5.94833835E+00   1.40929716E+01   1.06318335E+01   1.53000000E+00   1.30475554E+03
      32      24  Cr   5.98273980E+00   1.40287961E+01   1.31009433E+01   1.30000000E+00   1.12098041E+03
      33      24  Cr   9.51136741E+00   1.68926826E+00   1.33357431E+00   1.30000000E+00   5.99419733E+02
      34      24  Cr   1.04885987E+01   1.74091544E+00   6.93066102E+00   1.30000000E+00   1.74924540E+02
      35      26  Fe   1.01180948E+01   1.74375353E+00   1.02250672E+01   1.45000000E+00   1.23905285E+03
      36      24  Cr   1.04313582E+01   1.94027064E+00   1.45363193E+01   1.30000000E+00   1.11979386E+03
      37      48  Cd   1.05505790E+01   6.70972694E+00   1.90473092E+00   1.53000000E+00   1.15406005E+03
      38      26  Fe   1.02554348E+01   5.77063316E+00   6.06779960E+00   1.45000000E+00   1.10553027E+03
      39      48  Cd   1.07871431E+01   5.50751878E+00   1.11777050E+01   1.53000000E+00   8.38254152E+02
      40      48  Cd   9.84190458E+00   6.15861016E+00   1.39916690E+01   1.53000000E+00   7.41373819E+02
      41      30  Zn   9.67640038E+00   1.01054826E+01   1.59971911E+00   1.35000000E+00   5.17343626E+02
      42      26  Fe   1.04425392E+01   1.02476510E+01   5.94845994E+00   1.45000000E+00   5.83906849E+02
      43      30  Zn   1.00129139E+01   9.93435429E+00   1.03926268E+01   1.35000000E+00   1.57648211E+02
      44      30  Zn   1.06284767E+01   1.08556712E+01   1.37336286E+01   1.35000000E+00   8.43071286E+02
      45      30  Zn   1.06663956E+01   1.41398989E+01   2.14984914E+00   1.35000000E+00   6.96718672E+02
      46      26  Fe   1.00767665E+01   1.44994541E+01   6.54577741E+00   1.45000000E+00   6.56431273E+02
      47      24  Cr   1.01627219E+01   1.38817319E+01   9.63968774E+00   1.30000000E+00   7.34039741E+02
      48      48  Cd   9.47292698E+00   1.39995130E+01   1.38806434E+01   1.53000000E+00   1.10228440E+03
      49      26  Fe   1.45038241E+01   1.66798369E+00   1.24302019E+00   1.45000000E+00   1.38700731E+03
      50      48  Cd   1.42076644E+01   2.52232066E+00   6.00573012E+00   1.53000000E+00   9.26853351E+02
      51      48  Cd   1.40347444E+01   2.57170212E+00   9.96790609E+00   1.53000000E+00   1.17442121E+03
      52      30  Zn   1.37165512E+01   2.09639139E+00   1.33963071E+01   1.35000000E+00   8.91249567E+02
      53      30  Zn   1.33540553E+01   5.10804608E+00   1.66819825E+00   1.35000000E+00   6.74300691E+02
      54      26  Fe   1.29960649E+01   6.13855365E+00   5.65820705E+00   1.45000000E+00   6.33881491E+02
      55      30  Zn   1.34142707E+01   6.50725173E+00   9.78116223E+00   1.35000000E+00   7.85959658E+02
      56      24  Cr   1.39772702E+01   6.38239118E+00   1.44064773E+01   1.30000000E+00   1.12037345E+03
      57      30  Zn   1.51054761E+01   1.05317526E+01   2.24343808E+00   1.35000000E+00   9.29860390E+02
      58      48  Cd   1.38742227E+01   9.07802980E+00   6.45077107E+00   1.53000000E+00   7.09358739E+02
      59      30  Zn   1.43056226E+01   9.51358189E+00   9.61413030E+00   1.35000000E+00   1.29857284E+03
      60      26  Fe   1.47051113E+01   1.02181108E+01   1.51666891E+01   1.45000000E+00   1.25997474E+03
      61      26  Fe   1.39551157E+01   1.39124684E+01   2.01176206E+00   1.45000000E+00   1.20800129E+03
      62      26  Fe   1.36488877E+01   1.43579679E+01   6.13394592E+00   1.45000000E+00   1.20331219E+03
      63      30  Zn   1.44802343E+01   1.38769408E+01   1.06035233E+01   1.35000000E+00   1.44361164E+03
      64      48  Cd   1.37970438E+01   1.36903432E+01   1.33265023E+01   1.53000000E+00   1.23151176E+03



 time =  3.10000000E+02
   1.60000000E+01   0.00000000E+00   0.00000000E+00
   0.00000000E+00   1.60000000E+01   0.00000000E+00
   0.00000000E+00   0.00000000E+00   1.60000000E+01
      64
       1      24  Cr   2.34054315E+00   2.49382261E+00   2.08967935E+00   1.30000000E+00   1.03791934E+03
       2      26  Fe   2.41151078E+00   1.92123127E+00   6.16258258E+00   1.45000000E+00   1.35606431E+03
       3      48  Cd   8.63717777E-01   1.68125324E+00   1.10705470E+01   1.53000000E+00   9.87453543E+02
       4      24  Cr   2.45095992E+00   2.67059580E+00   1.34415709E+01   1.30000000E+00   1.08060348E+03
       5      24  Cr   2.49524417E+00   6.72527901E+00   2.02805177E+00   1.30000000E+00   1.07347822E+03
       6      26  Fe   9.62634821E-01   6.10199860E+00   6.71312672E+00   1.45000000E+00   1.43225863E+03
       7      24  Cr   1.65490851E+00   6.32890830E+00   9.84248819E+00   1.30000000E+00   1.55170351E+02
       8      26  Fe   2.63555409E+00   6.37669112E+00   1.35957438E+01   1.45000000E+00   7.73111222E+02
       9      26  Fe   2.46359247E+00   1.04495310E+01   2.69766795E+00   1.45000000E+00   1.08521518E+03
      10      48  Cd   1.65611451E+00   9.44770382E+00   6.07765551E+00   1.53000000E+00   3.66756724E+02
      11      26  Fe   1.70951271E+00   9.50314196E+00   9.94535286E+00   1.45000000E+00   1.15481781E+03
      12      30  Zn   2.82863939E+00   1.07719116E+01   1.40426082E+01   1.35000000E+00   1.18691863E+03
      13      26  Fe   1.93357675E+00   1.33384661E+01   2.44441421E+00   1.45000000E+00   1.09965505E+03
      14      30  Zn   2.15507591E+00   1.46861487E+01   6.20332683E+00   1.35000000E+00   3.40077541E+02
      15      24  Cr   1.82384177E+00   1.44807016E+01   9.96541266E+00   1.30000000E+00   1.09240407E+03
      16      48  Cd   5.00022381E-01   1.36459016E+01   1.40700118E+01   1.53000000E+00   1.00009932E+03
      17      48  Cd   6.26542604E+00   2.17015735E+00   2.40344967E+00   1.53000000E+00   8.54072109E+02
      18      30  Zn   6.26294435E+00   2.06715395E+00   6.10322651E+00   1.35000000E+00   1.50117770E+03
      19      26  Fe   5.92880687E+00   1.84074521E+00   1.04084729E+01   1.45000000E+00   9.91102295E+02
      20      24  Cr   6.25364423E+00   2.63160197E+00   1.43056890E+01   1.30000000E+00   1.15356813E+03
      21      48  Cd   6.15733375E+00   6.52343084E+00   2.98789035E+00   1.53000000E+00   1.22740339E+03
      22      24  Cr   6.17100034E+00   5.32825921E+00   5.50706590E+00   1.30000000E+00   7.29994933E+02
      23      24  Cr   5.54308542E+00   6.20474921E+00   9.43484911E+00   1.30000000E+00   1.16266396E+03
      24      30  Zn   6.29970122E+00   6.00775895E+00   1.52906745E+01   1.35000000E+00   1.43671599E+03
      25      26  Fe   5.59853442E+00   9.18574346E+00   1.71910670E+00   1.45000000E+00   7.37176061E+02
      26      30  Zn   5.56598183E+00   1.00212989E+01   6.47726685E+00   1.35000000E+00   8.86448895E+02
      27      30  Zn   5.38016176E+00   1.01028822E+01   9.27000465E+00   1.35000000E+00   6.46443428E+02
      28      30  Zn   5.36775227E+00   9.38306617E+00   1.42624845E+01   1.35000000E+00   9.09037237E+02
      29      48  Cd   6.82956426E+00   1.35761033E+01   1.26412421E+00   1.53000000E+00   9.60355717E+02
      30      30  Zn   6.05561489E+00   1.36916909E+01   6.37463352E+00   1.35000000E+00   1.15099080E+03
      31      48  Cd   5.79022872E+00   1.44644832E+01   1.06578987E+01   1.53000000E+00   1.12083998E+03
      32      24  Cr   5.79450753E+00   1.36966189E+01   1.33252143E+01   1.30000000E+00   9.60458037E+02
      33      24  Cr   9.65082026E+00   1.96519693E+00   1.35977087E+00   1.30000000E+00   8.38693650E+02
      34      24  Cr   1.07910031E+01   1.82796659E+00   7.20605807E+00   1.30000000E+00   1.14501013E+03
      35      26  Fe   1.02084833E+01   1.48389451E+00   9.78049533E+00   1.45000000E+00   1.55135723E+03
      36      24  Cr   1.05639680E+01   1.62557404E+00   1.45117462E+01   1.30000000E+00   1.01935750E+03
      37      48  Cd   1.04443123E+01   6.87716171E+00   1.89472666E+00   1.53000000E+00   1.01141667E+03
      38      26  Fe   1.07827181E+01   5.92286908E+00   6.03650034E+00   1.45000000E+00   6.96726776E+02
      39      48  Cd   1.09600756E+01   5.39059376E+00   1.10151891E+01   1.53000000E+00   3.43862904E+02
      40      48  Cd   9.72094935E+00   6.18233716E+00   1.36639209E+01   1.53000000E+00   6.14409475E+02
      41      30  Zn   9.33791671E+00   9.77284099E+00   1.84301655E+00   1.35000000E+00   6.48461211E+02
      42      26  Fe   1.05845624E+01   1.01185507E+01   5.94805443E+00   1.45000000E+00   8.55077616E+02
      43      30  Zn   9.88750334E+00   1.04363287E+01   1.03417339E+01   1.35000000E+00   5.32344520E+02
      44      30  Zn   1.08276210E+01   1.05772270E+01   1.40577401E+01   1.35000000E+00   6.52823162E+02
      45      30  Zn   1.06023704E+01   1.42585788E+01   1.76554128E+00   1.35000000E+00   1.06055096E+03
      46      26  Fe   9.80585283E+00   1.45712910E+01   5.99635893E+00   1.45000000E+00   4.43248442E+02
      47      24  Cr   1.05065117E+01   1.38867360E+01   9.54828444E+00   1.30000000E+00   1.28083275E+03
      48      48  Cd   9.31801744E+00   1.38399288E+01   1.40989657E+01   1.53000000E+00   7.01810246E+02
      49      26  Fe   1.49577080E+01   2.02149842E+00   1.36963782E+00   1.45000000E+00   1.12148799E+03
      50      48  Cd   1.42726782E+01   2.39028467E+00   5.74310395E+00   1.53000000E+00   9.40888185E+02
      51      48  Cd   1.39268389E+01   2.50299184E+00   9.78162971E+00   1.53000000E+00   1.05318650E+03
      52      30  Zn   1.35180212E+01   2.15331397E+00   1.32250764E+01   1.35000000E+00   9.68670319E+02
      53      30  Zn   1.33197671E+01   5.32686710E+00   1.37058562E+00   1.35000000E+00   1.05089930E+03
      54      26  Fe   1.30569698E+01   6.37540655E+00   5.89852725E+00   1.45000000E+00   4.05306433E+02
      55      30  Zn   1.33660936E+01   6.67821826E+00   9.88750863E+00   1.35000000E+00   9.77802441E+02
      56      24  Cr   1.41049682E+01   6.53426099E+00   1.43861266E+01   1.30000000E+00   1.15368427E+03
      57      30  Zn   1.53318141E+01   1.05336125E+01   2.46424262E+00   1.35000000E+00   1.21422897E+03
      58      48  Cd   1.38934778E+01   8.63937886E+00   6.44598425E+00   1.53000000E+00   8.55036072E+02
      59      30  Zn   1.42191677E+01   9.14829640E+00   9.68112850E+00   1.35000000E+00   1.29849113E+03
      60      26  Fe   1.46635594E+01   1.08399779E+01   1.51479154E+01   1.45000000E+00   7.11042210E+02
      61      26  Fe   1.38397611E+01   1.37834297E+01   1.91597882E+00   1.45000000E+00   1.31234677E+03
      62      26  Fe   1.36533640E+01   1.39689487E+01   5.87536528E+00   1.45000000E+00   1.23128461E+03
      63      30  Zn   1.43134203E+01   1.39429314E+01   1.05756965E+01   1.35000000E+00   5.61379067E+02
      64      48  Cd   1.33984244E+01   1.32499707E+01   1.33761912E+01   1.53000000E+00   8.33789650E+02



 time =  3.80000000E+02
   1.60000000E+01   0.00000000E+00   0.00000000E+00
   0.00000000E+00   1.60000000E+01   0.00000000E+00
   0.00000000E+00   0.00000000E+00   1.60000000E+01
      64
       1      24  Cr   2.61280976E+00   2.58914780E+00   2.73383276E+00   1.30000000E+00   1.02510254E+03
       2      26  Fe   2.11102691E+00   1.92919325E+00   5.72419913E+00   1.45000000E+00   1.16137122E+03
       3      48  Cd   5.54423055E-01   1.70893267E+00   1.11403008E+01   1.53000000E+00   9.63865974E+02
       4      24  Cr   2.22716826E+00   2.73747398E+00   1.31351737E+01   1.30000000E+00   1.08078078E+03
       5      24  Cr   2.26034270E+00   6.70404127E+00   1.67131471E+00   1.30000000E+00   1.32588308E+03
       6      26  Fe   1.02452788E+00   5.70167198E+00   7.06482562E+00   1.45000000E+00   1.31466348E+03
       7      24  Cr   1.40926956E+00   6.38235215E+00   9.93088358E+00   1.30000000E+00   1.24717100E+03
       8      26  Fe   2.60103452E+00   6.37139734E+00   1.38295797E+01   1.45000000E+00   9.90287227E+02
       9      26  Fe   2.70651286E+00   1.04618230E+01   2.63454416E+00   1.45000000E+00   8.74074638E+02
      10      48  Cd   1.70797458E+00   9.18960260E+00   6.15454336E+00   1.53000000E+00   1.08569747E+03
      11      26  Fe   1.91895343E+00   9.47540741E+00   9.94437974E+00   1.45000000E+00   1.31579785E+03
      12      30  Zn   2.89147909E+00   1.09809005E+01   1.44688860E+01   1.35000000E+00   8.92075517E+02
      13      26  Fe   2.20160146E+00   1.34518827E+01   2.36271899E+00   1.45000000E+00   1.07644869E+03
      14      30  Zn   1.86637756E+00   1.43714867E+01   6.26556325E+00   1.35000000E+00   1.20027388E+03
      15      24  Cr   1.83072479E+00   1.44794393E+01   9.92869417E+00   1.30000000E+00   9.71010460E+02
      16      48  Cd   4.90810377E-01   1.35331439E+01   1.36189028E+01   1.53000000E+00   9.59743428E+02
      17      48  Cd   6.26838193E+00   2.40841458E+00   2.67971438E+00   1.53000000E+00   1.10863424E+03
      18      30  Zn   6.32895330E+00   1.81833364E+00   5.83406206E+00   1.35000000E+00   1.32385638E+03
      19      26  Fe   5.86764792E+00   1.28282887E+00   9.99749147E+00   1.45000000E+00   1.09712448E+03
      20      24  Cr   6.27134115E+00   2.94088720E+00   1.42997530E+01   1.30000000E+00   1.05684095E+03
      21      48  Cd   6.29573952E+00   6.44137454E+00   2.80576283E+00   1.53000000E+00   1.28957547E+03
      22      24  Cr   6.14351491E+00   5.13382874E+00   6.05309421E+00   1.30000000E+00   9.74821321E+02
      23      24  Cr   5.77677950E+00   6.15183290E+00   9.80552217E+00   1.30000000E+00   3.59561277E+02
      24      30  Zn   6.47962904E+00   6.19516524E+00   1.52385078E+01   1.35000000E+00   1.29703314E+03
      25      26  Fe   5.42243440E+00   9.02345496E+00   1.44124171E+00   1.45000000E+00   1.06424630E+03
      26      30  Zn   6.06633921E+00   9.74239729E+00   6.49077695E+00   1.35000000E+00   1.03998347E+03
      27      30  Zn   5.30469127E+00   1.04849317E+01   9.04429927E+00   1.35000000E+00   1.21523714E+03
      28      30  Zn   5.59364045E+00   9.09669144E+00   1.38636946E+01   1.35000000E+00   1.19418638E+03
      29      48  Cd   6.67786700E+00   1.34850475E+01   1.31564379E+00   1.53000000E+00   1.15450856E+03
      30      30  Zn   6.24762839E+00   1.43594743E+01   6.28289950E+00   1.35000000E+00   4.41065900E+02
      31      48  Cd   5.78734553E+00   1.43519894E+01   1.05707450E+01   1.53000000E+00   8.15709149E+02
      32      24  Cr   5.70096582E+00   1.39009605E+01   1.28777128E+01   1.30000000E+00   1.04202829E+03
      33      24  Cr   9.76742682E+00   1.33011705E+00   1.14949378E+00   1.30000000E+00   2.90489532E+02
      34      24  Cr   1.09585190E+01   1.86905886E+00   6.78341837E+00   1.30000000E+00   1.16843088E+03
      35      26  Fe   1.00874096E+01   1.20103145E+00   9.75166539E+00   1.45000000E+00   9.68413283E+02
      36      24  Cr   1.03470635E+01   1.75939916E+00   1.46709051E+01   1.30000000E+00   1.05811262E+03
      37      48  Cd   1.03364489E+01   7.05826336E+00   1.93795740E+00   1.53000000E+00   9.15756945E+02
      38      26  Fe   1.07863184E+01   5.91285406E+00   6.05336717E+00   1.45000000E+00   1.00889471E+03
      39      48  Cd   1.10220182E+01   5.00707882E+00   1.08434460E+01   1.53000000E+00   7.19634038E+02
      40      48  Cd   9.43382058E+00   6.23940749E+00   1.37093583E+01   1.53000000E+00   5.29014458E+02
      41      30  Zn   9.41830726E+00   9.39154497E+00   1.65173599E+00   1.35000000E+00   1.47379321E+03
      42      26  Fe   1.06305099E+01   1.02382988E+01   5.95032215E+00   1.45000000E+00   1.29543891E+03
      43      30  Zn   9.97231409E+00   1.04381542E+01   9.69223984E+00   1.35000000E+00   4.73491633E+02
      44      30  Zn   1.06835116E+01   1.05438863E+01   1.40132533E+01   1.35000000E+00   9.83199058E+02
      45      30  Zn   1.01870492E+01   1.42298540E+01   2.16070455E+00   1.35000000E+00   7.18355268E+02
      46      26  Fe   1.00938660E+01   1.46864316E+01   6.04057323E+00   1.45000000E+00   7.67969283E+02
      47      24  Cr   1.04833660E+01   1.35923279E+01   9.28347843E+00   1.30000000E+00   9.91804538E+02
      48      48  Cd   9.60936735E+00   1.36581236E+01   1.40467664E+01   1.53000000E+00   7.89530162E+02
      49      26  Fe   1.46794251E+01   2.06351653E+00   1.52111141E+00   1.45000000E+00   1.38609423E+03
      50      48  Cd   1.37118929E+01   2.53405117E+00   5.79262314E+00   1.53000000E+00   1.25210775E+03
      51      48  Cd   1.39569137E+01   2.27359290E+00   9.74135461E+00   1.53000000E+00   8.49806084E+02
      52      30  Zn   1.34347579E+01   1.63421892E+00   1.36601374E+01   1.35000000E+00   1.31011547E+03
      53      30  Zn   1.31550931E+01   5.48776531E+00   1.25086106E+00   1.35000000E+00   1.16667972E+03
      54      26  Fe   1.30576135E+01   6.50012113E+00   5.97499955E+00   1.45000000E+00   9.76540648E+02
      55      30  Zn   1.37680089E+01   6.70210223E+00   9.33058804E+00   1.35000000E+00   5.98691679E+02
      56      24  Cr   1.38277107E+01   6.89586676E+00   1.45225934E+01   1.30000000E+00   1.27666261E+03
      57      30  Zn   1.57336657E+01   1.04050664E+01   2.48040825E+00   1.35000000E+00   1.54578822E+03
      58      48  Cd   1.37177115E+01   8.36346190E+00   6.40389173E+00   1.53000000E+00   1.08750891E+03
      59      30  Zn   1.38195215E+01   9.16499878E+00   9.46777652E+00   1.35000000E+00   1.23553990E+03
      60      26  Fe   1.47213527E+01   1.06783443E+01   1.49126228E+01   1.45000000E+00   1.03040257E+03
      61      26  Fe   1.34380578E+01   1.37373047E+01   1.81250928E+00   1.45000000E+00   9.98847084E+02
      62      26  Fe   1.38835181E+01   1.45284069E+01   5.92135118E+00   1.45000000E+00   6.46386777E+02
      63      30  Zn   1.46527360E+01   1.39790146E+01   1.05697606E+01   1.35000000E+00   8.22205906E+02
      64      48  Cd   1.35985974E+01   1.32067098E+01   1.31746180E+01   1.53000000E+00   1.53000615E+03



 time =  4.50000000E+02
   1.60000000E+01   0.00000000E+00   0.00000000E+00
   0.00000000E+00   1.60000000E+01   0.00000000E+00
   0.00000000E+00   0.00000000E+00   1.60000000E+01
      64
       1      24  Cr   2.85491124E+00   2.72188507E+00   2.98847527E+00   1.30000000E+00   9.22833146E+02
       2      26  Fe   2.29535342E+00   2.26736574E+00   6.02933527E+00   1.45000000E+00   1.29876529E+03
       3      48  Cd   1.09525836E+00   1.77234293E+00   1.12984473E+01   1.53000000E+00   1.08944100E+03
       4      24  Cr   2.27032803E+00   3.05913748E+00   1.32963747E+01   1.30000000E+00   1.05456102E+03
       5      24  Cr   2.59114960E+00   6.79826942E+00   1.82466222E+00   1.30000000E+00   1.23280161E+03
       6      26  Fe   5.22426850E-01   6.09013347E+00   6.82254068E+00   1.45000000E+00   6.45828085E+02
       7      24  Cr   1.09053423E+00   6.20072306E+00   9.75390873E+00   1.30000000E+00   1.10163644E+03
       8      26  Fe   2.81118086E+00   6.25564848E+00   1.39690734E+01   1.45000000E+00   7.14841784E+02
       9      26  Fe   2.57458449E+00   1.01487224E+01   2.75369915E+00   1.45000000E+00   6.27023921E+02
      10      48  Cd   1.66038672E+00   9.25853264E+00   6.38318465E+00   1.53000000E+00   9.74558548E+02
      11      26  Fe   2.05385911E+00   9.68087244E+00   9.86577692E+00   1.45000000E+00   1.03488351E+03
      12      30  Zn   2.98492732E+00   1.08884966E+01   1.46362042E+01   1.35000000E+00   9.78087196E+02
      13      26  Fe   1.77069088E+00   1.36599135E+01   1.94502859E+00   1.45000000E+00   1.15334615E+03
      14      30  Zn   1.94780421E+00   1.45965298E+01   6.31369158E+00   1.35000000E+00   5.45327418E+02
      15      24  Cr   1.95490190E+00   1.49655852E+01   1.00088667E+01   1.30000000E+00   1.05406730E+03
      16      48  Cd   6.27379455E-01   1.36340244E+01   1.35324216E+01   1.53000000E+00   1.02920290E+03
      17      48  Cd   6.20862488E+00   2.38676592E+00   2.57492255E+00   1.53000000E+00   4.00216711E+02
      18      30  Zn   6.53014645E+00   2.16710273E+00   5.70910475E+00   1.35000000E+00   9.65593411E+02
      19      26  Fe   6.12943362E+00   9.18458975E-01   1.00810052E+01   1.45000000E+00   1.28547949E+03
      20      24  Cr   6.13374775E+00   2.58947582E+00   1.39108361E+01   1.30000000E+00   1.34624750E+03
      21      48  Cd   6.56114217E+00   6.45915475E+00   2.77590267E+00   1.53000000E+00   9.54094518E+02
      22      24  Cr   5.97163265E+00   5.16434492E+00   6.49900161E+00   1.30000000E+00   1.18292204E+03
      23      24  Cr   5.67768044E+00   6.21155946E+00   1.00566890E+01   1.30000000E+00   1.02850724E+03
      24      30  Zn   6.95549500E+00   5.99551607E+00   1.48607366E+01   1.35000000E+00   9.77185264E+02
      25      26  Fe   5.52791435E+00   8.45759368E+00   1.08726055E+00   1.45000000E+00   7.91060378E+02
      26      30  Zn   5.61061028E+00   9.74821920E+00   6.39027867E+00   1.35000000E+00   8.69258374E+02
      27      30  Zn   5.22228834E+00   1.06319802E+01   9.03026746E+00   1.35000000E+00   8.58200882E+02
      28      30  Zn   5.68635662E+00   9.09477884E+00   1.39293474E+01   1.35000000E+00   1.07647483E+03
      29      48  Cd   6.48448694E+00   1.32626405E+01   1.53258434E+00   1.53000000E+00   1.22319584E+03
      30      30  Zn   6.11318812E+00   1.44067972E+01   6.16300628E+00   1.35000000E+00   9.30675463E+02
      31      48  Cd   5.57659751E+00   1.44492054E+01   1.06721484E+01   1.53000000E+00   5.79847372E+02
      32      24  Cr   5.42723674E+00   1.39906426E+01   1.32324064E+01   1.30000000E+00   9.29808812E+02
      33      24  Cr   9.97192414E+00   1.01871828E+00   1.32221301E+00   1.30000000E+00   1.40117362E+03
      34      24  Cr   1.08734688E+01   1.47442572E+00   6.70439423E+00   1.30000000E+00   3.23150313E+02
      35      26  Fe   1.03000822E+01   8.29040696E-01   9.79439954E+00   1.45000000E+00   1.05289409E+03
      36      24  Cr   1.06035065E+01   1.92463826E+00   1.46318577E+01   1.30000000E+00   1.00359497E+03
      37      48  Cd   1.02850064E+01   7.02723277E+00   2.29897319E+00   1.53000000E+00   6.18880951E+02
      38      26  Fe   1.05801625E+01   6.07549866E+00   6.07592380E+00   1.45000000E+00   1.21028560E+02
      39      48  Cd   1.13849362E+01   4.76698754E+00   1.07980439E+01   1.53000000E+00   1.17258934E+03
      40      48  Cd   9.51836182E+00   5.83917927E+00   1.34624467E+01   1.53000000E+00   1.02586125E+03
      41      30  Zn   9.29604724E+00   9.35961680E+00   1.26035164E+00   1.35000000E+00   1.13376013E+03
      42      26  Fe   1.04626338E+01   9.71101778E+00   6.05472402E+00   1.45000000E+00   1.29553534E+03
      43      30  Zn   9.59951803E+00   1.06273375E+01   9.45458709E+00   1.35000000E+00   1.35502372E+03
      44      30  Zn   1.05874649E+01   1.09045337E+01   1.39352122E+01   1.35000000E+00   1.07233853E+03
      45      30  Zn   1.05547285E+01   1.39629352E+01   1.86637226E+00   1.35000000E+00   9.00816525E+02
      46      26  Fe   9.76056223E+00   1.51283299E+01   6.04266436E+00   1.45000000E+00   1.05571548E+03
      47      24  Cr   1.03688947E+01   1.38493369E+01   9.41581274E+00   1.30000000E+00   1.15613559E+03
      48      48  Cd   9.62769583E+00   1.40871152E+01   1.45088120E+01   1.53000000E+00   8.13217946E+02
      49      26  Fe   1.45065842E+01   1.91939539E+00   1.56987722E+00   1.45000000E+00   1.20098948E+03
      50      48  Cd   1.37530133E+01   2.76759088E+00   6.06454387E+00   1.53000000E+00   3.83935613E+02
      51      48  Cd   1.41655644E+01   2.28050365E+00   9.89882390E+00   1.53000000E+00   7.13398050E+02
      52      30  Zn   1.33418409E+01   1.52445072E+00   1.37485521E+01   1.35000000E+00   8.88772551E+02
      53      30  Zn   1.29667791E+01   5.50100858E+00   1.51213548E+00   1.35000000E+00   6.93191285E+02
      54      26  Fe   1.37238469E+01   6.52042177E+00   5.97365355E+00   1.45000000E+00   9.74613861E+02
      55      30  Zn   1.36950778E+01   6.87289170E+00   9.57859763E+00   1.35000000E+00   1.20344628E+03
      56      24  Cr   1.38873691E+01   6.88462329E+00   1.38248068E+01   1.30000000E+00   1.00086566E+03
      57      30  Zn   1.57283965E+01   1.00241363E+01   2.53785275E+00   1.35000000E+00   6.23840880E+02
      58      48  Cd   1.37833945E+01   8.45447946E+00   6.36866129E+00   1.53000000E+00   9.21305349E+02
      59      30  Zn   1.37685653E+01   8.96458411E+00   9.33562034E+00   1.35000000E+00   4.82274479E+02
      60      26  Fe   1.47983355E+01   1.07521879E+01   1.51030800E+01   1.45000000E+00   1.05361060E+03
      61      26  Fe   1.33593270E+01   1.38389517E+01   1.98438244E+00   1.45000000E+00   6.80845315E+02
      62      26  Fe   1.38164081E+01   1.47449975E+01   5.62979738E+00   1.45000000E+00   1.43323421E+03
      63      30  Zn   1.40466422E+01   1.41206713E+01   1.05055098E+01   1.35000000E+00   3.98592689E+02
      64      48  Cd   1.37856555E+01   1.32205685E+01   1.33943282E+01   1.53000000E+00   8.69150011E+02



 time =  5.20000000E+02
   1.60000000E+01   0.00000000E+00   0.00000000E+00
   0.00000000E+00   1.60000000E+01   0.00000000E+00
   0.00000000E+00   0.00000000E+00   1.60000000E+01
      64
       1      24  Cr   3.34932491E+00   2.23546052E+00   2.97245519E+00   1.30000000E+00   1.31784811E+03
       2      26  Fe   2.67662316E+00   2.33459256E+00   5.70851436E+00   1.45000000E+00   1.12214938E+03
       3      48  Cd   1.29899884E+00   1.72310860E+00   1.14506795E+01   1.53000000E+00   1.24567402E+03
       4      24  Cr   2.52935524E+00   2.95275568E+00   1.35412855E+01   1.30000000E+00   7.56886240E+02
       5      24  Cr   2.95609479E+00   6.90353214E+00   1.89407822E+00   1.30000000E+00   8.55029799E+02
       6      26  Fe   5.11064161E-01   5.77527409E+00   6.51436213E+00   1.45000000E+00   1.11698874E+03
       7      24  Cr   1.34779807E+00   6.19646289E+00   9.98012380E+00   1.30000000E+00   1.19740984E+03
       8      26  Fe   2.80544875E+00   6.21678119E+00   1.44630467E+01   1.45000000E+00   8.62454549E+02
       9      26  Fe   2.45601919E+00   9.75077882E+00   2.96051255E+00   1.45000000E+00   1.48837651E+03
      10      48  Cd   1.62799519E+00   9.64901647E+00   6.42590500E+00   1.53000000E+00   1.02995744E+03
      11      26  Fe   1.80501462E+00   9.77306961E+00   9.92719866E+00   1.45000000E+00   1.07298806E+03
      12      30  Zn   2.92776439E+00   1.07520859E+01   1.44186549E+01   1.35000000E+00   9.84337349E+02
      13      26  Fe   1.77945672E+00   1.37325071E+01   1.66099539E+00   1.45000000E+00   5.45298554E+02
      14      30  Zn   2.16387273E+00   1.45835413E+01   6.29905626E+00   1.35000000E+00   1.20869909E+03
      15      24  Cr   1.95735737E+00   1.48738871E+01   1.03577124E+01   1.30000000E+00   8.32528367E+02
      16      48  Cd   5.33270731E-01   1.34689954E+01   1.37995004E+01   1.53000000E+00   4.21975131E+02
      17      48  Cd   6.25951559E+00   2.54356765E+00   2.60356418E+00   1.53000000E+00   8.60476065E+02
      18      30  Zn   6.63972466E+00   2.20422553E+00   5.57193444E+00   1.35000000E+00   1.08575708E+03
      19      26  Fe   6.18896358E+00   9.34896110E-01   9.81858713E+00   1.45000000E+00   5.18105221E+02
      20      24  Cr   6.25522245E+00   2.92109484E+00   1.39297312E+01   1.30000000E+00   9.68657279E+02
      21      48  Cd   6.61050369E+00   6.40088809E+00   2.46357409E+00   1.53000000E+00   1.35981578E+03
      22      24  Cr   5.66771681E+00   5.12085448E+00   6.57387351E+00   1.30000000E+00   1.53335593E+03
      23      24  Cr   5.73164215E+00   6.20790979E+00   1.03970363E+01   1.30000000E+00   7.92525145E+02
      24      30  Zn   6.62406828E+00   5.60754724E+00   1.48017725E+01   1.35000000E+00   1.19939897E+03
      25      26  Fe   5.57355970E+00   8.48276643E+00   1.06907121E+00   1.45000000E+00   1.07151025E+03
      26      30  Zn   5.96891703E+00   9.76637435E+00   6.60837593E+00   1.35000000E+00   1.24258486E+03
      27      30  Zn   5.45760965E+00   1.09158827E+01   8.83939694E+00   1.35000000E+00   1.23281398E+03
      28      30  Zn   5.52479781E+00   8.97052110E+00   1.39375891E+01   1.35000000E+00   1.00287703E+03
      29      48  Cd   6.74442425E+00   1.31770900E+01   1.52664033E+00   1.53000000E+00   8.45331371E+02
      30      30  Zn   6.07576390E+00   1.41531509E+01   6.30803660E+00   1.35000000E+00   1.40327602E+03
      31      48  Cd   5.63118737E+00   1.41324836E+01   1.04226620E+01   1.53000000E+00   6.15955648E+02
      32      24  Cr   5.30351791E+00   1.37150042E+01   1.31826725E+01   1.30000000E+00   1.28788746E+03
      33      24  Cr   1.01134761E+01   1.04822369E+00   1.11835353E+00   1.30000000E+00   1.16431886E+03
      34      24  Cr   1.11663440E+01   9.93461105E-01   6.89489435E+00   1.30000000E+00   1.22800542E+03
      35      26  Fe   1.02695547E+01   8.67793186E-01   9.87233609E+00   1.45000000E+00   8.00892256E+02
      36      24  Cr   1.08958897E+01   1.69492476E+00   1.47186139E+01   1.30000000E+00   1.04431091E+03
      37      48  Cd   1.06385459E+01   7.13930108E+00   2.31897795E+00   1.53000000E+00   9.90680264E+02
      38      26  Fe   1.05065890E+01   5.96265541E+00   5.93578362E+00   1.45000000E+00   8.37178971E+02
      39      48  Cd   1.10503450E+01   5.03927332E+00   1.03670634E+01   1.53000000E+00   6.07440086E+02
      40      48  Cd   9.61861821E+00   5.83131451E+00   1.31927468E+01   1.53000000E+00   1.01127968E+03
      41      30  Zn   9.34207601E+00   9.68149147E+00   7.68977004E-01   1.35000000E+00   1.03373389E+03
      42      26  Fe   1.01830658E+01   9.63055348E+00   6.06056623E+00   1.45000000E+00   5.26593657E+02
      43      30  Zn   9.64223636E+00   1.02470560E+01   9.22359192E+00   1.35000000E+00   1.12145852E+03
      44      30  Zn   1.06987993E+01   1.09769094E+01   1.36738055E+01   1.35000000E+00   1.05338913E+03
      45      30  Zn   1.03383470E+01   1.36221779E+01   1.82335578E+00   1.35000000E+00   1.05387039E+03
      46      26  Fe   9.36487916E+00   1.49103265E+01   6.27953434E+00   1.45000000E+00   8.05065594E+02
      47      24  Cr   1.00801640E+01   1.38898436E+01   9.48632975E+00   1.30000000E+00   1.04800048E+03
      48      48  Cd   9.72309917E+00   1.37649810E+01   1.45827195E+01   1.53000000E+00   1.18081088E+03
      49      26  Fe   1.42493367E+01   2.56699334E+00   1.63799273E+00   1.45000000E+00   1.11202552E+03
      50      48  Cd   1.32677522E+01   2.79875237E+00   6.06326753E+00   1.53000000E+00   9.70962216E+02
      51      48  Cd   1.42679715E+01   1.96238702E+00   9.99078223E+00   1.53000000E+00   1.30210411E+03
      52      30  Zn   1.36111706E+01   1.14345076E+00   1.40317227E+01   1.35000000E+00   1.06159175E+03
      53      30  Zn   1.30495794E+01   5.46089249E+00   1.22482018E+00   1.35000000E+00   7.36765455E+02
      54      26  Fe   1.38641575E+01   6.39616165E+00   5.69741774E+00   1.45000000E+00   8.56287621E+02
      55      30  Zn   1.35839639E+01   6.83306258E+00   9.66529431E+00   1.35000000E+00   1.22053318E+03
      56      24  Cr   1.34702431E+01   6.98028917E+00   1.37229405E+01   1.30000000E+00   3.74725382E+02
      57      30  Zn   1.58874716E+01   1.00917557E+01   2.52722709E+00   1.35000000E+00   1.45691339E+03
      58      48  Cd   1.33568582E+01   8.45480573E+00   6.09702710E+00   1.53000000E+00   1.18706861E+03
      59      30  Zn   1.37769634E+01   9.13862149E+00   8.95572760E+00   1.35000000E+00   1.14648347E+03
      60      26  Fe   1.49324646E+01   1.07342670E+01   1.55522691E+01   1.45000000E+00   1.32317944E+03
      61      26  Fe   1.33538918E+01   1.39583679E+01   1.80978414E+00   1.45000000E+00   6.89838969E+02
      62      26  Fe   1.32884214E+01   1.48523563E+01   5.47662236E+00   1.45000000E+00   9.85408428E+02
      63      30  Zn   1.38859745E+01   1.40800993E+01   1.08488558E+01   1.35000000E+00   1.17196361E+03
      64      48  Cd   1.38516454E+01   1.37866445E+01   1.34756573E+01   1.53000000E+00   1.03949010E+03



