HyperCLaw-V1.1
10
u_g
v_g
w_g
ep_g
p_g
ro_g
rop_g
mu_g
vort
volfrac
3
0.00050000000000000001
0
0 0 0 
0.0080000000000000002 0.0080000000000000002 0.0080000000000000002 

((0,0,0) (39,39,39) (0,0,0)) 
1 
0.00020000000000000001 0.00020000000000000001 0.00020000000000000001 
0
0
0 8 0.00050000000000000001
1
0 0.0040000000000000001
0 0.0040000000000000001
0 0.0040000000000000001
0.0040000000000000001 0.0080000000000000002
0 0.0040000000000000001
0 0.0040000000000000001
0 0.0040000000000000001
0.0040000000000000001 0.0080000000000000002
0 0.0040000000000000001
0.0040000000000000001 0.0080000000000000002
0.0040000000000000001 0.0080000000000000002
0 0.0040000000000000001
0 0.0040000000000000001
0 0.0040000000000000001
0.0040000000000000001 0.0080000000000000002
0.0040000000000000001 0.0080000000000000002
0 0.0040000000000000001
0.0040000000000000001 0.0080000000000000002
0 0.0040000000000000001
0.0040000000000000001 0.0080000000000000002
0.0040000000000000001 0.0080000000000000002
0.0040000000000000001 0.0080000000000000002
0.0040000000000000001 0.0080000000000000002
0.0040000000000000001 0.0080000000000000002
Level_0/Cell
