 0.00000     0.0000000000     0.0000000000     0.0000000000     0.0000000000    0.0000000000    0.0000000000
 0.01000    -0.0000960730    -0.0000001202    -0.0002010800    -0.0000196010    0.0000000000   -0.0000030872
 0.02000    -0.0004403600    -0.0000004931    -0.0003512600    -0.0000368740    0.0000000000   -0.0000113710
 0.03000    -0.0009512800    -0.0000010719    -0.0005722700    -0.0000490290    0.0000000000   -0.0000100190
 0.04000    -0.0015515000    -0.0000018053    -0.0007932700    -0.0000600760    0.0000000000   -0.0000071567
 0.05000    -0.0020455000    -0.0000027990    -0.0009267900    -0.0000841820    0.0000000000   -0.0000062862
 0.06000    -0.0024110000    -0.0000041180    -0.0010099000    -0.0001073800   -0.0000000002   -0.0000241360
 0.07000    -0.0029140000    -0.0000055799    -0.0012564000    -0.0001149300   -0.0000000006   -0.0000389670
 0.08000    -0.0034334000    -0.0000070953    -0.0015453000    -0.0001241100   -0.0000000010   -0.0000540460
 0.09000    -0.0037830000    -0.0000087585    -0.0017348000    -0.0001410000   -0.0000000011   -0.0000627330
 0.10000    -0.0039546000    -0.0000106510    -0.0018466000    -0.0001563200   -0.0000000009   -0.0000627580
 0.11000    -0.0040148000    -0.0000127080    -0.0018985000    -0.0001623900   -0.0000000004   -0.0000556460
 0.12000    -0.0040997000    -0.0000148100    -0.0019450000    -0.0001614400    0.0000000000   -0.0000483480
 0.13000    -0.0041779000    -0.0000168480    -0.0019725000    -0.0001520600   -0.0000000003   -0.0000496440
 0.14000    -0.0041522000    -0.0000187180    -0.0019509000    -0.0001399800   -0.0000000009   -0.0000532920
 0.15000    -0.0040400000    -0.0000204030    -0.0018970000    -0.0001285800   -0.0000000022   -0.0000630100
 0.16000    -0.0039735000    -0.0000218920    -0.0018706000    -0.0001162900   -0.0000000029   -0.0000660170
 0.17000    -0.0039926000    -0.0000232500    -0.0018778000    -0.0001061500   -0.0000000019   -0.0000535990
 0.18000    -0.0040231000    -0.0000244370    -0.0018904000    -0.0000856210   -0.0000000012   -0.0000404480
 0.19000    -0.0040605000    -0.0000253610    -0.0019058000    -0.0000612380    0.0000000006   -0.0000169790
 0.20000    -0.0040883000    -0.0000260050    -0.0019231000    -0.0000348600    0.0000000013   -0.0000020018
 0.21000    -0.0041461000    -0.0000263180    -0.0019557000    -0.0000108510    0.0000000006    0.0000010661
 0.22000    -0.0042033000    -0.0000263120    -0.0019799000     0.0000129620    0.0000000004    0.0000079721
 0.23000    -0.0042388000    -0.0000260160    -0.0020027000     0.0000339630   -0.0000000001    0.0000112730
 0.24000    -0.0042645000    -0.0000254480    -0.0020206000     0.0000545390    0.0000000012    0.0000278820
 0.25000    -0.0042915000    -0.0000246580    -0.0020333000     0.0000771500    0.0000000022    0.0000438330
 0.26000    -0.0043058000    -0.0000236260    -0.0020428000     0.0000947740    0.0000000035    0.0000611750
 0.27000    -0.0043111000    -0.0000223670    -0.0020454000     0.0001167600    0.0000000041    0.0000730130
 0.28000    -0.0043042000    -0.0000209090    -0.0020532000     0.0001290100    0.0000000039    0.0000749280
 0.29000    -0.0042879000    -0.0000192630    -0.0020538000     0.0001397500    0.0000000033    0.0000717150
 0.30000    -0.0042789000    -0.0000174990    -0.0020715000     0.0001448400    0.0000000026    0.0000650810
 0.31000    -0.0042622000    -0.0000156450    -0.0020887000     0.0001501600    0.0000000026    0.0000651820
 0.32000    -0.0042490000    -0.0000137590    -0.0021186000     0.0001508700    0.0000000023    0.0000616530
 0.33000    -0.0042376000    -0.0000118700    -0.0021644000     0.0001472000    0.0000000023    0.0000613790
 0.34000    -0.0042186000    -0.0000100280    -0.0022183000     0.0001434600    0.0000000023    0.0000599520
 0.35000    -0.0042004000    -0.0000082712    -0.0022941000     0.0001342500    0.0000000018    0.0000478580
 0.36000    -0.0041678000    -0.0000066404    -0.0023722000     0.0001206700    0.0000000015    0.0000387320
 0.37000    -0.0041214000    -0.0000051737    -0.0024718000     0.0001018700    0.0000000010    0.0000254030
 0.38000    -0.0040867000    -0.0000039272    -0.0025939000     0.0000839180    0.0000000007    0.0000145820
 0.39000    -0.0040357000    -0.0000029497    -0.0027273000     0.0000626390    0.0000000005    0.0000064318
 0.40000    -0.0039735000    -0.0000022469    -0.0028824000     0.0000393930    0.0000000003   -0.0000009870
 0.41000    -0.0038988000    -0.0000018473    -0.0030534000     0.0000166290    0.0000000000   -0.0000091720
 0.42000    -0.0038154000    -0.0000017347    -0.0032474000    -0.0000082248   -0.0000000002   -0.0000234580
 0.43000    -0.0037245000    -0.0000019255    -0.0034651000    -0.0000307190   -0.0000000004   -0.0000309080
 0.44000    -0.0036156000    -0.0000024147    -0.0037041000    -0.0000549110   -0.0000000005   -0.0000405370
 0.45000    -0.0035022000    -0.0000032005    -0.0039638000    -0.0000757470   -0.0000000006   -0.0000464760
 0.46000    -0.0033701000    -0.0000042686    -0.0042495000    -0.0000954960   -0.0000000006   -0.0000523370
 0.47000    -0.0032216000    -0.0000055828    -0.0045591000    -0.0001131300   -0.0000000007   -0.0000590980
 0.48000    -0.0030664000    -0.0000071115    -0.0048966000    -0.0001254000   -0.0000000005   -0.0000584840
 0.49000    -0.0028897000    -0.0000087986    -0.0052610000    -0.0001360900   -0.0000000004   -0.0000589640
 0.50000    -0.0026846000    -0.0000106040    -0.0056441000    -0.0001400100   -0.0000000001   -0.0000540290
 0.51000    -0.0024752000    -0.0000125030    -0.0060632000    -0.0001435200    0.0000000001   -0.0000512890
 0.52000    -0.0022416000    -0.0000144410    -0.0064999000    -0.0001441400    0.0000000003   -0.0000485030
 0.53000    -0.0019789000    -0.0000163900    -0.0069632000    -0.0001400200    0.0000000008   -0.0000408150
 0.54000    -0.0016932000    -0.0000183080    -0.0074526000    -0.0001355100    0.0000000011   -0.0000349070
 0.55000    -0.0013828000    -0.0000201510    -0.0079629000    -0.0001244200    0.0000000018   -0.0000232330
 0.56000    -0.0010468000    -0.0000218900    -0.0085045000    -0.0001121700    0.0000000024   -0.0000134010
 0.57000    -0.0006859900    -0.0000234710    -0.0090721000    -0.0000990200    0.0000000028   -0.0000053434
 0.58000    -0.0003019600    -0.0000248700    -0.0096638000    -0.0000815970    0.0000000035    0.0000055811
 0.59000     0.0001096200    -0.0000260520    -0.0102880000    -0.0000625330    0.0000000039    0.0000150780
 0.60000     0.0005451400    -0.0000270000    -0.0109320000    -0.0000421770    0.0000000047    0.0000267020
 0.61000     0.0010047000    -0.0000276990    -0.0116080000    -0.0000225520    0.0000000056    0.0000392390
 0.62000     0.0015007000    -0.0000281350    -0.0123110000    -0.0000046136    0.0000000059    0.0000451890
 0.63000     0.0020104000    -0.0000282980    -0.0130380000     0.0000166910    0.0000000063    0.0000528680
 0.64000     0.0025390000    -0.0000281970    -0.0138000000     0.0000384960    0.0000000065    0.0000585320
 0.65000     0.0028679000    -0.0000277910    -0.0147520000     0.0000595640    0.0000000061    0.0000590570
 0.66000     0.0031841000    -0.0000270370    -0.0157770000     0.0000834620    0.0000000067    0.0000668900
 0.67000     0.0035168000    -0.0000259580    -0.0168290000     0.0001044400    0.0000000071    0.0000722540
 0.68000     0.0038966000    -0.0000245690    -0.0179030000     0.0001254300    0.0000000063    0.0000660460
 0.69000     0.0043331000    -0.0000228590    -0.0189990000     0.0001410300    0.0000000054    0.0000578290
 0.70000     0.0048174000    -0.0000209070    -0.0201220000     0.0001502900    0.0000000053    0.0000564580
 0.71000     0.0053854000    -0.0000188270    -0.0212460000     0.0001543200    0.0000000052    0.0000554700
 0.72000     0.0060027000    -0.0000166950    -0.0223740000     0.0001552700    0.0000000050    0.0000516540
 0.73000     0.0066825000    -0.0000145370    -0.0235210000     0.0001540400    0.0000000049    0.0000507380
 0.74000     0.0074195000    -0.0000123810    -0.0246870000     0.0001497700    0.0000000046    0.0000450280
 0.75000     0.0081985000    -0.0000102400    -0.0258680000     0.0001443600    0.0000000039    0.0000316350
 0.76000     0.0090398000    -0.0000081425    -0.0270530000     0.0001351300    0.0000000032    0.0000158670
 0.77000     0.0099328000    -0.0000061455    -0.0282490000     0.0001236800    0.0000000026    0.0000023797
 0.78000     0.0108760000    -0.0000043249    -0.0294650000     0.0001086500    0.0000000021   -0.0000088528
 0.79000     0.0118670000    -0.0000027294    -0.0306850000     0.0000894390    0.0000000017   -0.0000159310
 0.80000     0.0129070000    -0.0000013971    -0.0319060000     0.0000701140    0.0000000013   -0.0000203410
 0.81000     0.0139320000    -0.0000003557    -0.0331860000     0.0000536890   -0.0192440000   -0.0000259280
 0.82000     0.0147700000     0.0000004339    -0.0346890000     0.0000333380    0.2296200000   -0.0000371400
 0.83000     0.0156940000     0.0000009565    -0.0362080000     0.0000081050    0.6428300000   -0.0000403730
 0.84000     0.0166550000     0.0000011644    -0.0377100000    -0.0000121300    0.8078700000   -0.0000463390
 0.85000     0.0177250000     0.0000010242    -0.0392110000    -0.0000323440    1.0966000000   -0.0000606730
 0.86000     0.0188840000     0.0000005074    -0.0407080000    -0.0000516350    1.2234000000   -0.0000649160
 0.87000     0.0201230000    -0.0000003777    -0.0421760000    -0.0000633270    1.3791000000   -0.0000727620
 0.88000     0.0214450000    -0.0000015373    -0.0436310000    -0.0000698660    1.5018000000   -0.0000769250
 0.89000     0.0228700000    -0.0000028982    -0.0450500000    -0.0000686800    1.6645000000   -0.0000934670
 0.90000     0.0243670000    -0.0000044289    -0.0464430000    -0.0000694840    1.6205000000   -0.0001045000
 0.91000     0.0259740000    -0.0000060930    -0.0477790000    -0.0000663850    1.7220000000   -0.0001228400
 0.92000     0.0276090000    -0.0000078840    -0.0490850000    -0.0000605210    1.6433000000   -0.0001322600
 0.93000     0.0294320000    -0.0000097647    -0.0503330000    -0.0000604250    1.6519000000   -0.0001294900
 0.94000     0.0312930000    -0.0000118730    -0.0514970000    -0.0000629550    1.6086000000   -0.0001400200
 0.95000     0.0332130000    -0.0000141000    -0.0525990000    -0.0000630540    1.4710000000   -0.0001298600
 0.96000     0.0352610000    -0.0000163330    -0.0536210000    -0.0000566820    1.4741000000   -0.0001231300
 0.97000     0.0373890000    -0.0000185740    -0.0545430000    -0.0000480040    1.4674000000   -0.0001199600
 0.98000     0.0395780000    -0.0000206990    -0.0553700000    -0.0000441680    1.4183000000   -0.0001128800
 0.99000     0.0418480000    -0.0000227170    -0.0560960000    -0.0000307900    1.4323000000   -0.0001173800
 1.00000     0.0441860000    -0.0000245660    -0.0567130000    -0.0000244350    1.4083000000   -0.0001138100
 1.01000     0.0465600000    -0.0000260740    -0.0571450000     0.0000003725    1.4317000000   -0.0001072400
 1.02000     0.0490610000    -0.0000273410    -0.0575020000     0.0000058418    1.3739000000   -0.0000990950
 1.03000     0.0515400000    -0.0000281740    -0.0577390000     0.0000345300    1.2702000000   -0.0000996680
 1.04000     0.0540450000    -0.0000283870    -0.0578540000     0.0000577470    1.1477000000   -0.0000702410
 1.05000     0.0566270000    -0.0000279980    -0.0578070000     0.0000847140    1.1215000000   -0.0000546120
 1.06000     0.0592130000    -0.0000270900    -0.0576140000     0.0001053800    1.0718000000   -0.0000422140
 1.07000     0.0618080000    -0.0000257560    -0.0572760000     0.0001162800    1.0080000000   -0.0000372420
 1.08000     0.0644000000    -0.0000240010    -0.0567700000     0.0001380500    0.9418600000   -0.0000404400
 1.09000     0.0669870000    -0.0000218940    -0.0561090000     0.0001509100    0.8503500000   -0.0000351500
 1.10000     0.0695960000    -0.0000193860    -0.0552980000     0.0001753700    0.8184200000   -0.0000432270
 1.11000     0.0720930000    -0.0000164780    -0.0543410000     0.0001881000    0.6114900000   -0.0000227500
 1.12000     0.0745700000    -0.0000134200    -0.0532310000     0.0001934600    0.5124100000   -0.0000041958
 1.13000     0.0770330000    -0.0000102430    -0.0519370000     0.0001892900    0.4372700000    0.0000045341
 1.14000     0.0794060000    -0.0000071449    -0.0505070000     0.0001886600    0.3644700000    0.0000111630
 1.15000     0.0817020000    -0.0000041275    -0.0489300000     0.0001788700    0.2176900000   -0.0000020741
 1.16000     0.0838910000    -0.0000012550    -0.0471800000     0.0001682600    0.0594230000   -0.0000113270
 1.17000     0.0860450000     0.0000013971    -0.0452910000     0.0001575400   -0.1285100000   -0.0000367760
 1.18000     0.0880240000     0.0000037642    -0.0433240000     0.0001328900   -0.4695800000   -0.0000596810
 1.19000     0.0898970000     0.0000058117    -0.0412220000     0.0001140300   -0.5037900000   -0.0000588610
 1.20000     0.0916840000     0.0000074530    -0.0389760000     0.0000865330   -0.5416200000   -0.0000725600
 1.21000     0.0933440000     0.0000087109    -0.0366440000     0.0000672760   -0.5625500000   -0.0000704070
 1.22000     0.0949060000     0.0000096016    -0.0342660000     0.0000405180   -0.5625100000   -0.0000736030
 1.23000     0.0962950000     0.0000098934    -0.0317420000    -0.0000075208   -0.5624800000   -0.0000618030
 1.24000     0.0976490000     0.0000094995    -0.0291840000    -0.0000426960   -0.5624400000   -0.0000816430
 1.25000     0.0989750000     0.0000085859    -0.0267140000    -0.0000748090   -0.5624100000   -0.0000806110
 1.26000     0.1002900000     0.0000072641    -0.0242000000    -0.0000993280   -0.5623700000   -0.0000734430
 1.27000     0.1015400000     0.0000055599    -0.0216020000    -0.0001281100   -0.5623400000   -0.0000734830
 1.28000     0.1027000000     0.0000035667    -0.0189880000    -0.0001507700   -0.5623000000   -0.0000474930
 1.29000     0.1038500000     0.0000011930    -0.0163870000    -0.0001887700   -0.5622600000   -0.0000378810
 1.30000     0.1049300000    -0.0000016651    -0.0136800000    -0.0002229000   -0.5622300000   -0.0000346250
 1.31000     0.1061100000    -0.0000048256    -0.0110720000    -0.0002325400   -0.5621900000   -0.0000436700
 1.32000     0.1073100000    -0.0000081091    -0.0085481000    -0.0002483500   -0.5621600000   -0.0000343280
 1.33000     0.1084800000    -0.0000113660    -0.0059443000    -0.0002484100   -0.5621200000   -0.0000088325
 1.34000     0.1095900000    -0.0000146020    -0.0032928000    -0.0002591000   -0.5620900000    0.0000088923
 1.35000     0.1107100000    -0.0000177350    -0.0006683300    -0.0002606900   -0.5620500000    0.0000388760
 1.36000     0.1118900000    -0.0000208590     0.0019342000    -0.0002642200   -0.5620200000    0.0000521470
 1.37000     0.1131700000    -0.0000238080     0.0045635000    -0.0002497700   -0.5619800000    0.0000462610
 1.38000     0.1145300000    -0.0000265050     0.0070485000    -0.0002249300   -0.5619500000    0.0000532830
 1.39000     0.1158100000    -0.0000287540     0.0095487000    -0.0001982100   -0.5619100000    0.0000721480
 1.40000     0.1170300000    -0.0000304920     0.0121480000    -0.0001784000   -0.5618800000    0.0001017200
 1.41000     0.1182200000    -0.0000319720     0.0147530000    -0.0001663500   -0.5618400000    0.0001210700
 1.42000     0.1194600000    -0.0000330790     0.0173100000    -0.0001445600   -0.5618100000    0.0001436300
 1.43000     0.1208500000    -0.0000337760     0.0198440000    -0.0001013600   -0.5617700000    0.0001619900
