 0.00000       0.000000000       0.000000000      0.000000000       0.000000000       0.000000000       0.000000000
 0.01000      -0.000144370      -0.000000095     -0.000222900      -0.000019603      -0.028140000      -0.000003073
 0.02000      -0.000715930      -0.000000382     -0.000476720      -0.000036919      -0.085726000      -0.000011177
 0.03000      -0.001618500      -0.000000830     -0.000879790      -0.000049195      -0.138390000      -0.000009330
 0.04000      -0.002834600      -0.000001407     -0.001396100      -0.000060500      -0.239870000      -0.000005149
 0.05000      -0.004209700      -0.000002203     -0.001971100      -0.000084873      -0.326790000      -0.000002086
 0.06000      -0.005539900      -0.000003249     -0.002564200      -0.000108410      -0.344440000      -0.000017610
 0.07000      -0.006655400      -0.000004375     -0.003149400      -0.000115670      -0.146900000      -0.000035150
 0.08000      -0.007534300      -0.000005517     -0.003643000      -0.000124570      -0.057043000      -0.000052139
 0.09000      -0.008045600      -0.000006749     -0.003926500      -0.000140730       0.023325000      -0.000063706
 0.10000      -0.008149100      -0.000008159     -0.003999500      -0.000155210       0.070986000      -0.000066385
 0.11000      -0.008082000      -0.000009709     -0.003978800      -0.000161180       0.062473000      -0.000059468
 0.12000      -0.008085900      -0.000011312     -0.003979600      -0.000160460       0.043493000      -0.000051452
 0.13000      -0.008129200      -0.000012870     -0.003987700      -0.000151470       0.022646000      -0.000051485
 0.14000      -0.007968500      -0.000014283     -0.003889100      -0.000138440       0.053570000      -0.000058135
 0.15000      -0.007606800      -0.000015527     -0.003694700      -0.000126070       0.077191000      -0.000070644
 0.16000      -0.007346800      -0.000016595     -0.003561000      -0.000114140       0.058651000      -0.000072266
 0.17000      -0.007273600      -0.000017573     -0.003517700      -0.000105170       0.024258000      -0.000056354
 0.18000      -0.007307500      -0.000018440     -0.003532200      -0.000086042      -0.009692300      -0.000039291
 0.19000      -0.007371500      -0.000019132     -0.003562000      -0.000062337      -0.024260000      -0.000013965
 0.20000      -0.007443400      -0.000019642     -0.003603200      -0.000035970      -0.024226000       0.000001084
 0.21000      -0.007565900      -0.000019897     -0.003671400      -0.000012349      -0.032684000       0.000005272
 0.22000      -0.007695500      -0.000019906     -0.003735600       0.000011727      -0.027201000       0.000011472
 0.23000      -0.007786400      -0.000019686     -0.003788900       0.000032980      -0.021871000       0.000014057
 0.24000      -0.007836700      -0.000019267     -0.003820400       0.000054264      -0.006267800       0.000028665
 0.25000      -0.007875500      -0.000018698     -0.003839500       0.000076936      -0.005160900       0.000044454
 0.26000      -0.007883700      -0.000017974     -0.003845600       0.000094993       0.005772500       0.000060515
 0.27000      -0.007869300      -0.000017092     -0.003837300       0.000116970       0.006157700       0.000072347
 0.28000      -0.007818000      -0.000016060     -0.003820400       0.000129490       0.016433000       0.000073270
 0.29000      -0.007761800      -0.000014874     -0.003798900       0.000140160       0.016651000       0.000070183
 0.30000      -0.007704400      -0.000013582     -0.003789700       0.000145150       0.015002000       0.000063833
 0.31000      -0.007652800      -0.000012208     -0.003787700       0.000150400       0.014352000       0.000064125
 0.32000      -0.007621000      -0.000010804     -0.003807300       0.000150850      -0.001593500       0.000061755
 0.33000      -0.007591900      -0.000009401     -0.003843300       0.000147230       0.003770700       0.000061172
 0.34000      -0.007570300      -0.000008027     -0.003895600       0.000143470       0.000786350       0.000059915
 0.35000      -0.007546000      -0.000006710     -0.003968100       0.000134250      -0.004952100       0.000048041
 0.36000      -0.007508600      -0.000005474     -0.004043500       0.000120670       0.002090000       0.000038672
 0.37000      -0.007457500      -0.000004345     -0.004140500       0.000101870       0.000975940       0.000025383
 0.38000      -0.007415500      -0.000003373     -0.004258600       0.000083927      -0.002837700       0.000014627
 0.39000      -0.007365600      -0.000002599     -0.004392500       0.000062633       0.000577700       0.000006425
 0.40000      -0.007296900      -0.000002032     -0.004544100       0.000039353       0.006295000      -0.000001039
 0.41000      -0.007213800      -0.000001693     -0.004710500       0.000016614       0.003196200      -0.000009193
 0.42000      -0.007110500      -0.000001568     -0.004893500      -0.000008254       0.007036100      -0.000023503
 0.43000      -0.006998100      -0.000001670     -0.005099500      -0.000030740       0.008727400      -0.000030974
 0.44000      -0.006872500      -0.000001993     -0.005329400      -0.000054918       0.009454000      -0.000040633
 0.45000      -0.006748700      -0.000002542     -0.005583400      -0.000075735       0.006287500      -0.000046565
 0.46000      -0.006607700      -0.000003305     -0.005864200      -0.000095475       0.003537900      -0.000052409
 0.47000      -0.006451700      -0.000004266     -0.006169700      -0.000113090       0.004823200      -0.000059226
 0.48000      -0.006297500      -0.000005398     -0.006507800      -0.000125430      -0.002537300      -0.000058398
 0.49000      -0.006112600      -0.000006658     -0.006867700      -0.000136050       0.002291500      -0.000059062
 0.50000      -0.005903800      -0.000008019     -0.007248800      -0.000139950       0.003125600      -0.000054195
 0.51000      -0.005687300      -0.000009461     -0.007664100      -0.000143460       0.002645800      -0.000051445
 0.52000      -0.005451000      -0.000010952     -0.008099200      -0.000144030       0.004056900      -0.000048781
 0.53000      -0.005188200      -0.000012464     -0.008562500      -0.000140030      -0.000042226      -0.000040812
 0.54000      -0.004895300      -0.000013968     -0.009048000      -0.000135490       0.000884700      -0.000034986
 0.55000      -0.004580200      -0.000015432     -0.009555700      -0.000124360       0.001793300      -0.000023402
 0.56000      -0.004240700      -0.000016828     -0.010095000      -0.000112110       0.001488400      -0.000013558
 0.57000      -0.003881100      -0.000018119     -0.010664000      -0.000099095      -0.002108300      -0.000005112
 0.58000      -0.003508300      -0.000019283     -0.011262000      -0.000081833      -0.006705500       0.000006351
 0.59000      -0.003116600      -0.000020294     -0.011896000      -0.000062863      -0.009541800       0.000016215
 0.60000      -0.002714300      -0.000021139     -0.012559000      -0.000042745      -0.017168000       0.000028803
 0.61000      -0.002295600      -0.000021800     -0.013258000      -0.000023038      -0.015634000       0.000041183
 0.62000      -0.001860100      -0.000022265     -0.013993000      -0.000005226      -0.021456000       0.000047866
 0.63000      -0.001420300      -0.000022524     -0.014759000       0.000016038      -0.025747000       0.000056077
 0.64000      -0.000967870      -0.000022574     -0.015563000       0.000038052      -0.020244000       0.000061023
 0.65000      -0.000578670      -0.000022380     -0.016483000       0.000060484       0.050581000       0.000052989
 0.66000      -0.000257760      -0.000021913     -0.017506000       0.000083955       0.034934000       0.000062858
 0.67000       0.000030361      -0.000021183     -0.018584000       0.000104580       0.014181000       0.000070700
 0.68000       0.000336740      -0.000020197     -0.019699000       0.000125420      -0.001722500       0.000066224
 0.69000       0.000711110      -0.000018932     -0.020831000       0.000141030      -0.004783800       0.000058275
 0.70000       0.001164300      -0.000017450     -0.021972000       0.000150290       0.000687210       0.000056399
 0.71000       0.001708400      -0.000015852     -0.023110000       0.000154310       0.001906100       0.000055328
 0.72000       0.002335300      -0.000014200     -0.024233000       0.000155220       0.006016800       0.000051260
 0.73000       0.003033500      -0.000012521     -0.025370000       0.000153970       0.006319900       0.000050390
 0.74000       0.003768200      -0.000010831     -0.026538000       0.000149870      -0.006279300       0.000045319
 0.75000       0.004529200      -0.000009131     -0.027730000       0.000144520      -0.009115900       0.000031972
 0.76000       0.005321800      -0.000007436     -0.028942000       0.000135440      -0.015835000       0.000016309
 0.77000       0.006134900      -0.000005791     -0.030184000       0.000124400      -0.036235000       0.000003095
 0.78000       0.006963900      -0.000004268     -0.031464000       0.000109430      -0.040305000      -0.000008347
 0.79000       0.007793900      -0.000002914     -0.032777000       0.000090435      -0.053336000      -0.000015592
 0.80000       0.008619000      -0.000001769     -0.034124000       0.000071384      -0.072180000      -0.000020249
 0.81000       0.009436800      -0.000000850     -0.035526000       0.000052829       0.034802000      -0.000025790
 0.82000       0.010079000      -0.000000125     -0.037152000       0.000036130       0.029730000      -0.000038207
 0.83000       0.010696000       0.000000390     -0.038866000       0.000015607      -0.010624000      -0.000044943
 0.84000       0.011341000       0.000000657     -0.040572000      -0.000005185      -0.013432000      -0.000052394
 0.85000       0.012160000       0.000000661     -0.042240000      -0.000027375      -0.006245500      -0.000067632
 0.86000       0.013078000       0.000000353     -0.043902000      -0.000051333      -0.004552800      -0.000069616
 0.87000       0.014042000      -0.000000263     -0.045560000      -0.000069212      -0.033082000      -0.000072754
 0.88000       0.015101000      -0.000001113     -0.047200000      -0.000083174      -0.027675000      -0.000069585
 0.89000       0.016211000      -0.000002135     -0.048842000      -0.000091547      -0.058299000      -0.000075803
 0.90000       0.017337000      -0.000003299     -0.050502000      -0.000100100      -0.075264000      -0.000076966
 0.91000       0.018497000      -0.000004571     -0.052163000      -0.000108740      -0.105340000      -0.000081415
 0.92000       0.019413000      -0.000005951     -0.054048000      -0.000108500      -0.042257000      -0.000082613
 0.93000       0.020305000      -0.000007430     -0.056090000      -0.000118250      -0.085140000      -0.000066367
 0.94000       0.021190000      -0.000009130     -0.058135000      -0.000127230      -0.097282000      -0.000065098
 0.95000       0.022212000      -0.000010964     -0.060125000      -0.000127520      -0.083230000      -0.000049408
 0.96000       0.023376000      -0.000012853     -0.062096000      -0.000126450      -0.098951000      -0.000029613
 0.97000       0.024592000      -0.000014805     -0.064056000      -0.000121790      -0.134890000      -0.000012582
 0.98000       0.025913000      -0.000016704     -0.065957000      -0.000117200      -0.138410000       0.000002388
 0.99000       0.027334000      -0.000018543     -0.067818000      -0.000105330      -0.143470000       0.000009718
 1.00000       0.028832000      -0.000020282     -0.069641000      -0.000098770      -0.174790000       0.000023338
 1.01000       0.030010000      -0.000021774     -0.071745000      -0.000075854      -0.222550000       0.000044070
 1.02000       0.031301000      -0.000023114     -0.073905000      -0.000067183      -0.276200000       0.000058254
 1.03000       0.032641000      -0.000024086     -0.076012000      -0.000031842      -0.292170000       0.000053178
 1.04000       0.034111000      -0.000024521     -0.078059000      -0.000000986      -0.307920000       0.000072530
 1.05000       0.035716000      -0.000024454     -0.080063000       0.000029674      -0.352560000       0.000087401
 1.06000       0.037408000      -0.000023931     -0.082002000       0.000056002      -0.388220000       0.000093334
 1.07000       0.039223000      -0.000023007     -0.083842000       0.000074261      -0.383910000       0.000085218
 1.08000       0.041099000      -0.000021636     -0.085644000       0.000090677      -0.772610000       0.000099610
 1.09000       0.042907000      -0.000019897     -0.087511000       0.000104750      -0.962510000       0.000099223
 1.10000       0.044881000      -0.000017700     -0.089307000       0.000132510      -0.943870000       0.000071513
 1.11000       0.046907000      -0.000015049     -0.090989000       0.000151740      -0.918780000       0.000060824
 1.12000       0.049068000      -0.000012214     -0.092566000       0.000160170      -0.941900000       0.000059132
 1.13000       0.051366000      -0.000009225     -0.094011000       0.000158710      -0.975580000       0.000049777
 1.14000       0.053742000      -0.000006253     -0.095325000       0.000161790      -0.953740000       0.000038509
 1.15000       0.056201000      -0.000003271     -0.096492000       0.000153270      -1.070000000       0.000010286
 1.16000       0.058714000      -0.000000351     -0.097490000       0.000146760      -1.018700000      -0.000012649
 1.17000       0.061382000       0.000002467     -0.098367000       0.000138980      -0.988910000      -0.000046713
 1.18000       0.064021000       0.000005085     -0.099089000       0.000119880      -1.006700000      -0.000071067
 1.19000       0.066728000       0.000007427     -0.099654000       0.000100710      -0.994120000      -0.000073435
 1.20000       0.069518000       0.000009369     -0.100030000       0.000072392      -1.011400000      -0.000089913
 1.21000       0.072321000       0.000010939     -0.100240000       0.000052867      -0.994470000      -0.000088935
 1.22000       0.075110000       0.000012107     -0.100250000       0.000027174      -0.931550000      -0.000091168
 1.23000       0.077909000       0.000012609     -0.100060000      -0.000024552      -1.002800000      -0.000083791
 1.24000       0.080753000       0.000012360     -0.099739000      -0.000061008      -1.007000000      -0.000103730
 1.25000       0.083478000       0.000011544     -0.099253000      -0.000094865      -1.009400000      -0.000101860
 1.26000       0.086202000       0.000010234     -0.098588000      -0.000120420      -1.001400000      -0.000092615
 1.27000       0.088915000       0.000008457     -0.097738000      -0.000150880      -1.007600000      -0.000090484
 1.28000       0.091544000       0.000006299     -0.096727000      -0.000173530      -0.985390000      -0.000060753
 1.29000       0.094073000       0.000003623     -0.095544000      -0.000214890      -1.033100000      -0.000048550
 1.30000       0.096582000       0.000000358     -0.094199000      -0.000248520      -1.010600000      -0.000039866
 1.31000       0.098997000      -0.000003274     -0.092721000      -0.000257640      -0.982360000      -0.000043377
 1.32000       0.101250000      -0.000007057     -0.091120000      -0.000274320      -0.978640000      -0.000028633
 1.33000       0.103460000      -0.000010874     -0.089358000      -0.000275800      -0.986410000       0.000002635
 1.34000       0.105570000      -0.000014726     -0.087462000      -0.000283170      -0.928500000       0.000023814
 1.35000       0.107550000      -0.000018516     -0.085464000      -0.000280250      -0.859490000       0.000055152
 1.36000       0.109400000      -0.000022329     -0.083351000      -0.000287240      -0.915400000       0.000076530
 1.37000       0.111180000      -0.000025931     -0.081090000      -0.000267050      -0.829980000       0.000068484
 1.38000       0.112860000      -0.000029205     -0.078842000      -0.000228160      -0.612650000       0.000058172
 1.39000       0.114470000      -0.000031972     -0.076541000      -0.000196500      -0.535480000       0.000069329
 1.40000       0.116000000      -0.000034184     -0.074121000      -0.000173920      -0.490590000       0.000093414
 1.41000       0.117440000      -0.000036126     -0.071646000      -0.000158310      -0.428320000       0.000104390
 1.42000       0.118800000      -0.000037656     -0.069153000      -0.000131930      -0.337200000       0.000113880
 1.43000       0.120040000      -0.000038692     -0.066552000      -0.000084870      -0.241070000       0.000117530
