 0.000000     0.0000000000     0.0000000000     0.0000000000     0.0000000000     0.0000000000     0.0000000000
 0.010000    -0.0001313600    -0.0000001049    -0.0002170100    -0.0000196040    -0.0442930000    -0.0000030644
 0.020000    -0.0006285200    -0.0000004263    -0.0004368300    -0.0000369310    -0.1102800000    -0.0000111210
 0.030000    -0.0013931000    -0.0000009260    -0.0007758500    -0.0000492290    -0.1673300000    -0.0000091856
 0.040000    -0.0023895000    -0.0000015659    -0.0011873000    -0.0000605830    -0.2868700000    -0.0000047558
 0.050000    -0.0034307000    -0.0000024405    -0.0015963000    -0.0000849410    -0.3587700000    -0.0000016751
 0.060000    -0.0043802000    -0.0000035963    -0.0019901000    -0.0001084300    -0.3509900000    -0.0000174850
 0.070000    -0.0052527000    -0.0000048571    -0.0024421000    -0.0001157800    -0.1668000000    -0.0000346330
 0.080000    -0.0060172000    -0.0000061483    -0.0028715000    -0.0001248900    -0.0981340000    -0.0000507650
 0.090000    -0.0064916000    -0.0000075541    -0.0031339000    -0.0001409700     0.0026102000    -0.0000628410
 0.100000    -0.0066424000    -0.0000091562    -0.0032336000    -0.0001554000     0.0589530000    -0.0000657700
 0.110000    -0.0066424000    -0.0000109100    -0.0032506000    -0.0001615000     0.0458310000    -0.0000584500
 0.120000    -0.0066941000    -0.0000127120    -0.0032780000    -0.0001608700     0.0252410000    -0.0000501500
 0.130000    -0.0067615000    -0.0000144630    -0.0032995000    -0.0001514400     0.0239160000    -0.0000515890
 0.140000    -0.0066457000    -0.0000160600    -0.0032258000    -0.0001375600     0.0840280000    -0.0000608920
 0.150000    -0.0063697000    -0.0000174790    -0.0030784000    -0.0001254400     0.0965130000    -0.0000725540
 0.160000    -0.0061850000    -0.0000187160    -0.0029855000    -0.0001139800     0.0631160000    -0.0000727440
 0.170000    -0.0061536000    -0.0000198460    -0.0029646000    -0.0001053800     0.0188980000    -0.0000557460
 0.180000    -0.0061867000    -0.0000208410    -0.0029787000    -0.0000857550    -0.0030620000    -0.0000400810
 0.190000    -0.0062345000    -0.0000216260    -0.0029998000    -0.0000620100    -0.0170260000    -0.0000148630
 0.200000    -0.0062814000    -0.0000221890    -0.0030277000    -0.0000355990    -0.0161190000     0.0000000517
 0.210000    -0.0063741000    -0.0000224680    -0.0030798000    -0.0000122160    -0.0297880000     0.0000048998
 0.220000    -0.0064699000    -0.0000224700    -0.0031256000     0.0000120190    -0.0207400000     0.0000106410
 0.230000    -0.0065345000    -0.0000222200    -0.0031647000     0.0000331070    -0.0190210000     0.0000136930
 0.240000    -0.0065700000    -0.0000217410    -0.0031881000     0.0000545330    -0.0000978270     0.0000278940
 0.250000    -0.0066032000    -0.0000210840    -0.0032042000     0.0000768510    -0.0072189000     0.0000447020
 0.260000    -0.0066122000    -0.0000202370    -0.0032107000     0.0000948850     0.0029463000     0.0000608370
 0.270000    -0.0066058000    -0.0000192040    -0.0032068000     0.0001169800     0.0066034000     0.0000722980
 0.280000    -0.0065708000    -0.0000180030    -0.0031987000     0.0001295300     0.0178920000     0.0000731250
 0.290000    -0.0065301000    -0.0000166310    -0.0031856000     0.0001402800     0.0215090000     0.0000697380
 0.300000    -0.0064919000    -0.0000151510    -0.0031870000     0.0001450900     0.0122290000     0.0000640670
 0.310000    -0.0064529000    -0.0000135840    -0.0031917000     0.0001504200     0.0158860000     0.0000640100
 0.320000    -0.0064290000    -0.0000119880    -0.0032156000     0.0001508400    -0.0029417000     0.0000618420
 0.330000    -0.0064048000    -0.0000103900    -0.0032542000     0.0001472500     0.0062855000     0.0000610340
 0.340000    -0.0063829000    -0.0000088291    -0.0033065000     0.0001434900     0.0056990000     0.0000596910
 0.350000    -0.0063603000    -0.0000073357    -0.0033799000     0.0001342400    -0.0082132000     0.0000481620
 0.360000    -0.0063222000    -0.0000059414    -0.0034549000     0.0001206700     0.0024623000     0.0000386630
 0.370000    -0.0062714000    -0.0000046778    -0.0035520000     0.0001018500     0.0056887000     0.0000252780
 0.380000    -0.0062326000    -0.0000035963    -0.0036718000     0.0000839510    -0.0072924000     0.0000147000
 0.390000    -0.0061811000    -0.0000027399    -0.0038049000     0.0000626250     0.0022419000     0.0000064053
 0.400000    -0.0061139000    -0.0000021191    -0.0039573000     0.0000393370     0.0093723000    -0.0000010657
 0.410000    -0.0060351000    -0.0000017548    -0.0041259000     0.0000166030     0.0050129000    -0.0000092050
 0.420000    -0.0059395000    -0.0000016346    -0.0043132000    -0.0000082425     0.0042863000    -0.0000234860
 0.430000    -0.0058360000    -0.0000017719    -0.0045240000    -0.0000307410     0.0085218000    -0.0000309720
 0.440000    -0.0057178000    -0.0000021620    -0.0047578000    -0.0000549160     0.0076879000    -0.0000406160
 0.450000    -0.0055985000    -0.0000028048    -0.0050143000    -0.0000757320     0.0071045000    -0.0000465770
 0.460000    -0.0054612000    -0.0000036907    -0.0052971000    -0.0000954580     0.0069359000    -0.0000524720
 0.470000    -0.0053080000    -0.0000047932    -0.0056041000    -0.0001130400     0.0095706000    -0.0000593540
 0.480000    -0.0051550000    -0.0000060835    -0.0059428000    -0.0001253800     0.0009410200    -0.0000585180
 0.490000    -0.0049731000    -0.0000075140    -0.0063043000    -0.0001360100     0.0048620000    -0.0000591740
 0.500000    -0.0047654000    -0.0000090532    -0.0066860000    -0.0001398300     0.0091113000    -0.0000544860
 0.510000    -0.0045528000    -0.0000106780    -0.0071033000    -0.0001434500     0.0028744000    -0.0000514630
 0.520000    -0.0043177000    -0.0000123480    -0.0075392000    -0.0001440300     0.0040636000    -0.0000487920
 0.530000    -0.0040549000    -0.0000140340    -0.0080025000    -0.0001399700     0.0018068000    -0.0000409550
 0.540000    -0.0037652000    -0.0000157050    -0.0084896000    -0.0001356400    -0.0040482000    -0.0000345570
 0.550000    -0.0034516000    -0.0000173210    -0.0089981000    -0.0001243000     0.0034451000    -0.0000235660
 0.560000    -0.0031134000    -0.0000188540    -0.0095385000    -0.0001120800     0.0023222000    -0.0000136410
 0.570000    -0.0027536000    -0.0000202610    -0.0101070000    -0.0000991110    -0.0025863000    -0.0000050612
 0.580000    -0.0023769000    -0.0000215200    -0.0107020000    -0.0000817510    -0.0043960000     0.0000060834
 0.590000    -0.0019776000    -0.0000225990    -0.0113330000    -0.0000628620    -0.0095685000     0.0000162120
 0.600000    -0.0015629000    -0.0000234860    -0.0119890000    -0.0000428170    -0.0192430000     0.0000290570
 0.610000    -0.0011281000    -0.0000241630    -0.0126790000    -0.0000230710    -0.0166990000     0.0000413090
 0.620000    -0.0006703800    -0.0000246160    -0.0134030000    -0.0000052389    -0.0219740000     0.0000479390
 0.630000    -0.0002047600    -0.0000248370    -0.0141550000     0.0000159770    -0.0282100000     0.0000563800
 0.640000     0.0002752600    -0.0000248280    -0.0149440000     0.0000382460    -0.0114290000     0.0000599370
 0.650000     0.0006260500    -0.0000245500    -0.0158840000     0.0000600760     0.0281290000     0.0000556820
 0.660000     0.0009170600    -0.0000239700    -0.0169230000     0.0000835950     0.0095420000     0.0000657870
 0.670000     0.0011941000    -0.0000231020    -0.0180080000     0.0001043400    -0.0101120000     0.0000733520
 0.680000     0.0015073000    -0.0000219550    -0.0191190000     0.0001253400    -0.0170000000     0.0000677800
 0.690000     0.0018908000    -0.0000205140    -0.0202460000     0.0001410200    -0.0103480000     0.0000587980
 0.700000     0.0023444000    -0.0000188450    -0.0213870000     0.0001502900    -0.0028504000     0.0000567010
 0.710000     0.0028904000    -0.0000170540    -0.0225240000     0.0001542800     0.0058534000     0.0000550320
 0.720000     0.0035111000    -0.0000152090    -0.0236500000     0.0001551300     0.0159050000     0.0000506100
 0.730000     0.0041985000    -0.0000133380    -0.0247920000     0.0001538700     0.0145050000     0.0000499300
 0.740000     0.0049263000    -0.0000114610    -0.0259650000     0.0001498700    -0.0064968000     0.0000453270
 0.750000     0.0056894000    -0.0000095844    -0.0271550000     0.0001446200    -0.0144880000     0.0000321700
 0.760000     0.0064973000    -0.0000077276    -0.0283590000     0.0001354800    -0.0180690000     0.0000163710
 0.770000     0.0073362000    -0.0000059404    -0.0295870000     0.0001243700    -0.0350800000     0.0000030762
 0.780000     0.0082028000    -0.0000042973    -0.0308470000     0.0001095100    -0.0447490000    -0.0000082933
 0.790000     0.0090875000    -0.0000028467    -0.0321300000     0.0000905760    -0.0610870000    -0.0000155430
 0.800000     0.0099848000    -0.0000016260    -0.0334370000     0.0000717290    -0.0921910000    -0.0000202240
 0.810000     0.0108650000    -0.0000006571    -0.0348040000     0.0000532080     0.0108180000    -0.0000258510
 0.820000     0.0115040000     0.0000000944    -0.0364320000     0.0000371680    -0.0448160000    -0.0000386040
 0.830000     0.0121550000     0.0000006132    -0.0381250000     0.0000165160    -0.0900160000    -0.0000454970
 0.840000     0.0128500000     0.0000008583    -0.0398030000    -0.0000047108    -0.0693760000    -0.0000528090
 0.850000     0.0137020000     0.0000008068    -0.0414520000    -0.0000271720    -0.0505810000    -0.0000679110
 0.860000     0.0146470000     0.0000004168    -0.0430980000    -0.0000513230    -0.0471230000    -0.0000697790
 0.870000     0.0156530000    -0.0000003052    -0.0447310000    -0.0000693530    -0.0668040000    -0.0000727540
 0.880000     0.0167550000    -0.0000012770    -0.0463460000    -0.0000835000    -0.0649670000    -0.0000694050
 0.890000     0.0179310000    -0.0000024338    -0.0479490000    -0.0000920340    -0.0949270000    -0.0000754240
 0.900000     0.0191460000    -0.0000037432    -0.0495570000    -0.0001005500    -0.0968120000    -0.0000765090
 0.910000     0.0204300000    -0.0000051708    -0.0511430000    -0.0001096000    -0.1418700000    -0.0000805930
 0.920000     0.0214480000    -0.0000067148    -0.0529640000    -0.0001135000    -0.2179400000    -0.0000774450
 0.930000     0.0224960000    -0.0000083551    -0.0549060000    -0.0001248800    -0.2838400000    -0.0000591450
 0.940000     0.0235820000    -0.0000102230    -0.0568200000    -0.0001337600    -0.2715000000    -0.0000574330
 0.950000     0.0247770000    -0.0000122230    -0.0586920000    -0.0001340700    -0.2409400000    -0.0000412430
 0.960000     0.0261130000    -0.0000142630    -0.0605440000    -0.0001344400    -0.2790100000    -0.0000189100
 0.970000     0.0275370000    -0.0000163540    -0.0623550000    -0.0001296300    -0.3053400000    -0.0000011452
 0.980000     0.0290630000    -0.0000183690    -0.0641050000    -0.0001248400    -0.3010600000     0.0000144340
 0.990000     0.0307020000    -0.0000203110    -0.0658020000    -0.0001133500    -0.3126000000     0.0000233830
 1.000000     0.0324370000    -0.0000221330    -0.0674400000    -0.0001082000    -0.3746200000     0.0000406690
 1.010000     0.0340410000    -0.0000236730    -0.0691790000    -0.0001028500    -0.8081800000     0.0000976460
 1.020000     0.0358130000    -0.0000250270    -0.0708910000    -0.0000929140    -0.8575500000     0.0001136900
 1.030000     0.0376400000    -0.0000259840    -0.0725100000    -0.0000559700    -0.8620000000     0.0001089000
 1.040000     0.0395680000    -0.0000263640    -0.0740540000    -0.0000228400    -0.8495100000     0.0001256600
 1.050000     0.0416380000    -0.0000261960    -0.0755020000     0.0000087624    -0.9109200000     0.0001411900
 1.060000     0.0437920000    -0.0000255400    -0.0768430000     0.0000382380    -0.9148400000     0.0001422300
 1.070000     0.0460430000    -0.0000244640    -0.0780630000     0.0000586410    -0.9008300000     0.0001306900
 1.080000     0.0483710000    -0.0000229380    -0.0791680000     0.0000836910    -1.0269000000     0.0001203400
 1.090000     0.0507780000    -0.0000210320    -0.0801250000     0.0001048800    -0.9576500000     0.0000989110
 1.100000     0.0533130000    -0.0000186800    -0.0809680000     0.0001316800    -0.9771800000     0.0000737050
 1.110000     0.0558370000    -0.0000158830    -0.0816780000     0.0001510400    -0.9482500000     0.0000624380
 1.120000     0.0584410000    -0.0000129110    -0.0822440000     0.0001598400    -0.9562100000     0.0000597560
 1.130000     0.0611320000    -0.0000097933    -0.0826310000     0.0001586000    -0.9813400000     0.0000499660
 1.140000     0.0638350000    -0.0000067177    -0.0828660000     0.0001615600    -0.9635800000     0.0000387140
 1.150000     0.0665600000    -0.0000036669    -0.0829270000     0.0001555300    -0.9574400000     0.0000091894
 1.160000     0.0692860000    -0.0000007143    -0.0827860000     0.0001476400    -0.9748400000    -0.0000125950
 1.170000     0.0720850000     0.0000020847    -0.0825130000     0.0001392100    -0.9788100000    -0.0000465930
 1.180000     0.0747800000     0.0000046415    -0.0820810000     0.0001202600    -0.9913900000    -0.0000706950
 1.190000     0.0774710000     0.0000068960    -0.0814830000     0.0001003200    -1.0078000000    -0.0000738120
 1.200000     0.0801740000     0.0000087366    -0.0806970000     0.0000721180    -1.0215000000    -0.0000902670
 1.210000     0.0828160000     0.0000101890    -0.0797450000     0.0000531330    -0.9864500000    -0.0000885870
 1.220000     0.0853750000     0.0000112450    -0.0786240000     0.0000255740    -0.9754000000    -0.0000933130
 1.230000     0.0878700000     0.0000116510    -0.0773330000    -0.0000242870    -0.9953400000    -0.0000834030
 1.240000     0.0903390000     0.0000113140    -0.0758970000    -0.0000600880    -0.9836400000    -0.0001025800
 1.250000     0.0926320000     0.0000104220    -0.0743430000    -0.0000929440    -0.9671000000    -0.0000998380
 1.260000     0.0948560000     0.0000090647    -0.0726360000    -0.0001192000    -0.9763800000    -0.0000915110
 1.270000     0.0970070000     0.0000072737    -0.0707760000    -0.0001487000    -0.9646300000    -0.0000888580
 1.280000     0.0990290000     0.0000051413    -0.0688090000    -0.0001690500    -0.9013500000    -0.0000581380
 1.290000     0.1009300000     0.0000025501    -0.0667460000    -0.0002072800    -0.8967400000    -0.0000454320
 1.300000     0.1027200000    -0.0000005837    -0.0645210000    -0.0002415500    -0.8880000000    -0.0000384420
 1.310000     0.1044500000    -0.0000040531    -0.0622650000    -0.0002404900    -0.6956800000    -0.0000435790
 1.320000     0.1060700000    -0.0000076542    -0.0599940000    -0.0002477400    -0.5526400000    -0.0000344640
 1.330000     0.1076400000    -0.0000112550    -0.0576160000    -0.0002453300    -0.5140300000    -0.0000101150
 1.340000     0.1091100000    -0.0000148580    -0.0551510000    -0.0002517700    -0.4505700000     0.0000043241
 1.350000     0.1104800000    -0.0000183740    -0.0526590000    -0.0002479500    -0.3685100000     0.0000282930
 1.360000     0.1117700000    -0.0000218910    -0.0501170000    -0.0002453700    -0.2721300000     0.0000321680
 1.370000     0.1130000000    -0.0000252010    -0.0474670000    -0.0002247100    -0.1732400000     0.0000140120
 1.380000     0.1142600000    -0.0000282150    -0.0449400000    -0.0001959800    -0.1145100000     0.0000105200
 1.390000     0.1155200000    -0.0000307510    -0.0424270000    -0.0001704900    -0.1318500000     0.0000262710
 1.400000     0.1167300000    -0.0000327500    -0.0398230000    -0.0001484400    -0.0848990000     0.0000463000
 1.410000     0.1178800000    -0.0000344840    -0.0371940000    -0.0001351200    -0.0428260000     0.0000562670
 1.420000     0.1190200000    -0.0000358240    -0.0345900000    -0.0001114800     0.0266480000     0.0000656710
 1.430000     0.1201700000    -0.0000367060    -0.0319380000    -0.0000639000     0.1666400000     0.0000610180
