1
1
10
0
(8 0
((0,0,0) (19,19,19) (0,0,0))
((20,0,0) (39,19,19) (0,0,0))
((0,20,0) (19,39,19) (0,0,0))
((20,20,0) (39,39,19) (0,0,0))
((0,0,20) (19,19,39) (0,0,0))
((20,0,20) (39,19,39) (0,0,0))
((0,20,20) (19,39,39) (0,0,0))
((20,20,20) (39,39,39) (0,0,0))
)
8
FabOnDisk: Cell_D_00000 0
FabOnDisk: Cell_D_00001 0
FabOnDisk: Cell_D_00002 0
FabOnDisk: Cell_D_00003 0
FabOnDisk: Cell_D_00004 0
FabOnDisk: Cell_D_00005 0
FabOnDisk: Cell_D_00006 0
FabOnDisk: Cell_D_00007 0

8,10
0.0000000000000000e+00,0.0000000000000000e+00,0.0000000000000000e+00,9.0737730253517612e-01,0.0000000000000000e+00,1.0000000000000000e+00,9.0737730253517612e-01,2.0000000000000002e-05,0.0000000000000000e+00,1.0000000000000000e+00,
0.0000000000000000e+00,0.0000000000000000e+00,0.0000000000000000e+00,9.0313918936370952e-01,0.0000000000000000e+00,1.0000000000000000e+00,9.0313918936370952e-01,2.0000000000000002e-05,0.0000000000000000e+00,1.0000000000000000e+00,
0.0000000000000000e+00,0.0000000000000000e+00,0.0000000000000000e+00,9.1449173290150043e-01,0.0000000000000000e+00,1.0000000000000000e+00,9.1449173290150043e-01,2.0000000000000002e-05,0.0000000000000000e+00,1.0000000000000000e+00,
0.0000000000000000e+00,0.0000000000000000e+00,0.0000000000000000e+00,9.0175817592765339e-01,0.0000000000000000e+00,1.0000000000000000e+00,9.0175817592765339e-01,2.0000000000000002e-05,0.0000000000000000e+00,1.0000000000000000e+00,
0.0000000000000000e+00,0.0000000000000000e+00,0.0000000000000000e+00,9.0848071264393315e-01,0.0000000000000000e+00,1.0000000000000000e+00,9.0848071264393315e-01,2.0000000000000002e-05,0.0000000000000000e+00,1.0000000000000000e+00,
0.0000000000000000e+00,0.0000000000000000e+00,0.0000000000000000e+00,9.0555040726913272e-01,0.0000000000000000e+00,1.0000000000000000e+00,9.0555040726913272e-01,2.0000000000000002e-05,0.0000000000000000e+00,1.0000000000000000e+00,
0.0000000000000000e+00,0.0000000000000000e+00,0.0000000000000000e+00,9.1670320435629804e-01,0.0000000000000000e+00,1.0000000000000000e+00,9.1670320435629804e-01,2.0000000000000002e-05,0.0000000000000000e+00,1.0000000000000000e+00,
0.0000000000000000e+00,0.0000000000000000e+00,0.0000000000000000e+00,9.0111984715630089e-01,0.0000000000000000e+00,1.0000000000000000e+00,9.0111984715630089e-01,2.0000000000000002e-05,0.0000000000000000e+00,1.0000000000000000e+00,

8,10
0.0000000000000000e+00,0.0000000000000000e+00,0.0000000000000000e+00,1.0000000000000000e+00,0.0000000000000000e+00,1.0000000000000000e+00,1.0000000000000000e+00,2.0000000000000002e-05,0.0000000000000000e+00,1.0000000000000000e+00,
0.0000000000000000e+00,0.0000000000000000e+00,0.0000000000000000e+00,1.0000000000000000e+00,0.0000000000000000e+00,1.0000000000000000e+00,1.0000000000000000e+00,2.0000000000000002e-05,0.0000000000000000e+00,1.0000000000000000e+00,
0.0000000000000000e+00,0.0000000000000000e+00,0.0000000000000000e+00,1.0000000000000000e+00,0.0000000000000000e+00,1.0000000000000000e+00,1.0000000000000000e+00,2.0000000000000002e-05,0.0000000000000000e+00,1.0000000000000000e+00,
0.0000000000000000e+00,0.0000000000000000e+00,0.0000000000000000e+00,1.0000000000000000e+00,0.0000000000000000e+00,1.0000000000000000e+00,1.0000000000000000e+00,2.0000000000000002e-05,0.0000000000000000e+00,1.0000000000000000e+00,
0.0000000000000000e+00,0.0000000000000000e+00,0.0000000000000000e+00,1.0000000000000000e+00,0.0000000000000000e+00,1.0000000000000000e+00,1.0000000000000000e+00,2.0000000000000002e-05,0.0000000000000000e+00,1.0000000000000000e+00,
0.0000000000000000e+00,0.0000000000000000e+00,0.0000000000000000e+00,1.0000000000000000e+00,0.0000000000000000e+00,1.0000000000000000e+00,1.0000000000000000e+00,2.0000000000000002e-05,0.0000000000000000e+00,1.0000000000000000e+00,
0.0000000000000000e+00,0.0000000000000000e+00,0.0000000000000000e+00,1.0000000000000000e+00,0.0000000000000000e+00,1.0000000000000000e+00,1.0000000000000000e+00,2.0000000000000002e-05,0.0000000000000000e+00,1.0000000000000000e+00,
0.0000000000000000e+00,0.0000000000000000e+00,0.0000000000000000e+00,1.0000000000000000e+00,0.0000000000000000e+00,1.0000000000000000e+00,1.0000000000000000e+00,2.0000000000000002e-05,0.0000000000000000e+00,1.0000000000000000e+00,

