Image#, Focus, Xposition, Yposition, Mtl.Removed
0, 2180.5, 62084.25,  52452.002, 0
1, 2179, 62084.25,  52452.002, -1.5
2, 2183.25, 62084.25,  52452.25, 2.75
3, 2180.75, 62084.25,  52451.75, 0.25
4, 2171.25, 62084.502,  52452.25, -9.25
5, 2176.5, 62084.25,  52452.002, -4
6, 2179.75, 62084.25,  52452.25, -0.75
7, 2181.25, 62084.25,  52452.002, 0.75
8, 2184, 62084.25,  52452.002, 3.5
9, 2188.25, 62084.502,  52452.25, 7.75
10, 2191.25, 62084.002,  52452.002, 10.75
11, 2195.5, 62084.25,  52452.002, 15
12, 2199, 62084.502,  52452.25, 18.5
13, 2203.25, 62084.502,  52452.25, 22.75
14, 2206, 62084.502,  52452.25, 25.5
15, 2211, 62084.25,  52452.25, 30.5
16, 2214.75, 62084.502,  52452.25, 34.25
17, 2218.75, 62084.502,  52452.25, 38.25
18, 2223, 62084.502,  52452.25, 42.5
19, 2228, 62084.502,  52452.25, 47.5
20, 2230.5, 62084.75,  52452.502, 50
21, 2235.75, 62084.25,  52452.002, 55.25
22, 2241.25, 62084.25,  52452.002, 60.75
23, 2245.5, 62084.502,  52452.25, 65
24, 2249, 62084.25,  52452.502, 68.5
25, 2254, 62084.25,  52452.25, 73.5
26, 2259.25, 62084.502,  52452.25, 78.75
27, 2264.25, 62084.75,  52452.002, 83.75
28, 2269, 62084.25,  52451.75, 88.5
29, 2272.75, 62084.25,  52452.002, 92.25
30, 2278.5, 62084.502,  52452.25, 98
31, 2283, 62084.25,  52452.25, 102.5
32, 2287.5, 62084.25,  52452.25, 107
33, 2291, 62084.25,  52452.002, 110.5
34, 2295.75, 62084.002,  52452.25, 115.25
35, 2301.5, 62084.25,  52452.002, 121
36, 2305.75, 62084.25,  52452.25, 125.25
37, 2309.5, 62084.502,  52451.75, 129
38, 2314.5, 62084.502,  52452.25, 134
39, 2318.75, 62084.25,  52452.25, 138.25
40, 2323.5, 62084.502,  52452.25, 143
41, 2328.25, 62084.25,  52452.502, 147.75
42, 2334.25, 62084.502,  52452.502, 153.75
43, 2338, 62084.002,  52452.25, 157.5
44, 2344.25, 62084.502,  52452.25, 163.75
45, 2348, 62084.25,  52452.502, 167.5
46, 2351.75, 62084.25,  52452.25, 171.25
47, 2357, 62084.002,  52452.25, 176.5
48, 2361.75, 62084.25,  52452.25, 181.25
49, 2367.75, 62084.502,  52452.25, 187.25
50, 2372.5, 62084.502,  52452.002, 192
51, 2378, 62084.25,  52452.25, 197.5
52, 2382, 62084.002,  52452.002, 201.5
53, 2387.25, 62084.75,  52452.502, 206.75
54, 2392.5, 62084.502,  52452.002, 212
55, 2395.75, 62084.75,  52452.002, 215.25
56, 2402.25, 62084.502,  52452.002, 221.75
57, 2406.75, 62084.002,  52452.002, 226.25
58, 2411.75, 62084.502,  52452.002, 231.25
59, 2416.25, 62084.502,  52451.75, 235.75
60, 2420.5, 62084.502,  52452.002, 240
61, 2428, 62084.502,  52452.25, 247.5
62, 2430, 62084.502,  52451.75, 249.5
