####
#
# OBJ File Generated by Meshlab
#
####
# Object boxes.obj
#
# Vertices: 46
# Faces: 24
####
####
#### Test File: OBJ without MTL file should still load.

vn 0.000000 0.000000 1.000000
vt 0.500000 0.500000
v 0.350000 0.350000 1.000000 0.752941 0.752941 0.752941
vn 0.000000 0.000000 1.000000
vt 0.500000 0.500000
v -0.350000 0.350000 1.000000 0.752941 0.752941 0.752941
vn 0.000000 0.000000 1.000000
vt 0.500000 0.500000
v 0.350000 -0.350000 1.000000 0.752941 0.752941 0.752941
vn 0.000000 0.000000 1.000000
vt 0.500000 0.500000
v -0.350000 -0.350000 1.000000 0.752941 0.752941 0.752941
vn 1.000000 0.000000 0.000000
vt 0.500000 0.500000
v 0.350000 0.350000 -1.000000 0.752941 0.752941 0.752941
vn -0.894427 0.447214 0.000000
vt 0.500000 0.500000
v -0.350000 0.350000 -1.000000 0.752941 0.752941 0.752941
vn 1.000000 0.000000 0.000000
vt 0.500000 0.500000
v 0.350000 -0.350000 -1.000000 0.752941 0.752941 0.752941
vn 0.000000 0.000000 -1.000000
vt 0.500000 0.500000
v -0.350000 -0.350000 -1.000000 0.752941 0.752941 0.752941
vn 1.000000 0.000000 0.000000
vt 0.500000 0.500000
v 0.350000 0.350000 1.000000 0.752941 0.752941 0.752941
vn 1.000000 0.000000 0.000000
vt 0.500000 0.500000
v 0.350000 -0.350000 1.000000 0.752941 0.752941 0.752941
vn 0.000000 1.000000 0.000000
vt 0.500000 0.500000
v 0.350000 0.350000 1.000000 0.752941 0.752941 0.752941
vn 0.000000 1.000000 0.000000
vt 0.500000 0.500000
v 0.350000 0.350000 -1.000000 0.752941 0.752941 0.752941
vn 0.000000 1.000000 0.000000
vt 0.500000 0.500000
v -0.350000 0.350000 1.000000 0.752941 0.752941 0.752941
vn 0.000000 0.000000 -1.000000
vt 0.500000 0.500000
v -0.350000 0.350000 -1.000000 0.752941 0.752941 0.752941
vn 0.000000 0.000000 -1.000000
vt 0.500000 0.500000
v 0.350000 -0.350000 -1.000000 0.752941 0.752941 0.752941
vn 0.000000 0.000000 -1.000000
vt 0.500000 0.500000
v 0.350000 0.350000 -1.000000 0.752941 0.752941 0.752941
vn 0.000000 -1.000000 0.000000
vt 0.500000 0.500000
v -0.350000 -0.350000 -1.000000 0.752941 0.752941 0.752941
vn 0.000000 -1.000000 0.000000
vt 0.500000 0.500000
v 0.350000 -0.350000 -1.000000 0.752941 0.752941 0.752941
vn 0.000000 -1.000000 0.000000
vt 0.500000 0.500000
v -0.350000 -0.350000 1.000000 0.752941 0.752941 0.752941
vn 0.000000 -1.000000 0.000000
vt 0.500000 0.500000
v 0.350000 -0.350000 1.000000 0.752941 0.752941 0.752941
vn -1.000000 0.000000 0.000000
vt 0.500000 0.500000
v -0.350000 -0.350000 -1.000000 0.752941 0.752941 0.752941
vn -1.000000 0.000000 0.000000
vt 0.500000 0.500000
v -0.350000 -0.350000 1.000000 0.752941 0.752941 0.752941
vn -1.000000 0.000000 0.000000
vt 0.500000 0.500000
v -0.350000 0.350000 1.000000 0.752941 0.752941 0.752941
vn 0.000000 0.000000 1.000000
vt 0.000000 1.000000
v 0.900000 0.150000 0.600000 0.752941 0.752941 0.752941
vn 0.000000 0.000000 1.000000
vt 0.000000 0.666667
v -0.900000 0.150000 0.600000 0.752941 0.752941 0.752941
vn 0.000000 0.000000 1.000000
vt 0.333333 1.000000
v 0.900000 -0.150000 0.600000 0.752941 0.752941 0.752941
vn 0.000000 0.000000 1.000000
vt 0.333333 0.666667
v -0.900000 -0.150000 0.600000 0.752941 0.752941 0.752941
vn 1.000000 0.000000 0.000000
vt 0.666667 1.000000
v 0.900000 0.150000 -0.600000 0.752941 0.752941 0.752941
vn -0.316228 0.948683 0.000000
vt 1.000000 0.666667
v -0.900000 0.150000 -0.600000 0.752941 0.752941 0.752941
vn 1.000000 0.000000 0.000000
vt 0.666667 0.666667
v 0.900000 -0.150000 -0.600000 0.752941 0.752941 0.752941
vn 0.000000 0.000000 -1.000000
vt 0.000000 0.666667
v -0.900000 -0.150000 -0.600000 0.752941 0.752941 0.752941
vn 1.000000 0.000000 0.000000
vt 0.333333 1.000000
v 0.900000 0.150000 0.600000 0.752941 0.752941 0.752941
vn 1.000000 0.000000 0.000000
vt 0.333333 0.666667
v 0.900000 -0.150000 0.600000 0.752941 0.752941 0.752941
vn 0.000000 1.000000 0.000000
vt 0.666667 1.000000
v 0.900000 0.150000 0.600000 0.752941 0.752941 0.752941
vn 0.000000 1.000000 0.000000
vt 0.666667 0.666667
v 0.900000 0.150000 -0.600000 0.752941 0.752941 0.752941
vn 0.000000 1.000000 0.000000
vt 1.000000 1.000000
v -0.900000 0.150000 0.600000 0.752941 0.752941 0.752941
vn 0.000000 0.000000 -1.000000
vt 0.000000 0.333333
v -0.900000 0.150000 -0.600000 0.752941 0.752941 0.752941
vn 0.000000 0.000000 -1.000000
vt 0.333333 0.666667
v 0.900000 -0.150000 -0.600000 0.752941 0.752941 0.752941
vn 0.000000 0.000000 -1.000000
vt 0.333333 0.333333
v 0.900000 0.150000 -0.600000 0.752941 0.752941 0.752941
vn 0.000000 -1.000000 0.000000
vt 0.333333 0.666667
v -0.900000 -0.150000 -0.600000 0.752941 0.752941 0.752941
vn 0.000000 -1.000000 0.000000
vt 0.333333 0.333333
v 0.900000 -0.150000 -0.600000 0.752941 0.752941 0.752941
vn 0.000000 -1.000000 0.000000
vt 0.666667 0.666667
v -0.900000 -0.150000 0.600000 0.752941 0.752941 0.752941
vn 0.000000 -1.000000 0.000000
vt 0.666667 0.333333
v 0.900000 -0.150000 0.600000 0.752941 0.752941 0.752941
vn -1.000000 0.000000 0.000000
vt 0.666667 0.666667
v -0.900000 -0.150000 -0.600000 0.752941 0.752941 0.752941
vn -1.000000 0.000000 0.000000
vt 0.666667 0.333333
v -0.900000 -0.150000 0.600000 0.752941 0.752941 0.752941
vn -1.000000 0.000000 0.000000
vt 1.000000 0.333333
v -0.900000 0.150000 0.600000 0.752941 0.752941 0.752941
# 46 vertices, 0 vertices normals

# End of File
